800 4775 2400
19 20 5 20 18 21 19 19 8 12 5 21 8 17 22 25 25 5 17 11 19 13 12 23 5 25 6 23 21 22 21 19 17 22 9 12 25 25 16 22 6 18 7 25 22 5 5 9 18 25 14 25 16 25 13 15 25 16 5 23 17 11 11 15 11 8 23 25 20 17 20 22 14 16 20 5 17 17 22 20 25 14 16 11 16 14 11 23 7 23 11 25 22 24 20 16 17 21 21 9 11 21 25 6 12 12 16 13 19 12 12 25 11 9 18 15 13 6 25 15 14 17 20 14 18 19 13 6 17 5 19 12 17 14 19 18 15 11 24 7 24 13 7 19 5 8 15 24 18 16 11 23 23 22 16 20 6 18 17 21 11 9 15 17 14 5 18 7 8 15 6 12 20 18 15 14 5 13 14 7 6 10 11 17 6 15 18 21 13 19 16 8 13 10 7 10 9 21 25 19 9 7 5 18 18 11 17 14 18 12 13 10 7 25 10 19 6 14 17 6 16 24 16 23 18 10 14 12 15 5 24 17 14 8 24 12 11 6 20 10 12 23 20 10 16 24 21 18 9 19 5 13 20 20 5 6 17 22 5 21 17 18 11 24 25 23 18 23 25 8 15 7 5 12 10 9 14 14 18 5 23 5 6 11 22 16 14 23 7 22 13 5 13 19 18 10 23 22 25 9 10 19 20 6 15 17 21 23 18 6 25 18 13 22 17 21 13 20 24 15 8 9 9 10 16 22 15 10 23 25 12 19 23 15 23 8 15 23 25 19 24 18 11 7 12 9 5 25 17 18 17 8 6 19 20 13 17 21 21 5 21 19 6 20 16 15 10 13 22 21 21 19 16 21 23 17 25 9 23 22 23 16 10 5 18 20 20 9 20 21 21 6 5 11 11 8 16 12 16 24 21 8 21 14 12 19 20 21 19 14 5 7 18 17 10 9 13 12 12 6 10 25 24 17 24 17 19 16 8 7 9 21 8 21 10 18 8 10 24 21 21 15 25 7 25 20 22 17 5 13 15 12 9 18 25 14 14 22 10 18 15 10 12 18 23 14 17 19 9 17 21 8 24 24 20 13 13 20 7 5 6 5 13 20 6 14 23 22 23 11 17 12 25 15 22 11 9 5 15 16 8 10 9 15 22 10 13 17 8 11 25 11 8 16 10 16 16 5 13 13 24 6 15 6 20 20 9 12 20 19 12 15 24 12 22 15 9 18 5 20 7 25 13 14 17 7 13 6 7 18 18 23 23 10 7 6 17 11 14 5 20 22 22 16 21 5 12 11 6 18 20 23 19 15 14 14 15 10 5 9 16 19 8 10 20 6 21 18 11 19 19 9 21 24 14 8 21 13 16 21 23 5 17 7 19 5 13 22 15 22 5 10 25 5 6 23 19 8 22 6 13 22 21 25 14 25 16 8 21 23 13 17 13 22 10 16 12 19 12 22 8 16 20 5 22 23 11 21 18 25 22 16 14 14 12 10 20 11 5 24 7 10 17 14 23 21 23 19 7 16 14 24 23 6 14 18 19 12 25 25 18 13 19 19 15 6 17 13 22 13 12 11 7 18 8 18 24 18 11 24 14 14 5 25 14 9 23 5 15 25 11 10 10 5 17 11 22 5 17 6 11 11 9 13 17 8 6 9 21 15 10 10 13 20 14 10 21 24 14 15 6 15 11 5 20 20 14 22 9 14 8 14 22 5 24 17 10 10 20 10 20 22 18 19 11 11 11 16 21 7 7 25 12 6 20 8 19 19 14 16 21 13 13 23 24 15 14 21 5 6 9 6 12 22 9 21 8 25 6 9
3 7 5 15 9 13 9 14 11 16 5 13 4 6 8 14 8 8 3 5 7 9 16 17 8 12 17 8 12 4 11 10 9 5 19 12 17 14 9 10 16 13 20 20 18 20 20 19 10 10 9 5 12 12 5 6 11 20 10 11 19 19 16 10 6 8 7 11 20 20 17 9 12 20 16 11 10 3 5 7 7 17 11 11 9 4 6 4 20 4 3 18 18 5 15 20 7 15 5 9 16 19 9 5 11 13 4 9 11 15 4 13 18 4 9 15 15 4 6 6 20 19 13 9 19 5 15 12 19 15 5 18 6 7 11 3 3 20 10 7 17 6 16 5 20 4 9 3 6 6 15 16 3 20 18 12 8 9 9 8 7 16 20 10 15 10 3 16 11 20 14 14 5 6 20 10 19 19 8 12 4 19 6 5 4 15 3 18 11 14 5 13 19 6 13 10 15 20 18 11 10 20 5 9 17 7 20 8 4 18 20 17 5 5 7 20 19 3 9 11 9 19 10 4 17 20 18 13 13 6 19 16 5 11 8 7 7 7 8 16 20 13 6 20 4 17 9 7 17 13 4 14 5 14 15 15 10 17 6 7 11 19 13 17 16 5 5 13 12 3 5 13 20 19 9 11 14 14 12 20 6 3 6 18 6 7 10 9 4 11 7 19 13 13 17 16 11 15 11 18 19 6 8 8 17 18 12 20 13 4 4 3 14 19 6 11 14 7 7 10 7 3 8 17 8 12 3 5 4 4 15 12 18 17 16 6 14 9 13 12 12 16 9 3 11 10 12 18 5 3 9 5 6 15 19 8 9 11 20 18 19 16 6 3 6 10 4 11 6 7 17 8 9 3 12 17 10 18 13 19 7 18 3 19 18 19 11 10 18 10 3 13 10 16 20 17 5 7 16 17 9 4 18 6 8 11 6 14 4 20 9 16 10 17 17 14 6 14 3 13 20 8 20 14 5 5 20 5 17 19 19 20 16 14 7 4 20 12 4 8 20 7 12 18 4 11 12 14 10 10 9 18 14 14 17 9 6 20 4 20 17 10 6 11 9 4 12 18 11 5 4 16 8 17 3 3 6 12 20 18 13 12 3 6 17 18 11 12 18 7 10 9 16 18 8 12 6 14 16 19 3 17 11 20 14 5 17 15 11 8 3 13 5 8 9 8 6 12 5 15 5 4 12 9 7 14 13 4 4 7 8 7 16 4 16 11 14 20 10 7 9 8 17 10 5 14 4 4 4 4 13 12 11 16 13 10 18 4 19 11 8 18 6 4 19 17 9 11 20 17 14 9 14 19 10 17 10 20 10 20 6 8 13 19 6 19 19 17 18 9 11 8 5 10 13 9 3 16 11 6 6 19 15 10 14 9 10 11 18 7 8 19 12 5 9 14 13 20 17 18 7 16 11 13 14 16 14 13 4 3 20 8 14 11 11 12 10 20 14 13 12 13 6 13 16 6 14 15 14 8 6 13 7 4 8 7 9 13 15 6 19 13 19 3 9 12 3 8 4 8 12 14 18 7 15 19 10 15 8 13 7 14 11 9 13 14 3 7 5 10 11 16 14 13 10 18 7 15 19 3 5 10 11 10 13 12 17 16 5 17 18 11 10 4 7 3 6 16 19 17 16 14 19 16 8 8 17 4 20 8 3 16 11 5 5 5 9 5 18 12 3 19 12 19 10 13 17 10 19 18 19 3 8 16 20 14 5 8 10 11 13 4 17 11 10 18 14 19 14 6 7 10 6 3 13 9 13 9 7 16 6 9 6 5 7 17 3 14 12 11 13 15 9 20 11 13 20 6 3 8
158 188
545 593
400 398
606 365
164 134
590 497
481 215
357 213
309 728
88 279
406 542
22 520
115 398
189 173
474 552
113 109
340 770
756 159
156 784
629 341
217 457
110 206
96 518
323 64
627 80
514 136
758 196
424 162
390 168
296 694
149 797
140 407
688 210
419 494
164 770
21 470
373 508
311 755
788 558
646 558
728 677
38 640
18 246
450 243
606 28
473 45
28 668
91 217
43 400
270 462
229 529
320 463
305 505
214 693
11 400
664 265
303 726
627 732
520 459
300 353
589 134
218 722
698 332
10 623
253 360
6 682
664 180
536 201
726 141
489 559
405 30
546 139
476 116
262 417
513 517
481 341
716 433
187 543
552 374
656 77
296 270
652 20
701 40
363 430
257 654
288 346
445 18
332 291
25 323
284 572
210 267
701 387
301 380
118 186
15 763
483 328
553 537
620 338
31 498
87 675
6 373
93 136
764 726
534 163
218 317
351 526
621 81
606 722
166 661
94 85
310 576
184 59
313 228
377 234
204 269
302 555
737 309
153 484
315 511
317 368
36 650
491 694
733 593
156 348
564 736
232 364
384 600
793 157
587 732
587 188
554 433
579 198
538 692
425 271
797 67
476 647
608 171
36 7
38 525
392 300
770 637
741 621
671 667
156 436
364 365
192 552
482 219
250 147
740 88
617 568
732 316
701 383
190 775
447 368
702 138
302 630
313 33
284 26
526 104
251 616
770 652
540 503
407 617
32 128
682 369
647 579
529 9
738 181
786 223
755 210
795 258
500 702
75 253
780 145
456 777
87 648
142 8
489 169
126 271
109 431
620 491
234 350
80 758
458 671
561 29
227 240
377 541
317 172
492 481
786 376
708 40
199 735
440 258
120 166
35 733
528 779
50 462
783 233
106 174
588 578
292 152
251 736
556 464
299 591
293 408
508 458
85 454
628 334
301 110
89 622
309 534
414 514
94 60
69 113
511 458
108 68
202 322
63 581
176 590
411 191
477 57
61 133
520 21
666 417
301 741
793 262
463 126
55 12
11 685
180 255
116 150
23 266
78 773
350 44
652 578
34 436
750 497
6 3
255 573
433 666
216 475
306 322
328 400
572 223
338 669
109 367
180 741
145 578
300 246
502 308
522 299
450 439
70 411
373 220
274 789
180 573
279 657
320 219
578 311
282 458
0 604
558 296
345 371
394 522
685 718
303 40
676 157
529 160
668 555
56 402
509 339
472 14
697 529
263 37
223 454
60 544
520 509
43 720
236 578
25 316
178 782
383 700
452 150
201 733
527 425
528 321
269 482
380 74
635 585
294 416
413 518
35 533
466 78
763 526
370 669
641 306
198 745
91 781
39 716
344 399
142 659
415 203
560 65
642 725
153 448
65 227
434 799
464 776
95 119
450 517
569 774
477 696
372 556
16 368
608 0
796 424
278 262
586 691
82 320
559 499
411 680
359 274
80 43
497 114
302 697
284 771
326 10
154 308
117 220
143 211
133 47
287 169
534 313
292 242
27 146
642 512
637 518
728 742
180 446
792 96
563 21
485 578
110 441
481 610
775 65
188 498
178 225
231 400
66 208
518 670
502 428
360 529
371 579
476 764
248 87
744 780
590 349
398 628
494 14
336 157
145 537
244 72
171 585
696 344
544 14
1 611
330 778
382 694
595 436
59 774
68 221
561 558
500 151
667 143
312 626
232 181
774 315
208 591
661 190
168 137
351 491
424 441
540 277
630 777
479 3
10 168
738 50
50 254
401 428
738 563
502 5
439 177
236 200
632 693
137 744
658 536
108 180
577 578
93 134
577 548
523 742
676 764
574 265
795 764
225 659
640 206
380 327
601 572
68 264
143 4
661 316
586 340
785 14
174 158
124 563
270 637
232 615
206 95
256 389
125 376
638 520
6 793
515 145
478 620
687 356
666 250
335 55
428 408
770 443
118 280
578 72
797 556
315 174
370 481
601 399
249 574
304 269
453 167
768 627
18 544
52 180
111 685
624 256
194 722
325 100
121 760
731 623
643 397
708 472
440 628
324 142
103 557
106 798
488 288
444 240
444 316
403 661
88 168
206 100
614 401
20 306
421 108
386 479
171 14
543 670
760 206
314 198
276 116
17 607
153 369
143 732
640 452
42 371
733 406
249 653
70 463
696 775
3 467
739 489
473 41
249 301
50 183
363 73
158 113
260 228
685 230
340 336
416 57
438 654
224 621
288 365
12 654
511 380
325 229
287 338
83 713
675 604
178 605
603 195
118 443
562 550
127 653
628 588
97 629
710 582
120 685
295 699
733 78
466 402
21 65
425 664
32 537
665 709
159 212
351 9
90 627
779 334
519 391
112 569
725 112
742 44
22 43
576 711
54 95
400 634
23 470
115 674
547 421
757 619
48 186
559 82
257 308
389 676
457 749
488 238
598 399
3 317
529 663
761 14
326 598
287 274
118 329
413 203
434 797
511 90
247 777
411 770
667 360
528 540
166 178
128 137
324 129
48 790
782 705
560 662
462 261
333 473
299 460
252 673
675 563
87 102
670 645
627 487
653 785
457 637
429 706
646 600
136 629
86 64
178 133
110 235
89 417
517 461
501 201
232 725
95 422
58 576
610 425
94 403
588 331
607 74
719 2
277 380
666 253
758 564
759 580
428 29
578 665
271 739
224 520
435 634
115 794
79 201
547 536
466 247
782 656
556 211
590 43
505 569
334 642
50 385
657 449
210 619
627 702
42 428
272 573
325 720
117 526
175 146
565 274
436 714
598 123
143 395
96 693
707 144
114 57
413 339
377 321
376 668
798 266
188 513
11 602
215 416
430 571
131 406
347 251
284 441
109 766
433 173
485 224
743 781
687 6
261 276
681 477
505 457
579 600
652 88
643 249
44 654
454 247
665 98
220 491
70 8
310 107
328 695
172 754
156 634
779 344
214 324
63 91
455 521
557 64
220 154
475 649
79 49
479 592
695 663
528 496
691 14
201 487
164 459
226 762
74 112
677 694
256 230
190 797
68 492
522 793
221 358
732 720
170 525
313 81
385 574
328 110
654 81
614 703
565 110
190 251
362 97
118 301
71 154
179 786
671 140
128 30
186 383
635 688
708 538
648 583
498 297
374 51
513 225
241 305
407 661
211 412
648 645
371 104
664 38
51 111
274 417
786 3
636 88
19 322
483 345
280 110
550 599
449 483
437 638
128 571
34 788
569 190
409 580
314 431
623 192
719 505
328 443
60 406
697 321
620 769
357 42
478 315
653 543
187 117
92 452
528 771
627 509
381 271
741 681
611 90
512 633
72 287
95 336
720 322
769 765
664 554
489 652
588 13
25 245
203 342
179 467
722 58
183 7
778 739
38 794
74 527
353 267
415 767
429 775
404 17
730 714
246 552
613 598
465 609
287 582
418 184
456 324
781 140
1 348
269 732
275 130
383 56
145 318
404 410
475 481
444 772
721 544
627 705
659 97
250 413
763 481
413 482
495 230
120 84
677 467
346 47
720 537
452 17
60 19
5 189
142 162
262 478
564 170
103 670
31 313
556 393
647 766
317 168
195 366
262 503
289 247
516 774
711 230
78 725
718 603
553 483
677 298
630 380
649 46
298 758
155 121
148 266
624 697
295 517
689 688
462 38
499 387
105 280
337 512
729 140
377 761
406 482
397 267
670 229
287 330
451 212
551 299
660 782
688 226
528 389
416 612
581 617
298 484
784 621
505 650
736 722
636 585
121 519
66 206
124 153
175 472
150 82
27 562
223 659
200 257
367 679
77 129
484 656
21 798
553 648
57 155
388 456
376 233
437 729
487 620
700 249
335 68
107 616
798 467
745 603
11 403
775 269
126 155
482 104
94 272
105 203
767 614
449 469
785 638
343 440
35 196
301 7
342 722
476 44
464 336
624 647
1 271
98 424
355 368
405 536
88 675
574 178
351 89
562 460
429 684
632 720
571 359
280 216
792 575
267 295
594 159
741 236
665 569
221 465
199 286
536 18
734 263
298 763
599 507
550 219
792 308
503 375
181 685
147 354
782 392
444 122
351 298
62 736
160 671
775 283
518 710
256 231
664 195
149 337
542 591
220 111
601 60
258 64
216 700
126 389
62 239
105 763
458 506
263 408
405 257
546 517
566 652
157 677
585 596
597 177
59 121
264 424
289 428
265 659
307 701
658 762
633 171
170 568
360 110
691 212
269 764
441 366
697 631
417 575
667 157
652 676
380 192
672 322
283 138
355 680
189 109
318 119
154 178
591 150
468 123
88 232
799 384
54 150
157 106
665 459
632 730
764 230
437 734
494 667
9 358
449 362
126 107
759 245
28 351
252 751
308 462
387 566
61 630
466 752
508 94
50 722
473 550
686 486
496 418
178 761
574 231
299 119
151 34
564 488
54 352
111 463
459 589
85 514
100 227
340 182
702 123
484 14
543 50
199 757
213 672
523 636
187 449
134 485
608 463
163 596
723 487
88 419
681 82
188 726
273 665
287 600
215 84
197 421
768 241
93 759
366 155
587 411
139 531
124 680
93 103
26 71
485 662
353 335
500 197
338 583
430 726
213 209
787 337
148 170
522 230
537 109
14 788
265 685
562 727
332 325
336 733
546 612
62 53
693 586
235 668
365 661
195 521
69 428
406 36
593 556
580 491
230 660
317 394
402 448
115 131
130 567
318 274
709 92
267 31
12 632
243 153
388 53
133 156
102 257
525 643
331 302
232 431
240 574
734 614
397 461
563 163
27 200
623 198
483 447
215 742
690 430
122 98
140 247
13 99
172 99
100 472
241 492
9 345
717 71
89 149
49 444
387 652
598 533
329 710
367 699
83 689
325 294
665 393
269 497
556 671
534 38
4 736
472 221
506 99
27 504
632 678
509 370
736 534
397 104
761 102
403 24
388 643
153 734
719 110
62 198
478 589
305 514
100 789
395 463
196 355
425 788
797 151
475 684
477 361
771 583
553 32
580 707
484 199
607 206
40 683
414 613
236 278
389 585
131 48
683 712
90 576
395 206
295 724
674 670
713 174
181 785
466 720
500 7
360 395
89 560
770 698
596 718
98 71
495 464
27 468
401 372
743 645
726 405
182 497
695 455
248 75
182 768
476 219
113 742
237 24
231 425
293 708
116 497
469 669
606 440
221 627
448 375
496 629
618 176
75 339
180 747
705 490
694 423
523 766
202 384
112 751
447 172
207 547
81 311
681 222
695 147
173 699
104 286
159 723
172 507
633 524
185 796
500 171
81 300
155 640
530 141
575 167
250 489
611 75
673 67
755 299
394 157
252 331
549 799
689 492
362 700
37 551
256 440
590 83
350 465
88 668
724 384
226 38
267 507
9 468
95 415
10 505
175 271
227 714
343 2
64 365
296 503
237 446
794 612
415 6
711 788
568 421
582 389
313 5
20 685
632 659
794 643
337 160
132 786
41 59
208 29
200 300
702 43
560 79
762 428
753 109
156 134
504 293
764 24
518 603
773 467
449 643
427 416
173 686
761 156
495 641
732 275
64 51
382 470
670 559
662 694
442 293
433 103
581 607
206 685
414 31
773 710
471 342
121 87
61 470
631 458
671 306
290 604
368 292
760 602
223 550
193 294
271 412
24 473
713 711
564 545
381 14
25 573
369 651
513 370
53 112
145 696
208 749
704 572
439 715
408 374
274 328
435 475
733 28
430 231
342 398
653 132
363 561
757 437
784 583
256 140
215 548
646 3
759 760
11 661
369 744
753 655
618 447
86 508
244 362
743 371
237 748
370 150
679 757
105 359
322 736
325 159
337 519
281 779
42 398
208 578
795 292
82 331
481 611
331 491
479 131
27 496
309 707
539 295
745 535
769 684
288 270
111 213
424 192
170 143
116 525
608 668
507 667
223 336
535 207
737 424
189 314
659 392
396 401
5 590
86 692
553 389
427 149
510 143
263 767
261 719
628 360
488 430
636 240
384 635
792 474
210 111
593 298
406 690
284 88
340 752
702 514
131 156
197 331
521 316
139 219
716 609
149 636
408 655
11 322
614 518
156 252
5 533
616 161
496 352
413 183
20 234
71 149
610 409
781 70
15 187
736 467
670 763
632 691
583 685
501 645
595 203
209 742
482 411
287 263
157 507
188 69
117 267
564 7
38 384
793 325
215 97
296 376
89 333
387 192
619 600
184 463
443 123
173 181
640 96
646 186
430 655
658 490
436 482
123 470
260 572
79 178
659 602
656 429
52 758
353 173
188 20
634 123
481 684
509 477
388 286
491 472
355 239
735 779
748 219
65 277
140 708
521 361
499 69
268 346
355 780
675 511
576 596
757 68
414 349
219 182
465 665
658 47
375 367
217 423
224 302
423 513
522 180
366 33
573 443
420 565
6 316
710 682
225 472
345 702
541 411
318 348
6 121
717 127
371 437
429 269
575 154
68 465
620 405
34 641
659 250
734 202
92 431
795 149
453 135
668 581
567 19
169 651
625 289
479 777
18 249
27 179
254 261
209 273
347 126
794 180
125 482
720 150
652 22
519 180
549 142
605 11
569 500
420 42
404 246
765 556
164 706
418 244
588 216
558 27
550 192
549 354
69 715
44 726
537 745
750 491
286 565
199 444
521 7
143 359
381 309
559 527
430 281
611 18
247 706
232 640
10 338
720 625
138 679
411 472
498 293
403 514
65 704
333 701
638 476
756 544
2 143
365 677
39 309
487 539
688 153
37 179
539 644
774 670
161 190
273 594
113 260
510 213
383 34
540 243
682 596
764 670
375 402
316 731
122 52
752 40
496 48
27 149
85 427
308 416
514 476
184 66
330 700
146 290
289 182
395 514
418 288
729 227
431 460
347 154
70 566
263 487
478 486
497 673
508 150
166 177
264 669
694 30
728 49
437 219
705 795
609 537
397 660
267 608
441 477
565 200
11 477
97 211
610 199
180 87
718 62
1 589
400 647
115 362
498 132
296 363
399 291
102 786
546 699
669 443
645 31
296 757
729 2
230 677
358 694
398 408
278 705
65 247
758 204
250 35
774 93
648 749
233 316
768 411
797 16
641 349
308 118
774 570
574 161
691 492
718 716
232 556
336 72
370 202
185 31
158 614
731 362
381 66
207 461
430 379
100 46
91 139
612 477
344 628
143 381
189 37
509 783
486 463
540 227
168 184
602 355
148 345
0 554
267 526
566 378
35 24
143 585
3 474
489 282
680 587
758 651
236 770
44 187
410 400
148 281
483 497
239 529
145 132
124 393
384 247
440 450
231 238
302 748
701 602
637 365
501 587
635 492
468 297
495 773
411 725
448 766
227 289
136 177
183 255
145 291
199 574
83 288
467 39
792 441
352 613
556 539
686 740
641 454
267 637
592 545
34 779
333 543
709 684
228 663
697 361
797 426
256 311
242 632
712 531
649 388
445 663
433 114
774 243
233 740
294 69
751 533
405 321
697 144
31 114
275 489
199 53
401 217
137 57
117 208
330 366
478 215
422 331
202 780
749 76
722 60
702 610
554 198
292 538
403 178
617 549
513 218
72 432
262 255
173 9
264 704
584 218
278 301
466 100
738 162
217 549
708 143
628 20
270 653
142 448
545 452
323 680
401 710
311 176
520 750
719 177
669 136
541 382
116 252
452 4
725 77
517 308
340 278
726 242
346 311
387 655
235 714
275 647
396 520
341 306
648 132
14 74
600 55
562 565
171 608
283 617
198 443
271 615
619 263
609 391
148 416
518 333
771 724
428 338
611 225
90 84
187 89
407 142
353 619
646 573
272 556
535 652
4 632
197 640
118 494
29 463
39 503
257 247
329 370
396 756
582 712
351 604
597 282
174 465
617 311
396 497
127 704
349 566
729 132
126 305
70 704
169 158
649 611
8 325
732 480
720 108
49 296
218 770
447 799
71 774
612 481
435 663
198 250
261 84
576 650
412 579
226 750
656 316
3 285
471 93
31 654
82 139
436 280
404 556
276 176
438 674
675 220
550 54
137 790
773 651
754 601
235 258
285 286
549 379
284 549
99 752
266 63
371 537
184 478
82 703
565 694
84 204
525 226
439 566
603 304
764 332
277 763
291 207
394 109
454 104
797 170
143 796
269 299
342 435
119 312
291 528
94 689
560 670
173 69
142 429
141 356
704 725
643 56
369 584
749 427
84 510
686 485
794 788
70 506
189 201
406 220
383 287
662 427
796 283
665 22
131 389
611 10
153 709
297 693
6 264
470 93
352 163
738 398
655 694
409 149
680 789
685 778
530 234
277 290
303 38
78 132
473 435
583 506
40 540
357 670
544 507
70 503
403 779
93 301
695 204
324 615
583 544
249 735
778 382
597 76
367 298
191 154
434 426
711 173
482 283
115 229
408 463
57 301
73 387
630 503
489 14
290 566
493 133
478 145
782 53
546 118
774 263
570 364
269 301
124 656
642 747
602 107
431 235
613 397
632 681
531 370
531 630
563 648
443 514
194 528
436 795
327 285
523 464
767 514
315 242
127 646
308 592
389 772
698 571
699 571
509 312
572 249
748 551
668 672
558 90
272 451
243 697
140 701
258 4
181 794
511 524
348 394
569 301
713 144
350 79
709 347
531 258
167 685
711 290
596 178
618 84
215 264
167 265
307 725
728 182
623 217
262 77
668 273
765 352
529 633
152 147
636 166
166 198
705 454
505 503
375 437
708 276
133 397
194 349
710 32
529 226
213 420
356 705
787 365
553 374
348 628
216 196
404 789
782 776
429 456
79 81
1 516
644 748
439 136
130 767
471 159
129 666
610 162
748 315
326 0
73 98
110 166
492 527
448 299
549 136
400 259
91 71
292 296
751 513
474 661
748 782
47 762
564 730
531 549
450 61
343 303
335 363
135 507
683 386
458 756
794 359
258 781
105 246
777 206
307 92
389 661
184 354
13 289
259 635
631 645
266 776
342 717
298 656
266 660
620 195
406 318
204 449
106 325
496 225
248 190
712 729
291 250
204 578
721 586
359 701
206 456
286 79
26 33
30 259
764 286
506 190
156 349
279 713
337 453
487 369
220 560
110 653
458 256
0 550
399 298
630 361
204 12
647 242
481 668
254 657
50 186
786 672
258 732
86 238
225 129
447 59
369 88
636 402
654 570
734 676
285 787
261 64
87 169
26 780
511 389
284 421
721 614
106 143
496 475
119 428
560 212
556 760
49 502
555 291
796 697
391 97
150 208
165 692
133 340
431 510
4 655
761 643
666 541
152 108
286 281
126 491
41 158
453 298
196 689
396 347
154 306
52 312
210 735
148 303
590 268
20 258
644 479
386 61
555 175
68 793
468 694
483 544
633 60
774 418
405 76
681 294
295 776
256 163
103 220
686 588
788 154
785 352
690 689
348 160
543 115
193 501
662 181
55 576
263 419
150 329
518 509
26 754
168 62
618 491
255 540
388 419
178 439
735 326
233 640
563 209
407 793
465 474
694 334
662 91
683 768
286 678
754 649
432 135
499 283
579 667
402 555
15 5
263 535
373 241
544 557
449 151
336 625
732 185
396 420
451 576
538 283
578 70
424 705
239 697
375 674
778 400
0 16
342 552
332 563
55 336
520 152
190 755
600 146
22 329
128 682
205 608
558 619
474 258
307 131
117 660
340 643
792 708
289 293
42 310
114 40
738 31
199 341
488 776
235 503
373 534
318 306
138 284
447 544
17 485
71 91
130 528
57 182
521 56
203 415
398 318
259 117
439 550
504 87
556 595
217 69
657 655
204 673
252 162
93 18
450 120
675 771
713 457
325 377
507 43
704 204
438 566
269 39
361 513
186 446
265 612
200 486
160 736
656 44
536 792
78 645
258 478
375 582
585 277
722 470
424 638
676 713
120 645
792 38
773 272
356 302
320 10
633 793
449 392
197 576
630 477
574 303
209 475
277 427
495 642
548 363
434 779
263 144
739 288
435 797
443 428
566 764
321 692
579 780
610 707
279 332
520 298
781 507
319 523
225 643
369 740
565 355
537 203
358 128
138 32
561 235
506 171
491 300
275 335
721 98
69 12
454 692
121 93
703 762
182 713
168 485
591 318
165 458
695 463
388 391
566 232
512 663
475 229
95 782
387 747
147 327
302 108
273 655
75 125
225 172
645 329
761 105
426 334
490 651
698 725
744 579
456 211
324 432
561 740
783 126
185 207
689 381
754 410
767 533
176 584
123 595
759 464
245 475
431 67
146 48
32 571
255 335
435 635
327 519
588 769
421 99
119 132
315 360
755 167
302 505
299 28
201 700
605 426
610 757
427 743
789 673
106 26
745 53
589 341
759 359
429 138
426 577
523 36
183 217
184 529
410 32
270 636
147 117
551 257
3 565
583 523
764 19
796 209
439 749
286 640
29 209
409 377
479 399
291 694
758 96
753 369
334 536
351 148
766 528
226 502
67 416
403 716
299 292
700 577
369 483
205 763
200 125
180 758
119 162
460 87
92 460
449 676
82 536
524 415
220 784
710 364
251 689
233 479
168 453
348 404
202 78
216 201
386 465
338 775
642 42
144 419
205 180
515 148
311 578
559 697
526 549
169 166
688 696
699 301
494 474
186 451
255 23
413 240
692 433
235 409
174 347
538 334
172 637
695 575
447 11
373 662
314 785
382 378
387 398
703 504
739 289
142 678
433 34
598 55
590 240
337 656
69 184
21 521
275 35
33 198
153 191
421 87
476 565
763 550
28 182
78 534
33 500
410 379
731 512
379 284
38 708
524 206
532 121
465 703
311 13
556 703
77 385
338 797
616 790
178 699
7 248
730 764
726 624
665 414
274 49
234 452
53 612
304 733
107 81
578 162
658 212
631 227
494 148
463 417
48 118
505 390
268 316
310 538
763 398
629 30
611 531
407 628
106 735
606 718
79 328
51 690
661 621
92 42
563 624
673 786
496 296
612 709
159 17
338 563
414 552
292 309
269 183
680 747
142 56
141 235
799 12
523 459
712 597
210 612
176 374
602 209
301 632
401 354
432 309
462 619
178 46
383 599
526 605
540 354
786 750
678 473
441 454
726 515
10 353
518 600
208 98
169 727
743 653
349 602
293 168
225 431
370 717
48 153
287 567
60 499
115 337
620 72
381 33
260 524
320 80
502 627
440 400
501 274
12 213
454 560
116 475
84 372
452 228
710 511
54 7
226 161
529 338
367 299
657 246
767 71
28 503
69 655
286 389
8 466
479 737
739 655
431 122
66 301
493 648
600 71
592 498
630 226
63 649
449 94
431 77
605 584
597 104
528 14
606 370
630 480
203 756
319 301
219 3
568 298
533 689
471 233
371 683
111 758
231 451
189 580
440 622
161 92
732 247
208 534
248 265
250 160
209 584
593 700
703 287
305 632
485 746
390 790
176 26
378 234
408 781
12 748
533 110
260 270
268 37
26 767
206 772
797 279
713 394
617 624
739 510
365 274
514 376
674 684
54 699
293 480
312 417
751 549
621 431
704 573
526 673
211 688
17 388
19 599
262 289
437 156
151 122
732 598
272 405
604 352
502 354
595 315
344 96
331 46
573 335
393 227
205 532
554 109
696 230
401 153
272 784
450 226
408 516
177 36
547 338
705 378
67 702
181 604
352 291
236 489
572 578
606 600
256 338
62 86
682 253
150 236
17 676
236 248
168 40
206 633
182 44
273 194
698 80
477 642
691 358
790 550
731 325
599 530
295 107
291 428
438 668
443 439
186 577
118 274
463 541
114 330
355 641
284 169
727 531
204 210
683 152
452 773
706 629
17 425
387 62
46 632
177 725
376 509
716 208
86 693
546 489
117 528
652 469
578 601
182 350
190 794
762 347
673 611
715 83
145 172
70 501
454 515
239 324
744 197
739 408
589 498
224 783
62 390
648 476
788 573
532 746
360 408
164 255
487 574
175 650
91 721
464 321
498 220
24 383
310 397
508 641
601 468
568 472
573 713
181 159
25 689
756 723
421 230
1 478
707 372
603 783
223 410
794 220
411 72
15 60
435 460
401 787
695 32
405 754
439 647
472 408
275 70
357 270
51 102
433 304
393 179
56 714
382 354
437 758
309 738
28 70
83 97
378 25
124 623
663 410
632 0
179 637
796 85
383 508
668 790
260 182
235 601
544 408
796 573
53 741
266 546
611 272
742 91
83 168
3 60
329 144
424 478
36 516
46 402
753 250
389 668
285 782
737 192
635 526
29 696
42 53
58 389
590 19
643 724
415 109
733 738
694 537
109 348
54 742
730 172
702 78
635 490
594 654
134 648
373 135
750 649
727 506
211 625
516 228
761 122
497 691
229 284
171 745
673 722
686 599
270 729
498 731
707 32
399 749
231 402
192 631
266 189
281 84
509 717
288 366
224 395
41 383
420 392
516 555
371 689
709 755
579 784
160 534
540 534
405 215
428 86
448 703
444 723
466 762
490 352
403 8
317 523
313 756
633 742
764 561
740 658
496 669
113 306
775 407
770 163
270 634
591 85
542 690
744 453
62 81
564 196
570 51
623 296
20 297
275 668
435 365
349 254
721 362
170 624
78 500
504 781
343 68
743 197
47 185
275 80
447 417
402 685
108 182
371 155
44 136
352 634
398 528
196 623
80 336
730 683
369 635
545 127
615 255
594 425
664 451
576 399
20 436
575 87
502 734
765 248
195 351
91 194
272 275
539 144
64 443
623 702
598 268
110 54
56 732
753 157
204 588
348 357
267 450
335 42
643 98
684 282
126 137
645 666
752 205
505 204
473 487
447 640
360 676
54 632
491 591
99 256
797 94
109 601
639 792
191 768
495 710
74 57
119 216
281 83
431 130
481 289
272 204
11 751
792 36
671 557
359 206
255 499
65 705
471 119
490 437
763 375
664 170
648 649
315 267
789 529
322 438
663 180
340 767
669 530
588 57
657 444
42 717
701 574
221 732
758 345
59 161
561 305
487 756
60 240
44 45
766 133
668 166
787 92
330 657
526 523
308 86
518 549
190 130
183 535
115 246
650 90
404 88
570 692
340 276
474 709
661 115
545 541
155 593
707 272
647 591
594 359
792 790
604 731
131 774
342 796
660 613
22 359
473 212
255 676
158 748
253 250
551 166
559 335
546 193
413 295
350 556
289 752
720 272
51 542
691 710
263 231
654 726
523 408
182 35
364 405
335 608
715 664
272 677
424 366
277 637
553 485
254 190
571 660
674 490
81 521
626 113
576 9
293 797
283 744
698 448
306 255
324 557
391 138
229 527
662 421
462 790
106 302
68 373
383 593
280 15
225 551
702 677
128 628
495 616
750 38
48 94
182 122
761 714
341 94
232 40
3 91
219 473
520 321
636 380
171 506
704 795
23 459
676 124
20 475
168 493
614 495
482 153
525 113
378 500
571 772
755 324
382 162
354 96
394 528
665 355
175 113
86 469
404 164
774 521
686 500
514 524
126 19
719 702
764 664
168 746
792 459
367 602
397 281
232 661
736 738
702 11
567 399
89 491
737 53
129 788
589 555
287 616
719 105
67 219
418 771
13 683
637 619
674 411
786 54
70 387
780 731
220 123
125 517
579 429
488 449
157 432
156 772
142 275
350 717
41 329
675 682
401 99
483 500
594 32
68 156
676 543
475 605
466 742
526 511
613 699
126 449
613 194
276 761
337 3
649 504
650 298
94 527
538 608
629 522
580 750
608 158
162 569
771 384
292 351
240 484
250 411
262 182
526 245
243 70
565 225
505 39
541 298
175 323
727 791
35 605
54 299
748 1
340 246
675 30
270 134
678 735
473 552
619 59
301 407
530 674
420 106
152 585
741 82
196 721
372 506
490 293
155 212
591 288
443 195
705 518
341 657
290 115
236 11
71 338
780 73
143 200
138 189
184 86
181 341
283 424
497 220
367 339
20 347
76 695
110 17
451 414
287 622
308 2
584 257
156 516
303 785
502 125
321 294
593 775
656 210
267 381
525 745
343 690
490 242
740 577
669 227
788 120
72 391
37 334
45 67
524 665
481 740
248 575
370 174
384 284
115 402
231 262
369 755
796 180
695 439
530 484
128 605
243 706
169 400
532 152
26 232
563 354
474 589
76 554
586 299
545 432
787 191
413 404
253 156
362 221
211 348
623 502
357 366
404 241
639 181
455 348
342 503
663 123
509 11
534 725
499 751
576 332
726 127
154 217
364 714
185 306
445 278
405 32
173 199
396 469
339 286
112 450
417 84
47 261
671 486
703 154
254 431
780 253
90 407
197 51
1 411
18 489
508 455
463 450
24 385
30 144
706 175
736 616
601 34
413 84
178 48
44 121
743 509
388 335
576 503
354 623
410 25
67 259
551 42
55 586
673 521
450 411
303 146
317 559
438 198
502 600
483 141
732 409
595 188
45 654
502 739
521 18
173 294
556 151
432 179
488 304
702 71
565 501
18 634
763 569
398 780
626 77
185 161
386 745
302 646
252 94
305 601
409 454
151 279
575 512
747 786
756 586
107 480
446 419
309 794
134 150
639 511
480 743
795 64
613 9
414 516
312 628
776 332
655 731
184 68
598 673
37 768
158 248
246 326
380 429
415 94
470 85
198 55
554 671
533 191
299 185
500 453
740 796
119 111
558 457
289 84
630 239
741 604
335 701
455 745
786 749
281 101
185 394
315 410
766 493
722 684
240 204
212 39
730 460
508 373
429 286
679 272
553 716
259 579
671 694
429 216
465 577
599 541
275 36
536 417
239 494
52 297
795 43
450 638
253 287
493 320
279 505
369 364
607 81
214 749
272 543
260 15
718 148
655 293
241 201
749 403
702 242
277 41
757 413
328 351
704 79
363 443
679 275
28 154
299 181
484 11
58 793
113 658
136 234
581 784
640 755
78 54
228 589
48 741
39 584
188 296
183 476
341 253
399 756
606 421
207 477
754 311
279 774
275 412
659 68
696 603
694 248
794 248
501 188
615 405
14 731
523 641
243 503
149 614
154 148
352 567
64 56
508 489
476 216
6 618
606 782
101 292
65 595
482 146
65 676
433 328
695 702
272 105
60 257
264 273
640 748
347 271
510 192
785 408
425 454
165 635
737 143
684 712
349 281
785 167
717 424
419 4
105 656
21 134
475 232
126 474
12 431
406 657
99 487
468 16
23 716
412 27
167 105
195 593
473 56
431 708
691 436
100 275
782 289
2 573
493 788
495 100
240 526
409 31
116 708
308 30
534 92
401 150
629 628
342 22
31 476
76 230
762 297
381 501
184 7
207 354
307 678
39 600
283 733
77 594
464 562
487 18
512 255
677 390
594 45
84 417
452 707
437 290
392 705
364 275
225 133
451 772
274 652
673 244
251 458
681 471
289 266
741 70
226 314
699 254
150 737
203 720
65 89
656 1
638 382
513 412
303 409
482 25
136 655
203 739
739 192
542 407
54 308
559 153
79 751
220 129
584 595
370 461
370 735
311 464
388 78
710 662
586 81
717 723
705 407
480 423
692 365
217 545
67 248
218 709
579 669
465 29
778 33
487 421
719 652
399 69
94 506
44 770
363 367
664 384
704 587
730 255
621 531
492 245
700 491
55 31
239 409
272 599
222 136
306 571
720 681
498 700
396 202
35 760
711 662
538 389
424 683
122 59
739 784
729 232
470 722
540 513
207 27
594 316
402 78
198 81
793 409
388 67
666 387
520 73
357 220
790 661
316 616
269 342
433 68
423 217
226 240
366 345
775 767
235 687
33 22
243 194
34 141
512 373
704 52
575 27
403 767
23 788
218 627
527 674
421 117
274 171
379 356
82 639
705 311
255 523
799 325
188 555
341 569
88 89
255 446
506 601
770 260
575 273
33 184
410 6
786 108
269 678
321 710
296 681
745 130
749 505
295 770
587 790
294 57
268 204
721 153
408 68
442 159
779 439
621 435
478 369
704 98
174 153
423 481
238 791
603 23
250 587
215 701
689 280
409 506
154 390
106 40
457 486
479 552
52 302
691 639
228 292
13 325
266 444
71 243
496 373
600 134
731 712
290 88
197 58
430 622
614 234
42 635
297 223
22 558
442 150
173 238
181 187
495 236
570 95
482 252
427 562
568 432
251 580
314 141
162 332
438 626
724 542
295 203
447 255
500 639
53 36
670 766
2 80
214 164
417 427
91 473
497 727
486 375
490 743
674 466
428 640
545 474
275 440
594 690
186 627
539 454
658 105
680 248
71 347
408 165
49 794
628 558
290 370
442 559
732 730
270 409
250 387
454 705
246 733
178 381
62 758
354 609
265 298
703 333
45 597
735 528
242 480
529 143
245 100
716 191
309 219
9 661
574 480
110 492
719 224
326 92
402 561
489 113
321 95
361 511
172 378
706 202
263 349
123 234
459 717
519 436
577 510
635 199
252 409
670 312
145 112
378 674
667 377
310 144
337 458
521 475
569 414
215 57
539 512
580 51
275 228
644 331
252 677
664 41
600 40
94 29
175 748
56 384
483 369
453 504
360 788
716 270
424 32
571 563
34 402
601 228
91 129
11 311
58 682
462 777
456 305
495 682
99 109
405 499
787 756
203 159
765 763
104 255
81 403
554 507
3 136
340 701
778 9
54 212
423 726
399 752
320 447
687 611
636 74
427 165
566 436
231 638
641 667
350 748
29 648
633 794
89 620
354 297
615 493
638 438
732 786
117 461
683 611
678 139
419 8
186 261
475 345
778 448
299 728
689 376
582 741
411 293
4 351
651 524
583 786
366 517
197 86
446 672
570 237
426 268
80 55
510 81
384 791
648 692
778 643
495 518
743 129
63 726
773 131
131 112
249 737
331 284
471 256
710 726
335 70
31 369
727 579
747 541
80 477
716 373
12 669
32 108
389 370
182 698
666 206
631 639
678 379
632 69
615 43
724 242
87 245
468 159
387 143
570 42
211 364
489 213
549 418
488 404
26 594
282 118
702 224
449 714
244 126
767 468
174 706
534 475
157 574
602 269
47 96
754 155
450 196
158 752
450 426
493 622
743 22
516 341
406 7
14 448
657 547
368 21
635 675
353 663
52 726
608 431
635 99
567 119
46 626
441 217
425 523
176 360
739 175
473 640
351 659
107 553
208 448
654 681
547 221
522 382
67 490
489 782
591 736
221 3
716 81
486 8
0 560
497 90
115 230
429 721
750 608
645 529
660 47
185 775
355 494
576 597
203 686
277 697
726 337
188 464
368 555
218 512
57 670
152 754
710 225
560 211
189 530
611 368
91 277
539 703
767 367
505 141
486 554
167 532
125 650
49 223
359 627
6 686
494 601
668 105
338 434
492 221
382 457
206 57
685 185
291 159
465 297
648 292
328 424
279 334
180 753
330 630
284 132
694 125
31 543
237 617
211 369
371 127
562 358
564 480
164 154
585 360
613 737
150 109
696 663
472 142
623 628
105 756
429 541
216 203
691 770
320 691
299 764
193 342
540 714
19 492
536 33
637 585
315 170
753 115
286 569
112 647
769 170
397 684
700 100
209 479
783 538
359 523
119 84
165 430
640 721
450 181
432 34
39 506
351 459
519 710
404 627
496 568
438 19
564 775
176 757
714 70
41 699
670 223
502 690
733 79
144 598
712 196
674 498
129 9
471 60
789 398
140 338
289 168
723 331
203 186
96 587
623 790
769 759
56 60
657 719
495 373
766 643
527 416
46 2
516 198
105 465
237 70
87 58
267 786
348 171
119 215
798 708
36 48
108 777
534 257
53 200
585 689
142 41
636 631
511 108
735 49
733 478
178 387
171 329
380 791
241 135
272 211
310 487
14 257
274 286
160 11
50 97
434 718
758 214
607 544
368 251
39 223
556 478
401 343
332 507
19 568
378 656
428 654
566 285
141 28
593 567
279 576
611 297
515 700
374 41
685 522
97 711
441 410
652 756
111 537
31 167
30 574
675 71
135 537
667 644
697 723
707 447
586 343
199 741
722 110
506 86
754 757
23 259
654 389
701 585
419 493
687 79
647 683
752 789
761 97
615 94
309 590
6 296
372 64
270 10
788 432
0 630
220 226
562 211
190 362
476 212
713 482
99 431
431 3
23 608
10 674
381 323
342 699
100 222
168 187
331 147
558 438
688 60
439 460
430 8
120 184
399 18
325 18
367 76
22 14
366 206
486 442
366 691
382 30
648 139
104 397
361 447
515 319
273 372
107 63
683 7
562 687
188 444
655 184
289 770
739 122
609 791
251 618
565 183
213 192
5 69
545 175
6 191
301 580
112 252
673 198
83 417
160 311
580 435
761 67
45 146
194 711
74 755
612 120
264 350
51 409
276 14
62 323
449 26
115 389
144 676
514 396
101 382
541 11
600 187
640 739
416 287
23 378
346 734
170 766
118 782
159 705
482 415
109 769
422 389
446 91
567 214
13 452
39 308
340 390
403 306
757 727
352 43
365 569
795 217
76 561
382 49
590 515
226 657
708 293
550 284
330 216
145 67
404 328
108 614
529 304
299 309
436 314
596 553
38 40
626 337
660 16
443 262
621 254
594 219
776 343
360 149
438 576
710 624
448 444
91 128
478 324
188 229
254 493
778 506
58 275
599 731
712 328
452 36
308 339
95 476
30 437
517 507
515 632
464 476
36 615
533 675
571 199
240 183
409 513
310 242
311 328
148 506
223 0
109 526
126 507
227 588
361 632
181 56
519 118
755 171
317 56
281 410
775 16
369 302
173 411
468 672
10 230
6 437
759 142
694 307
507 238
190 626
746 734
511 311
512 586
17 150
421 8
452 457
108 314
594 375
353 584
601 754
348 285
441 123
476 667
411 630
680 545
354 511
257 710
33 249
80 672
197 429
131 646
358 732
161 491
254 374
235 551
148 217
758 230
647 101
445 263
601 382
718 301
570 403
602 7
545 462
353 300
694 443
661 151
11 266
730 635
700 38
447 413
516 46
381 150
3 197
493 696
421 619
406 43
307 382
712 101
435 302
252 642
469 731
660 720
602 334
401 738
262 86
720 226
259 203
649 377
363 675
238 339
427 60
180 449
356 544
306 208
792 694
35 379
231 678
551 636
307 293
567 160
428 304
188 370
304 491
581 25
185 536
492 750
726 673
660 482
607 375
634 496
390 683
168 473
366 647
403 184
553 683
156 266
596 765
651 452
55 101
496 752
90 779
678 484
361 405
309 174
760 549
279 475
404 263
271 493
297 141
797 133
115 410
345 532
626 415
379 472
42 263
329 500
145 546
582 130
351 11
784 106
762 46
373 619
114 318
52 46
656 641
489 642
278 599
551 51
393 148
134 563
756 409
306 641
301 386
60 354
654 445
529 596
30 601
758 493
466 585
779 137
648 569
502 628
639 103
142 253
374 759
351 498
470 87
153 792
226 694
410 748
418 43
182 237
520 737
527 82
166 563
165 182
148 782
521 251
278 475
240 740
334 360
263 431
426 185
671 96
641 352
788 450
710 483
71 578
294 22
512 736
284 14
476 344
295 350
697 708
51 419
178 432
235 685
300 4
681 758
515 787
57 241
64 726
457 722
155 529
756 390
227 81
163 664
120 713
128 567
503 254
623 672
608 712
734 435
774 396
459 770
243 565
717 544
550 421
402 512
766 344
723 212
564 365
702 398
482 306
470 640
190 129
526 177
540 604
426 444
204 17
557 701
268 149
278 713
672 514
181 53
479 659
83 124
448 640
629 319
244 355
157 310
545 70
324 144
124 509
756 89
52 627
615 423
281 97
590 259
441 619
659 297
602 765
77 38
510 499
583 221
259 387
125 753
786 183
449 310
560 76
420 515
515 709
225 328
775 5
376 411
663 307
195 569
185 133
559 646
367 654
147 40
476 587
729 563
162 70
371 785
479 546
374 603
381 523
132 201
332 283
37 620
321 42
216 514
89 395
793 433
20 7
138 82
705 145
726 616
332 75
676 514
213 332
340 19
735 445
278 26
740 241
591 347
377 789
577 466
30 486
472 668
575 368
285 137
720 471
785 714
36 134
755 396
456 613
233 263
708 133
54 647
380 3
84 50
791 79
408 242
321 726
346 725
406 407
621 360
296 556
241 709
59 53
513 799
683 189
688 275
526 621
327 95
135 525
692 731
403 337
258 7
548 657
749 482
147 628
283 136
404 135
421 728
289 13
73 581
56 506
675 666
525 754
650 411
773 65
106 318
680 482
68 157
220 638
537 247
399 312
396 666
468 529
145 103
563 312
221 412
55 405
255 140
240 708
292 470
574 655
358 719
108 200
119 745
187 1
653 350
468 332
615 70
466 76
668 736
564 530
696 128
388 266
505 312
12 317
414 262
735 102
189 231
703 554
647 277
675 654
313 350
689 330
76 749
115 649
609 506
643 402
146 456
449 451
72 713
21 97
467 89
364 509
385 199
262 140
356 587
302 739
571 492
79 474
764 465
724 221
469 59
309 627
496 257
368 478
355 471
271 28
555 110
269 62
10 529
7 751
394 75
157 435
544 177
179 795
59 208
4 524
481 748
333 783
465 177
591 558
336 137
193 169
675 754
51 363
754 698
195 69
590 548
696 169
450 158
756 258
413 285
617 230
156 514
218 557
141 390
272 568
76 581
617 159
751 308
712 576
496 287
671 344
616 554
501 553
320 170
731 737
148 513
731 86
167 256
44 197
359 23
551 663
708 303
199 500
607 751
182 587
677 642
743 115
609 44
585 758
510 446
598 554
768 234
85 353
22 275
127 192
23 56
560 20
517 571
492 561
732 620
540 157
622 669
23 106
356 635
463 371
173 73
366 145
64 514
115 457
453 33
661 598
235 712
42 304
752 156
445 370
112 396
752 436
762 761
353 78
269 48
474 3
330 590
621 587
202 367
728 76
212 243
781 318
95 526
504 772
294 552
420 772
653 691
181 571
306 71
173 612
219 725
19 759
134 222
776 75
472 736
617 468
472 437
122 714
566 329
2 410
502 76
438 108
179 731
791 175
621 691
654 563
380 218
716 476
574 433
258 493
123 514
680 574
84 200
530 165
514 558
55 457
440 20
334 678
260 693
788 76
433 645
487 561
29 198
46 738
641 449
134 695
201 514
97 729
434 77
350 77
154 242
671 48
78 197
675 608
304 280
286 531
437 353
597 681
104 177
86 215
637 528
707 565
311 284
59 363
301 622
709 458
650 320
3 697
181 93
89 771
25 164
522 767
427 506
661 44
691 650
483 87
495 49
697 541
536 538
672 713
533 678
100 219
347 509
9 392
375 353
348 21
455 22
358 320
183 326
182 753
638 797
225 633
383 62
244 199
698 240
230 250
38 253
187 265
514 457
139 741
711 286
453 704
787 414
684 273
388 625
242 72
313 685
26 590
792 31
503 791
565 580
579 166
130 461
691 577
185 553
626 535
97 208
487 210
709 279
471 798
656 619
697 224
553 218
62 308
463 219
525 125
409 298
257 732
331 28
294 140
29 167
120 773
265 430
407 766
674 665
561 717
701 773
125 173
256 60
204 211
675 702
84 1
173 276
576 478
337 727
726 760
52 450
529 35
437 351
618 549
96 709
301 668
76 502
265 697
737 158
9 324
51 334
342 328
685 547
624 191
680 503
368 650
329 214
381 731
424 111
743 165
105 529
737 507
221 798
71 390
190 143
489 574
646 796
789 145
