800 4782 2400
22 13 10 11 20 13 14 19 20 11 11 16 8 15 13 25 6 16 16 8 11 12 17 13 14 11 16 7 21 22 20 13 13 15 8 17 8 24 13 22 7 14 22 12 15 9 21 17 16 6 23 8 22 10 16 12 25 22 21 23 20 12 16 8 16 23 11 14 24 8 13 18 12 13 11 22 16 9 24 23 22 22 18 24 22 16 7 14 15 20 17 25 19 10 15 9 10 5 20 14 6 14 23 20 19 19 23 12 12 20 11 10 8 24 7 10 20 20 5 12 18 10 20 25 16 6 9 12 18 13 5 10 12 25 9 24 6 12 7 25 19 12 22 24 17 15 17 9 19 7 13 15 22 20 6 24 25 7 18 24 9 16 22 10 8 14 24 22 14 13 17 25 10 7 5 6 19 22 20 22 15 19 19 14 8 13 25 12 8 22 23 21 5 24 19 19 7 24 13 21 8 16 5 19 14 8 5 6 5 13 5 15 22 5 17 22 6 18 16 22 12 13 24 9 19 19 9 13 16 16 23 21 5 22 5 22 20 5 25 8 5 24 19 5 22 16 18 20 25 6 25 5 5 10 23 16 21 14 21 18 13 16 7 24 15 22 9 25 16 14 5 24 20 6 12 10 22 7 14 14 16 12 6 16 12 6 21 16 15 11 20 11 22 25 8 6 17 12 25 5 24 5 7 16 10 23 9 20 19 6 5 5 18 14 8 23 23 23 9 9 14 15 7 22 5 20 8 13 18 6 8 5 12 12 6 15 11 17 5 22 18 8 21 5 24 24 20 12 6 12 23 23 5 17 10 12 21 8 15 22 12 8 8 19 10 16 17 21 11 7 20 21 5 13 22 21 11 9 8 22 24 13 6 5 13 20 18 23 11 5 18 8 20 18 23 10 17 10 21 24 15 24 24 21 25 7 9 24 23 14 13 17 24 25 12 14 6 16 23 18 19 11 23 13 12 18 12 12 7 12 15 5 22 21 21 11 5 23 8 14 15 16 24 9 21 16 14 24 11 9 9 16 17 22 15 22 9 11 10 23 6 6 7 15 22 25 15 10 11 7 20 23 11 16 24 9 6 19 19 15 9 16 16 18 6 5 13 10 11 20 12 10 9 15 21 21 19 8 5 14 14 6 22 11 11 12 7 12 15 23 25 11 11 24 15 12 24 12 12 8 20 22 15 12 24 24 12 5 5 11 14 12 16 15 19 25 9 12 19 22 16 16 5 17 19 11 17 9 5 5 20 12 15 16 12 11 15 17 15 8 20 14 15 22 25 21 13 11 7 8 7 23 7 20 17 18 11 10 14 10 14 25 7 15 21 10 21 6 10 6 9 18 14 12 10 17 9 22 24 21 6 22 7 17 11 8 16 19 12 19 25 15 14 6 6 8 19 14 8 5 17 25 17 11 18 19 13 19 18 13 14 14 6 13 8 13 21 13 17 17 16 22 25 5 13 25 24 11 14 21 10 21 19 18 12 11 13 16 15 23 21 15 12 12 18 11 21 23 22 11 24 24 7 18 19 11 9 24 16 15 8 23 15 21 16 24 18 6 17 24 13 5 17 5 12 6 13 25 10 8 9 7 6 11 22 6 22 21 22 12 24 25 16 8 25 10 21 15 13 6 20 19 7 7 5 15 10 12 7 7 19 20 21 18 14 13 10 7 11 23 11 16 8 17 6 17 19 22 5 14 13 15 25 21 6 11 23 18 22 14 19 24 10 5 10 19 17 10 24 6 15 20 14 16 14 8 8 17 21 25 14 17 6 13 17 8 17 18 23 8 24 6 12 23 7 20 17 9 5 19
3 5 4 9 17 4 13 17 13 16 3 7 17 14 10 6 13 6 18 4 13 9 8 19 17 4 8 18 18 19 19 6 6 9 5 8 15 12 11 13 17 18 10 19 11 17 18 16 4 10 5 12 16 4 10 12 15 13 18 11 11 17 11 9 10 10 20 3 18 16 17 6 4 9 7 3 9 6 20 20 3 17 6 11 10 20 10 11 3 18 8 19 6 19 7 11 14 6 17 16 6 10 16 8 20 10 7 18 19 15 17 13 20 18 9 6 5 15 17 5 12 12 12 15 11 17 15 15 3 13 20 10 16 9 8 17 3 13 3 15 10 19 18 16 7 12 4 20 5 9 8 9 3 16 16 11 7 20 10 11 7 4 16 6 7 20 6 11 8 9 12 11 15 13 17 13 18 16 17 6 11 15 7 6 15 7 5 8 11 18 13 11 8 5 12 20 11 18 17 7 10 16 9 4 6 14 10 4 10 7 16 16 5 11 8 11 5 16 11 5 6 12 20 3 10 5 6 14 9 12 4 12 10 7 4 10 17 5 7 11 18 12 16 3 7 10 9 17 16 15 4 14 16 3 13 3 11 19 18 18 5 14 4 11 12 3 15 5 7 17 19 10 15 14 8 19 6 4 16 11 4 17 5 5 8 5 6 20 11 14 3 9 17 11 4 5 19 12 9 6 17 5 13 5 19 8 19 18 10 6 19 13 16 11 19 6 9 15 11 15 6 5 11 16 5 4 4 16 17 6 12 13 12 15 5 20 6 4 15 11 16 20 5 9 19 8 5 18 20 14 4 12 16 20 5 18 14 20 8 11 14 12 17 16 10 16 18 19 7 16 15 3 8 14 19 11 4 18 7 19 10 16 13 18 5 17 13 5 7 20 11 14 11 15 13 12 4 12 11 9 6 3 8 18 15 3 5 15 5 3 6 4 4 10 8 16 3 4 11 17 5 14 14 8 20 16 10 17 15 15 3 15 17 18 12 3 7 3 4 11 16 10 14 7 12 12 20 14 17 13 14 18 17 9 4 20 13 18 4 6 17 4 8 8 7 18 8 6 13 17 7 20 6 20 10 5 19 12 20 11 14 19 13 19 19 12 12 12 5 19 10 9 20 20 6 20 11 4 16 11 6 18 18 7 6 11 19 5 15 16 3 10 9 9 15 3 15 20 6 18 3 17 5 8 6 20 5 17 20 9 3 12 17 3 8 9 11 3 20 15 4 14 9 12 9 10 14 18 5 19 6 8 7 17 19 13 7 17 12 14 20 5 14 11 7 9 12 3 8 20 16 20 10 16 5 10 15 7 13 19 19 15 16 19 16 16 6 15 4 14 11 16 10 8 9 3 9 11 14 4 11 7 7 6 14 3 13 20 13 18 5 13 14 19 3 13 9 7 18 9 11 4 9 3 7 7 13 5 19 16 7 16 16 20 14 4 17 4 14 6 13 9 16 14 15 5 20 12 5 6 4 5 14 13 12 16 4 7 15 12 14 17 5 18 20 10 8 16 3 3 16 4 17 18 3 11 9 11 19 9 18 18 13 11 11 9 8 14 13 4 13 6 3 10 3 9 3 3 9 7 9 16 12 8 5 11 10 15 10 8 3 5 8 12 8 8 3 19 9 3 17 8 15 20 18 6 7 8 8 19 11 8 17 15 19 14 8 9 7 20 12 6 14 17 20 19 12 3 18 10 18 4 19 20 12 10 3 9 16 7 13 9 12 18 9 9 19 17 6 19 9 7 10 16 16 16 16 11 9 18 14 17 7 16 16 15 19 17 20 3 14 16 9 13 17 5 14 10 18 17
88 773
696 62
797 290
103 220
647 598
781 154
582 704
48 524
514 318
183 275
602 617
631 464
356 68
43 372
60 432
463 40
309 529
654 724
53 250
610 661
342 763
236 589
374 542
790 243
22 194
399 517
239 764
688 761
480 10
24 615
373 770
169 317
736 298
93 88
294 707
657 471
101 172
524 400
647 346
643 362
267 358
403 367
740 442
573 582
264 255
387 162
187 347
758 776
732 564
362 138
45 345
39 478
706 106
231 477
20 174
352 76
565 578
295 569
773 321
694 117
71 437
221 4
255 625
24 756
402 326
392 274
371 412
786 545
73 13
56 402
455 337
612 572
727 241
540 611
192 422
106 624
405 51
173 338
748 463
132 271
77 509
666 188
190 35
576 786
377 457
181 86
711 537
791 763
352 578
91 777
484 413
189 618
348 139
294 418
381 284
9 736
773 125
134 371
288 426
686 605
515 601
76 443
114 551
291 47
474 468
11 76
257 326
546 654
75 467
31 667
582 64
588 589
549 339
575 220
439 656
241 579
66 755
562 605
427 42
628 187
218 234
376 678
458 440
613 110
288 163
734 657
375 574
231 789
510 685
525 799
227 324
165 543
236 643
94 190
251 181
293 54
772 231
602 174
481 318
187 307
28 40
121 708
139 514
216 770
775 494
158 243
478 82
189 348
264 744
444 509
531 652
161 436
698 237
774 367
305 379
463 625
243 796
577 291
94 724
416 776
643 599
137 213
597 594
382 113
785 622
79 610
498 532
437 366
560 472
766 189
388 503
341 402
556 144
50 552
241 320
188 697
535 702
565 747
79 315
421 419
244 532
731 723
572 392
465 217
364 681
195 716
721 351
153 199
61 693
114 58
495 450
143 146
416 699
670 240
68 750
482 799
492 91
701 693
672 479
721 392
53 81
598 718
389 602
799 392
143 790
427 217
683 60
181 440
145 554
328 46
393 140
732 291
615 630
559 127
250 60
317 425
781 334
696 247
717 661
443 454
10 659
168 30
680 136
797 478
73 347
452 631
620 46
491 495
760 65
760 303
143 212
263 444
592 667
689 268
381 43
761 113
664 565
240 366
749 410
629 699
185 131
256 509
648 418
550 301
557 545
611 30
167 16
732 90
82 626
601 547
311 78
488 568
52 674
396 777
491 154
632 294
550 648
592 713
553 474
235 682
26 50
750 0
190 232
336 436
486 452
674 715
181 177
604 562
191 687
32 314
690 594
76 533
163 518
596 103
158 670
774 586
481 6
58 443
738 70
129 588
576 784
163 138
615 549
214 191
187 308
427 44
719 118
667 414
40 472
266 503
609 388
358 320
233 55
604 258
516 767
301 375
98 439
702 580
76 99
658 180
388 577
316 663
69 718
177 157
3 595
74 359
131 458
397 581
476 705
136 730
432 129
743 384
641 122
482 71
229 17
221 339
530 301
441 590
58 208
186 497
632 115
131 91
45 274
734 302
144 89
35 458
520 205
227 609
534 536
228 99
270 458
652 430
642 404
602 135
96 199
760 690
557 203
726 397
428 270
448 623
789 32
309 432
448 158
70 402
483 630
539 408
160 559
530 752
619 748
690 81
486 180
138 49
10 750
599 749
539 667
13 139
9 160
648 526
237 362
591 747
185 734
486 97
445 639
76 485
546 775
318 255
537 643
329 508
343 472
686 304
675 295
601 275
773 482
751 640
165 573
27 539
260 171
696 338
214 189
423 258
191 493
197 655
193 708
603 274
64 237
77 297
252 696
546 445
105 532
259 629
795 621
660 370
498 546
559 489
179 551
101 227
199 606
174 115
613 744
716 473
369 728
266 740
152 239
649 127
375 171
749 743
28 270
172 587
510 83
599 50
570 64
428 52
22 9
627 492
766 51
45 359
645 240
688 527
95 325
87 768
547 614
454 707
316 71
48 436
634 95
315 474
213 192
452 797
71 635
779 516
657 634
438 787
574 406
169 591
750 258
220 180
630 702
166 469
312 31
240 536
554 507
707 398
605 332
489 191
216 287
454 630
545 695
548 633
4 446
205 392
655 738
22 90
745 687
329 152
735 500
617 394
469 130
471 281
241 130
415 213
504 384
53 425
593 705
696 264
278 574
676 707
34 114
713 277
491 566
433 637
27 681
291 748
321 99
303 137
45 495
235 10
395 228
317 343
120 202
181 632
433 461
178 105
90 140
438 224
414 183
253 780
619 749
793 4
726 370
15 121
335 613
209 3
462 677
401 741
522 14
242 13
81 701
788 506
12 781
247 134
108 477
288 553
269 18
657 690
768 153
502 306
685 669
602 391
284 322
415 110
94 544
783 315
393 758
670 741
319 785
157 609
448 202
494 22
413 219
762 256
416 470
283 97
587 571
443 61
45 482
654 657
99 784
693 233
532 680
302 256
23 527
413 238
137 201
377 758
0 354
415 13
124 707
644 767
617 87
247 506
405 222
92 129
134 676
370 669
617 222
528 564
349 413
449 187
377 650
441 661
234 106
635 568
84 770
684 603
441 702
619 111
20 431
204 500
746 672
172 625
208 12
787 450
454 438
2 407
423 320
118 544
519 642
311 156
298 256
408 416
310 103
273 438
212 457
321 345
81 637
782 616
750 241
769 67
609 562
452 491
677 608
579 493
382 603
544 782
598 42
394 466
281 628
475 9
383 82
247 456
239 377
250 163
214 761
137 671
173 607
56 693
100 239
65 428
644 554
375 736
387 606
174 537
207 635
89 362
770 130
722 455
546 203
487 780
273 130
318 241
39 331
566 142
315 476
516 338
12 429
91 510
782 50
298 421
220 262
14 358
455 696
403 169
537 238
549 160
27 235
169 729
668 626
273 727
789 305
417 196
550 184
769 644
324 160
29 437
182 270
194 699
359 412
67 495
223 93
516 628
646 680
658 695
140 200
35 423
48 290
336 369
612 169
772 665
518 236
57 738
317 235
325 4
145 229
531 278
791 506
289 746
554 372
15 165
469 551
556 509
513 276
575 368
664 58
322 784
407 226
596 488
384 653
151 526
294 596
150 188
140 760
1 374
264 289
545 687
704 191
107 223
327 20
269 798
226 531
365 585
547 771
133 91
350 27
567 467
563 531
759 169
180 465
703 397
84 604
486 450
229 127
330 657
614 518
756 482
733 660
120 490
605 626
489 400
494 421
65 88
130 735
40 188
403 186
786 646
433 191
525 795
359 105
106 159
393 369
634 280
467 239
261 534
237 482
397 12
199 52
487 179
442 161
561 251
122 187
234 768
664 747
92 191
679 589
383 741
28 414
709 157
616 273
566 80
188 563
750 716
310 567
60 404
10 9
187 655
779 638
298 141
705 212
345 443
741 215
716 329
291 523
634 744
5 193
313 93
672 159
513 442
672 485
476 355
693 377
308 675
92 431
556 94
264 26
162 501
729 135
473 712
660 438
318 98
64 173
15 267
149 261
167 24
634 414
415 181
185 574
126 695
184 728
641 785
379 262
747 527
520 326
798 94
687 576
570 182
441 208
211 293
360 622
74 785
601 730
506 286
157 303
414 622
395 91
433 311
594 231
1 277
313 204
453 102
213 681
151 610
743 514
162 765
296 245
329 713
438 752
71 382
385 120
377 791
421 783
400 90
329 457
436 598
606 62
780 499
716 103
63 19
342 275
67 248
49 328
605 123
341 271
77 338
231 771
768 586
96 481
337 226
613 234
727 655
372 203
67 165
23 739
150 272
574 78
491 549
677 694
242 298
101 614
355 418
704 331
668 197
745 380
366 18
746 172
277 259
510 455
494 430
666 156
29 39
290 763
88 437
464 465
289 329
637 26
182 395
1 118
316 324
141 411
756 583
476 623
220 211
672 457
685 733
440 79
524 106
316 280
152 272
210 604
445 187
228 658
480 497
145 567
82 280
735 208
525 118
627 43
697 314
610 173
389 6
235 246
356 393
297 364
636 418
214 409
527 349
588 331
42 504
349 498
670 287
300 417
104 387
556 171
761 3
334 561
186 540
336 376
788 134
422 353
287 545
515 565
184 160
450 447
375 183
233 663
261 254
50 167
554 532
307 301
696 481
754 254
502 617
318 57
695 529
118 437
3 212
630 194
629 251
389 166
415 271
347 675
339 125
426 508
77 531
151 488
715 400
603 574
225 520
616 394
798 421
617 471
487 149
186 747
729 667
368 628
249 303
454 388
671 427
589 685
105 750
488 277
303 32
38 309
786 158
751 745
3 694
398 280
711 221
500 266
196 655
291 641
523 160
435 312
184 92
394 678
263 128
553 155
132 7
76 161
510 461
53 122
411 409
700 177
426 325
28 792
397 512
327 723
168 717
511 641
419 196
686 628
374 270
646 546
649 652
37 210
288 629
427 279
680 767
572 33
593 106
658 788
791 565
542 160
404 4
223 174
349 717
626 76
613 190
487 700
644 212
288 481
86 79
80 291
140 61
157 502
741 493
442 111
468 483
337 614
626 399
366 139
588 126
660 482
700 290
345 27
75 737
458 761
99 119
670 519
791 768
208 422
383 362
23 284
338 229
552 428
315 529
340 433
139 708
711 630
138 762
517 500
749 54
309 446
63 188
489 474
338 576
273 569
150 147
733 302
609 42
640 48
720 115
529 791
681 3
18 745
453 599
787 584
553 7
440 199
157 739
571 644
253 251
443 368
620 148
55 581
523 356
264 45
769 247
387 675
773 272
387 552
95 569
325 767
85 29
638 738
797 678
611 61
378 416
323 98
50 375
374 716
634 88
483 655
337 87
587 304
332 696
734 216
565 174
319 491
101 664
544 21
231 29
787 12
526 455
464 796
103 593
387 313
288 111
243 96
75 654
588 206
483 679
740 611
97 258
206 233
487 653
588 196
197 685
315 712
149 562
105 706
690 786
429 642
561 560
763 206
19 277
460 161
682 609
293 526
22 349
162 607
284 677
193 335
139 295
262 388
212 368
311 26
768 667
750 698
49 795
14 64
591 278
286 180
298 20
354 281
424 145
97 749
145 708
279 512
91 772
589 145
241 170
594 233
550 671
291 74
704 75
515 488
325 100
799 345
66 619
41 323
738 140
303 302
211 4
213 619
604 611
496 797
568 7
42 239
73 204
289 572
783 98
389 99
7 490
407 456
292 447
490 563
458 413
417 523
278 686
758 245
494 27
305 380
751 478
282 618
132 596
585 736
135 407
92 415
143 20
218 157
760 753
609 210
339 684
227 655
590 727
500 445
175 261
751 394
528 674
119 734
412 260
697 35
40 504
290 373
614 13
677 425
222 52
515 730
213 290
711 432
85 288
86 477
28 537
508 347
371 656
129 230
731 48
181 291
466 275
446 394
525 574
559 652
366 473
682 498
617 401
546 289
618 20
309 573
615 637
231 109
206 404
373 460
309 231
441 729
8 289
457 540
435 248
181 321
221 307
328 109
606 797
711 691
737 790
598 29
615 606
286 596
10 626
185 593
136 540
434 698
98 189
432 255
329 222
303 582
142 359
768 755
251 66
777 376
536 105
87 300
59 43
193 123
456 115
218 102
261 658
654 721
598 475
757 168
282 767
112 265
333 642
169 417
220 580
692 18
477 502
710 246
169 593
589 304
296 730
371 377
163 254
292 180
51 346
441 686
2 251
577 640
799 0
64 283
310 383
155 611
522 535
110 674
331 214
411 309
606 623
642 476
420 142
91 106
493 444
355 455
54 186
682 568
93 391
636 763
358 326
379 669
567 15
708 592
621 510
538 28
744 795
105 206
401 93
698 261
668 303
551 20
174 111
707 144
315 494
710 395
519 485
207 746
71 269
306 186
160 125
30 9
784 170
754 540
710 712
156 127
418 676
696 8
23 77
293 263
366 665
77 43
476 608
459 323
263 681
418 361
93 223
693 141
719 562
34 355
48 357
222 63
620 772
564 309
674 36
384 317
89 245
121 277
118 52
336 223
305 17
72 37
554 496
566 703
495 325
284 723
292 486
56 117
98 237
731 223
103 119
483 558
647 169
394 727
225 656
55 441
459 70
42 378
369 503
368 469
781 710
471 674
378 105
50 188
207 458
355 18
291 112
657 568
398 8
76 16
486 46
313 527
0 745
796 143
208 223
458 198
713 745
740 316
373 580
380 158
501 267
487 71
515 705
342 136
256 426
318 343
24 531
375 614
790 409
738 432
565 712
104 613
222 351
70 271
20 517
505 356
359 790
23 64
45 463
594 394
466 685
539 470
671 491
281 386
547 222
477 45
763 546
542 653
605 797
49 365
779 218
575 510
625 290
599 89
639 308
334 45
330 436
657 306
183 793
305 303
694 393
393 119
763 602
472 236
38 559
171 481
720 51
286 590
379 455
231 510
228 508
244 144
320 216
106 174
383 474
771 36
418 267
621 231
350 690
722 46
270 77
302 312
394 463
710 99
568 353
375 347
145 338
417 188
506 583
352 451
599 406
53 443
286 500
359 161
462 362
128 510
381 186
312 84
358 309
246 90
691 687
253 473
538 37
232 577
344 798
4 722
738 397
736 387
45 586
650 508
199 222
261 90
642 128
302 590
615 197
413 548
216 6
454 235
702 328
620 358
329 505
164 576
274 469
112 454
683 126
609 633
790 80
153 645
565 752
20 401
56 528
705 694
772 188
613 745
146 131
115 33
299 669
90 664
179 83
455 607
441 472
591 725
787 503
6 514
89 88
301 59
149 634
315 204
727 717
455 332
715 220
200 610
766 666
575 413
108 746
668 222
784 130
602 110
34 618
393 780
761 290
750 110
25 2
632 26
461 625
72 152
59 523
423 426
213 791
220 768
385 100
499 587
136 451
764 522
522 126
642 726
313 373
434 292
488 566
395 44
151 64
145 228
771 732
758 636
640 167
406 104
744 356
87 350
31 285
624 472
775 124
78 252
479 195
47 516
613 546
353 459
574 438
401 387
462 553
367 487
669 124
210 274
527 793
673 583
144 529
457 545
388 520
471 572
341 430
760 433
433 202
602 87
123 302
363 533
98 101
546 270
611 270
489 463
698 674
757 722
528 80
35 392
307 470
631 359
117 682
0 198
570 711
129 728
481 377
629 252
779 405
245 648
756 149
23 176
779 38
764 519
712 236
303 636
397 268
598 381
782 147
739 556
452 772
227 4
245 300
345 197
715 16
108 545
401 124
661 534
701 498
571 525
498 706
475 299
579 642
515 734
7 663
528 142
97 678
366 410
580 486
210 4
422 365
665 528
120 173
740 595
200 438
316 163
296 367
2 90
278 534
324 201
79 606
771 639
665 326
209 272
379 601
585 74
746 744
43 506
644 29
621 315
86 726
0 508
415 647
752 649
471 155
110 669
706 61
207 740
435 307
682 3
595 191
513 250
101 115
449 101
257 145
56 156
419 139
38 203
79 360
139 754
719 590
595 111
56 588
791 318
781 445
433 24
278 367
576 538
169 788
215 625
543 275
290 387
264 279
165 797
175 5
449 223
626 429
771 106
736 499
260 192
470 342
199 792
612 762
376 73
131 194
423 179
374 457
695 366
507 636
105 150
149 60
250 689
644 264
34 799
392 346
380 69
281 95
116 297
506 44
58 583
141 717
542 570
363 197
46 231
135 782
375 484
493 51
237 781
666 734
62 159
564 155
232 709
637 127
480 177
554 470
47 393
553 598
527 535
231 759
464 193
663 520
324 505
797 79
576 496
636 710
177 125
178 731
561 229
502 578
428 642
763 186
64 570
513 338
529 309
274 286
571 728
547 89
582 709
513 683
522 768
190 739
338 24
719 740
374 737
634 208
629 562
150 189
32 360
799 262
332 774
719 707
435 635
14 136
303 664
289 730
86 271
481 247
570 114
190 661
514 233
573 95
731 748
321 246
187 761
436 75
566 188
270 185
733 84
118 284
252 334
721 520
36 101
215 547
782 215
292 568
472 511
563 493
124 384
379 701
199 225
433 167
71 307
473 310
790 202
436 81
731 521
240 48
70 165
613 764
100 148
754 714
20 454
140 53
275 144
260 66
541 92
430 500
552 601
733 685
760 423
46 715
22 365
756 1
350 558
307 608
199 725
49 422
522 230
228 707
213 445
210 579
531 496
395 382
505 592
643 169
81 31
677 681
780 688
445 123
15 611
64 440
765 26
649 273
424 465
341 739
392 235
459 312
501 129
730 290
666 520
707 118
98 85
98 453
379 246
567 498
269 209
503 457
65 579
22 477
151 146
673 372
10 776
677 171
737 713
74 575
650 278
385 227
194 504
28 500
23 352
35 723
37 630
8 401
62 754
172 458
184 428
403 11
356 204
314 475
468 68
196 692
441 48
281 26
387 440
759 430
310 284
209 599
682 561
776 280
52 595
671 453
716 84
330 336
454 511
326 529
257 477
233 44
6 337
242 64
601 433
174 704
630 88
278 307
497 3
193 603
121 95
391 773
484 735
456 572
519 700
739 523
502 148
231 556
62 503
162 45
477 545
796 463
565 260
254 668
521 527
393 52
399 440
63 18
207 540
216 116
534 393
107 340
259 207
83 504
707 275
662 254
278 371
258 32
645 204
608 661
185 617
572 318
627 653
234 78
100 727
290 254
776 316
49 134
252 384
472 701
622 306
2 606
51 356
632 132
496 734
697 321
336 386
61 165
650 768
252 565
626 188
538 88
333 755
256 718
129 527
216 130
543 541
616 384
451 657
659 613
278 321
181 341
704 310
560 454
523 665
739 77
356 34
785 777
747 427
232 450
121 571
249 689
524 363
130 140
180 241
322 597
20 705
122 430
373 759
102 451
310 575
52 138
278 510
379 488
47 107
421 334
385 212
118 616
207 179
408 360
526 322
224 207
86 92
5 76
213 476
49 343
118 438
597 132
691 52
674 636
168 381
746 240
104 396
295 346
178 730
397 762
671 592
485 336
500 34
106 656
572 200
683 343
88 479
341 518
353 281
504 758
625 632
6 74
723 284
285 690
743 340
578 64
770 374
169 572
17 510
776 291
761 122
450 173
557 297
336 316
567 143
415 367
391 263
536 573
444 631
487 656
219 605
535 764
552 471
257 557
472 663
115 373
573 185
207 517
576 191
359 691
26 587
759 645
598 477
260 23
242 34
777 331
562 174
397 431
414 427
404 335
788 707
659 463
14 633
773 132
37 310
538 460
350 798
692 424
288 117
11 175
348 211
482 318
679 20
520 557
363 99
47 782
745 409
250 353
794 319
783 24
337 600
598 256
325 530
229 584
241 137
199 762
291 750
305 159
749 744
501 435
449 104
300 155
377 289
553 413
504 258
211 87
416 161
119 221
531 213
36 633
392 572
48 611
285 489
554 677
324 789
545 420
754 557
758 468
299 496
563 474
33 519
429 21
143 483
179 109
538 785
743 570
677 169
619 198
238 356
18 601
357 725
219 738
95 414
474 4
494 135
540 736
649 173
292 26
464 234
783 585
126 427
466 566
228 282
478 231
772 489
403 690
175 206
9 772
394 751
797 602
620 717
353 634
142 705
591 667
462 769
494 770
152 92
594 64
783 208
776 307
335 412
167 76
705 671
290 183
443 223
510 574
100 717
771 399
576 419
65 16
718 8
120 639
178 443
3 290
497 4
714 694
742 143
592 389
456 653
688 347
703 29
429 127
104 732
111 67
732 104
461 462
796 368
444 174
670 637
203 413
742 12
727 123
131 491
764 603
82 688
493 116
52 22
327 338
205 573
31 415
480 222
776 416
775 177
637 252
185 106
345 431
443 65
139 548
752 679
552 528
7 19
46 622
300 102
665 18
98 731
501 556
106 773
271 727
104 439
416 697
385 160
97 244
197 714
132 337
534 557
365 215
139 603
253 202
68 636
633 444
690 523
713 505
443 530
287 278
523 251
466 130
90 683
431 68
684 58
482 729
398 636
561 715
162 265
30 167
457 152
715 733
477 675
559 544
90 726
82 476
64 698
791 424
694 24
260 511
581 23
522 80
285 792
515 511
97 336
394 687
318 799
751 457
623 341
716 400
309 535
249 354
344 68
144 461
222 165
635 277
201 334
691 343
766 691
471 765
536 310
591 224
575 466
268 204
8 17
799 401
635 193
628 481
203 463
293 521
668 85
11 783
195 430
353 54
381 64
631 779
297 114
469 466
653 674
366 460
285 26
38 741
610 595
257 340
7 481
258 56
322 275
674 778
165 564
200 152
647 564
465 775
385 296
172 714
682 146
29 428
210 441
559 281
217 31
84 487
756 343
119 34
582 92
703 40
596 742
32 667
278 189
365 797
465 170
216 105
65 711
593 456
349 310
693 576
572 367
662 317
158 675
442 193
555 462
311 360
174 613
760 363
216 494
560 771
265 343
45 149
643 734
529 235
720 440
460 765
491 734
614 192
350 26
110 56
47 213
730 555
262 206
27 68
759 652
764 233
327 681
706 119
288 356
770 501
557 223
238 287
197 646
783 309
84 414
187 689
533 455
589 540
99 223
737 675
646 455
539 696
369 341
230 404
164 745
27 446
354 446
362 407
792 442
749 51
574 498
272 521
346 423
425 228
28 335
252 128
178 584
498 508
207 76
349 76
503 190
63 158
99 729
398 690
712 726
609 490
485 126
431 30
227 752
608 426
784 371
539 553
226 228
32 682
57 377
672 704
195 451
72 472
685 624
180 773
545 485
530 412
551 492
104 143
543 478
632 769
380 161
683 205
790 735
637 744
63 653
138 466
514 256
48 678
32 47
158 560
117 50
196 553
15 164
242 103
707 316
94 485
673 406
296 405
743 366
578 580
296 299
753 772
418 4
285 181
26 509
369 101
144 75
525 259
768 484
411 149
539 288
305 730
627 84
517 63
159 669
76 39
625 93
220 280
630 585
669 249
789 666
552 251
142 235
295 531
515 644
358 231
675 579
797 721
545 106
193 726
409 68
630 786
555 391
224 416
347 416
330 134
526 576
501 565
658 581
655 790
765 49
635 677
526 534
165 406
732 518
245 259
20 742
350 306
523 495
721 94
157 356
233 201
280 514
206 720
11 703
380 316
61 705
110 340
797 734
387 596
218 326
347 735
681 619
223 501
741 476
666 480
556 449
296 414
151 400
782 413
684 331
787 70
307 351
81 453
55 637
394 773
118 335
160 736
335 712
505 188
597 540
270 707
163 472
322 447
273 579
232 359
797 514
73 745
36 385
531 128
462 719
360 548
165 534
18 298
790 348
97 260
317 484
316 629
98 252
367 79
151 646
189 607
194 415
266 586
687 201
706 432
602 724
467 181
479 433
48 212
395 385
339 653
777 389
583 696
183 247
75 795
576 195
372 129
91 38
57 758
689 394
33 424
712 194
233 667
127 205
133 386
268 531
116 582
151 6
126 173
332 363
595 310
554 513
454 725
100 131
6 23
252 225
242 131
45 361
445 696
264 165
758 311
522 538
494 792
534 347
428 101
696 309
95 28
387 628
41 436
231 642
178 126
709 51
104 646
419 452
406 681
606 353
589 694
542 784
776 101
706 438
83 667
536 656
583 156
67 566
578 162
345 205
585 382
560 188
179 437
577 359
289 449
293 46
711 466
30 410
249 783
35 703
117 108
70 23
305 70
470 506
486 363
653 225
446 480
758 150
705 34
343 489
328 500
341 655
607 508
0 537
47 238
478 776
238 589
706 740
734 90
68 183
798 530
689 641
233 236
356 239
163 298
58 220
113 179
298 623
487 357
51 231
467 776
701 372
723 393
439 773
216 597
312 129
200 599
776 441
256 89
199 61
294 198
631 564
166 738
137 631
765 32
285 441
423 149
102 114
507 326
151 150
475 246
670 569
291 151
116 631
729 366
64 504
452 287
99 643
623 483
67 41
441 272
86 377
552 702
16 416
647 188
155 516
101 66
376 402
248 664
15 65
436 15
461 118
156 703
562 258
350 505
94 412
425 618
747 709
448 272
542 48
789 243
748 200
663 394
492 441
618 740
43 280
92 22
17 194
433 22
765 325
276 546
409 438
317 138
17 185
349 58
374 637
530 689
244 307
239 159
48 739
109 221
169 711
515 782
715 259
43 444
353 486
48 797
94 558
444 179
727 247
246 3
413 348
580 350
560 252
153 292
582 545
164 787
35 786
96 477
91 679
104 415
224 126
400 383
159 736
510 103
722 545
179 72
109 515
731 571
356 574
519 480
128 627
56 779
692 591
761 330
477 631
288 112
411 70
13 464
777 29
267 310
523 686
43 714
550 552
217 320
252 706
161 85
618 57
794 81
571 769
336 155
58 622
363 444
466 297
181 797
337 756
26 215
4 408
679 797
498 610
166 776
256 436
121 544
161 398
636 135
353 747
497 398
224 298
559 719
17 509
724 761
777 445
440 678
359 219
492 722
594 424
781 784
453 522
759 49
611 331
669 362
165 285
554 249
534 596
107 242
143 23
142 276
210 642
791 353
367 129
598 524
699 69
46 96
148 661
414 213
512 747
245 118
390 452
216 604
179 628
485 778
765 483
649 255
377 197
755 192
331 754
633 233
509 165
46 164
223 95
647 386
84 772
569 281
152 782
54 174
682 659
268 109
485 531
651 351
271 445
637 292
313 267
479 601
678 264
506 31
370 208
675 750
165 589
195 371
56 640
256 566
608 221
604 300
415 469
401 495
332 370
760 116
502 37
276 417
192 446
259 284
484 553
214 116
632 335
136 80
541 219
431 506
756 66
331 707
676 254
132 338
286 779
476 418
737 411
177 412
306 218
575 573
334 209
208 33
321 575
652 651
416 313
759 769
318 530
120 2
626 663
172 128
340 133
295 514
269 176
742 140
655 585
783 118
447 688
246 792
491 31
610 678
597 245
658 570
616 191
262 9
369 464
436 13
523 140
99 452
784 447
124 667
499 331
321 496
368 530
726 239
186 89
198 626
388 77
559 43
592 104
662 546
10 102
752 794
349 37
141 606
80 215
116 461
721 188
70 566
242 745
771 146
473 641
496 398
280 269
726 395
292 80
470 501
584 479
236 205
543 64
153 107
570 601
58 70
767 532
124 435
249 189
386 366
361 714
571 479
762 262
322 435
690 669
707 585
261 320
274 680
386 155
249 160
148 412
19 679
39 586
351 198
776 692
771 457
508 225
510 540
369 4
22 723
781 387
607 622
0 478
131 116
486 470
355 273
159 204
687 276
183 10
505 250
76 269
264 451
215 36
493 254
610 234
370 115
119 122
327 316
304 703
417 171
627 476
84 187
209 268
763 304
341 779
655 481
483 384
238 24
589 468
606 123
595 273
19 233
639 454
443 198
71 36
296 754
246 730
583 104
306 764
115 29
17 419
197 474
734 331
18 515
446 114
239 158
269 609
769 283
27 735
12 765
286 724
218 318
77 624
653 502
74 554
229 756
358 770
208 332
479 405
52 784
25 617
546 464
677 390
182 752
52 374
143 357
326 6
574 186
391 682
464 615
419 378
396 525
22 792
4 201
608 372
607 100
12 304
114 41
352 772
741 231
136 468
443 295
733 713
331 750
185 449
570 171
676 705
200 339
603 598
328 472
26 736
698 556
685 473
528 115
556 130
491 41
374 715
36 605
323 734
738 774
12 329
162 509
141 542
499 292
328 620
463 257
192 668
536 73
515 31
260 326
3 72
178 269
151 224
690 291
623 43
3 369
143 554
562 281
343 101
127 68
277 781
256 508
687 149
43 297
730 792
383 589
517 752
677 421
122 538
568 449
419 369
494 665
31 706
153 558
420 243
794 537
459 671
611 546
28 253
167 479
211 791
727 679
672 604
153 586
490 704
565 178
265 341
649 739
141 633
158 225
5 491
733 88
196 727
748 779
793 516
224 719
467 204
752 434
520 307
622 62
16 290
142 763
738 141
753 275
220 636
218 528
232 245
439 37
226 378
476 439
35 261
243 300
177 364
683 586
704 632
546 307
358 249
349 147
63 790
654 460
657 422
713 666
758 122
575 436
614 775
202 217
75 774
724 681
47 458
261 259
289 67
97 101
195 283
23 565
708 82
391 574
155 345
703 599
650 320
796 210
188 318
768 584
176 485
677 14
284 771
536 515
753 579
518 336
713 708
332 120
93 661
442 351
361 226
440 150
534 446
323 227
556 197
299 526
710 611
213 575
366 322
158 714
281 786
696 733
284 214
164 108
593 182
359 26
274 35
16 92
509 176
645 556
31 331
797 603
337 72
533 746
63 325
578 773
43 778
58 354
511 387
769 57
104 453
39 696
36 115
47 370
263 449
517 126
389 557
168 347
704 639
615 722
724 203
186 457
59 425
432 790
318 649
376 643
678 478
186 427
224 362
573 77
95 797
706 490
542 410
424 451
354 278
760 607
632 584
501 549
89 652
13 94
422 203
19 158
497 551
255 244
431 541
501 624
664 617
566 49
3 708
794 724
116 396
339 489
711 698
549 578
516 125
612 667
353 110
249 307
216 434
765 704
708 66
720 608
664 668
598 607
106 637
169 231
692 373
555 382
664 575
44 238
267 41
175 719
668 270
81 408
682 414
23 451
729 340
56 794
127 746
463 684
412 396
345 245
510 560
788 326
647 33
627 292
759 741
152 24
747 283
586 623
536 759
549 8
385 569
190 133
630 143
92 643
568 215
160 586
466 367
167 704
663 197
479 236
798 541
152 3
317 476
333 686
731 323
583 431
294 385
181 621
710 309
201 563
276 684
217 375
155 379
0 327
477 548
199 600
618 655
624 533
345 619
311 324
148 739
79 187
591 688
471 220
731 669
149 631
316 284
407 296
594 406
621 611
273 777
629 534
537 588
182 169
262 514
470 505
776 229
545 80
425 735
458 651
1 681
228 119
15 205
760 154
386 673
212 688
77 73
747 145
143 267
791 710
692 212
220 359
289 621
502 139
603 485
335 6
114 610
418 553
604 453
557 142
587 220
673 790
576 775
698 618
583 269
149 41
132 302
513 544
388 590
306 337
322 206
472 270
484 356
274 535
99 712
568 699
563 753
163 72
523 785
644 358
100 357
498 97
107 513
100 792
183 234
774 752
461 744
228 269
145 35
270 179
319 396
101 231
423 533
562 606
601 332
323 178
32 271
158 230
118 535
774 670
713 775
239 272
766 461
316 763
454 437
558 368
627 245
568 741
538 254
317 306
203 640
703 718
768 615
788 483
56 114
640 89
113 531
341 172
332 527
417 363
159 140
783 384
120 666
476 105
279 405
717 109
291 366
522 265
122 450
229 516
43 760
53 126
93 75
28 535
360 210
401 106
428 397
93 789
557 562
93 30
388 331
352 783
332 487
416 764
316 233
694 579
11 305
476 662
211 260
17 140
622 194
298 176
34 746
165 416
46 289
35 504
209 360
553 423
299 750
482 103
379 797
619 790
476 235
518 744
289 343
272 300
613 309
640 799
391 619
421 709
112 555
464 584
648 569
635 194
594 258
99 61
461 93
124 444
502 129
277 771
677 312
68 336
198 302
223 462
73 670
226 776
402 277
322 414
291 84
364 508
456 20
191 342
608 334
334 263
339 7
500 123
738 39
613 203
515 337
170 633
261 760
103 612
454 155
201 417
176 197
521 609
205 676
130 351
446 377
487 223
779 529
347 334
632 692
583 378
556 376
165 338
241 691
286 669
609 300
234 335
702 226
725 324
85 388
135 40
302 111
546 98
331 370
429 301
534 314
618 408
291 223
685 229
676 95
711 460
780 546
681 77
710 328
423 587
668 36
187 176
379 775
87 195
441 518
619 215
78 138
624 24
559 63
20 63
145 15
158 30
6 347
687 552
315 768
463 723
631 586
755 685
229 502
55 374
81 787
521 469
781 473
781 499
75 483
16 168
135 171
672 446
281 488
80 11
701 234
317 671
270 791
743 117
240 354
604 483
567 87
77 269
660 196
690 324
501 90
90 243
664 326
646 40
438 101
492 56
144 403
701 691
239 592
329 339
663 450
20 771
47 81
777 8
647 309
430 531
149 44
180 641
324 787
143 141
633 469
306 157
477 94
641 545
479 173
370 468
272 367
63 389
731 433
723 247
503 765
633 465
251 320
158 492
499 753
225 334
544 204
590 242
693 742
688 305
609 579
44 326
650 542
206 589
337 330
263 398
75 344
379 695
461 8
344 281
725 108
251 359
795 762
34 275
291 537
323 686
361 776
241 397
575 779
744 171
51 255
737 557
554 206
614 373
455 657
523 166
777 371
627 66
715 36
679 329
390 536
463 514
334 353
400 318
420 702
419 504
135 746
319 54
227 576
378 589
386 638
219 536
191 154
380 404
731 602
225 174
539 327
770 45
182 420
279 413
132 99
111 500
421 179
723 652
570 115
235 275
438 85
479 65
580 318
461 672
679 502
451 686
200 609
162 150
496 4
18 71
571 474
297 389
686 14
658 464
655 732
650 179
492 358
7 166
779 424
33 667
624 530
118 29
69 243
689 330
766 15
342 429
124 428
395 785
329 764
774 9
732 707
468 630
43 571
516 341
714 3
767 277
531 5
209 588
31 176
781 793
541 763
431 548
152 20
54 593
437 568
28 754
780 556
689 356
100 670
405 580
318 587
393 301
270 206
194 658
226 457
124 482
584 434
587 442
114 409
184 339
469 703
217 770
553 215
334 185
647 652
652 611
23 147
744 447
615 407
759 643
692 149
719 640
249 627
533 790
534 277
281 234
186 679
305 468
500 410
787 396
497 336
278 124
522 21
493 281
528 638
707 151
697 143
90 306
462 75
780 752
12 176
133 266
730 582
237 721
358 482
21 174
240 796
644 232
232 218
623 299
794 504
229 471
209 471
762 293
611 58
527 642
461 458
359 287
24 193
178 309
49 15
242 597
661 760
202 227
50 520
39 592
114 676
328 774
528 745
521 114
377 441
424 206
637 220
757 787
490 772
44 0
574 209
745 117
1 440
760 345
762 194
240 7
295 182
31 738
260 350
448 96
548 91
346 221
161 467
430 36
241 565
339 97
710 342
397 77
545 446
61 216
161 647
80 306
544 582
136 710
519 710
31 116
733 228
526 29
86 173
744 581
479 506
357 476
407 654
447 352
157 392
684 602
313 285
697 414
660 274
637 500
240 535
109 680
583 654
126 560
321 355
193 242
445 707
118 295
558 759
718 557
223 761
208 379
715 774
80 469
86 9
571 688
426 341
136 490
793 280
66 431
729 532
677 652
389 287
383 535
10 344
517 394
115 306
158 449
109 533
330 740
331 430
628 601
279 468
703 330
599 277
312 343
796 23
149 495
13 782
383 705
80 698
557 219
295 153
243 50
263 273
305 250
330 209
549 369
473 591
691 76
245 247
504 72
774 594
270 98
737 585
104 114
447 629
650 664
223 602
534 422
667 133
354 210
693 155
274 92
477 382
75 385
301 240
318 112
661 595
516 555
366 47
0 211
38 604
62 492
653 165
207 41
136 554
124 403
180 614
660 590
205 143
569 702
236 696
113 753
440 749
405 731
526 241
182 602
22 119
242 433
501 303
291 362
759 408
115 427
698 67
74 96
183 468
36 720
64 327
323 653
699 610
3 127
179 146
406 460
547 255
770 101
459 235
308 659
323 783
679 635
698 226
54 623
316 741
388 702
439 120
579 617
710 702
47 627
384 758
95 480
671 647
195 405
59 134
306 380
27 255
117 123
575 69
654 510
267 231
450 685
78 762
708 7
302 196
447 519
505 776
87 186
316 734
492 241
445 56
590 755
636 769
135 50
482 439
640 16
584 597
732 147
304 450
573 697
297 622
701 532
622 564
267 715
516 738
353 451
746 125
564 635
438 715
193 4
585 367
782 116
279 592
186 67
323 97
532 210
571 543
133 711
500 475
198 620
627 601
122 411
624 684
60 97
264 22
216 13
44 480
474 56
207 686
10 436
258 179
127 756
378 575
139 35
81 302
321 769
178 780
511 775
501 683
554 324
241 607
380 61
170 511
230 362
101 61
376 684
347 87
398 320
403 400
607 500
419 604
99 665
356 333
548 685
129 88
182 245
512 517
794 467
198 648
521 762
463 115
275 360
425 522
408 545
70 249
427 290
52 130
376 289
6 227
151 259
620 556
170 31
344 741
82 127
381 319
558 679
365 383
461 767
154 278
601 317
720 535
553 483
422 568
344 799
532 378
156 79
750 64
162 118
428 234
467 643
647 80
99 159
54 340
786 699
162 482
703 453
741 345
626 416
307 41
673 788
157 14
307 166
351 787
497 393
19 603
115 69
534 725
224 195
203 152
482 41
329 497
26 471
642 119
188 423
753 769
585 417
202 260
540 727
549 712
279 429
752 292
701 18
349 606
162 59
228 163
261 205
507 277
612 401
500 575
29 220
622 346
376 566
670 392
34 651
746 383
430 184
654 498
100 182
611 542
370 361
223 745
257 217
146 592
730 168
709 450
117 315
799 663
667 67
131 675
785 268
8 295
521 208
409 570
289 358
227 719
453 744
216 229
25 315
655 718
641 535
232 604
64 628
320 379
103 48
304 579
468 527
488 165
22 49
207 93
323 7
99 670
380 191
294 666
431 13
221 621
623 547
103 506
98 575
454 527
385 302
560 644
184 256
149 650
247 585
140 498
40 247
109 196
641 81
632 215
130 703
756 551
113 747
166 721
168 554
148 570
90 52
137 548
71 561
245 147
313 516
644 425
323 328
708 485
517 738
632 788
459 248
479 505
547 509
340 620
524 697
263 677
336 206
785 95
148 158
83 376
420 723
7 113
101 474
67 450
122 667
355 34
643 287
362 228
600 587
164 350
387 591
599 506
24 688
373 222
168 653
771 508
202 403
60 271
714 209
795 595
97 607
658 312
307 438
789 736
129 111
445 36
557 204
434 328
738 731
545 296
6 5
480 672
207 600
67 207
705 398
682 437
614 256
636 84
311 759
46 642
602 300
475 430
780 44
187 737
523 725
575 623
309 224
368 534
445 310
115 305
717 542
378 13
322 165
134 597
57 762
617 378
197 727
572 410
78 770
455 111
330 20
246 706
525 638
412 151
732 219
198 476
477 403
56 4
587 84
462 152
224 152
473 369
601 238
85 45
771 205
95 174
501 452
249 750
409 10
477 345
272 55
12 397
52 313
744 304
403 266
321 650
673 541
769 118
744 605
35 678
728 688
235 655
433 510
48 750
544 480
473 214
250 602
561 112
541 775
657 667
576 655
156 513
340 144
414 223
588 495
366 597
174 329
407 531
178 461
409 447
482 231
769 248
464 202
16 491
329 359
146 571
482 584
58 782
103 570
678 737
174 352
429 121
261 299
698 497
198 696
241 575
286 620
755 700
503 383
232 309
673 17
109 286
499 289
29 82
472 490
548 760
335 91
625 190
401 722
360 206
38 230
248 25
158 255
388 436
603 597
94 22
797 70
591 540
775 346
745 677
545 58
740 166
501 465
687 257
750 100
652 174
57 388
355 791
81 750
5 760
708 671
438 209
101 294
205 712
783 796
611 722
181 206
694 273
285 552
99 691
701 787
666 610
659 299
378 688
102 434
219 261
520 82
215 757
501 38
523 290
632 595
51 607
344 304
230 619
420 624
121 53
759 118
555 745
164 327
355 112
269 526
436 266
238 751
591 100
501 315
113 127
394 412
529 122
459 585
434 130
296 775
618 221
778 431
429 51
489 591
295 541
628 405
266 472
550 343
614 457
497 341
447 583
721 403
370 253
357 689
260 253
378 64
761 238
478 148
450 156
684 645
694 80
65 498
692 710
636 734
268 158
145 641
663 207
563 329
243 554
250 607
340 138
624 479
549 771
532 119
596 220
775 82
193 295
126 785
60 388
700 252
661 44
342 339
774 529
292 29
332 55
606 709
486 222
304 745
614 435
370 555
160 14
528 275
402 165
418 91
27 130
595 1
631 504
328 799
564 17
535 573
58 493
370 453
543 632
510 647
248 469
207 111
604 216
663 689
337 276
153 652
752 719
89 776
647 794
420 751
307 113
421 637
478 254
62 141
548 797
661 341
616 379
17 93
526 686
237 197
462 280
659 351
488 631
671 95
701 302
501 362
190 108
694 270
109 492
735 781
596 328
138 505
365 366
554 96
543 604
635 753
254 82
589 120
166 149
501 799
163 744
768 382
451 47
799 789
275 669
77 647
265 710
527 752
80 9
732 733
639 795
173 262
303 721
301 770
585 73
448 512
186 490
780 549
756 764
589 40
797 48
596 517
246 740
192 189
678 540
661 236
39 614
303 702
521 763
209 537
619 616
198 678
188 10
275 61
59 433
521 519
651 123
505 561
702 777
378 336
489 336
480 116
125 104
242 376
273 59
166 281
798 47
254 398
84 293
446 531
381 27
725 117
629 625
409 525
401 350
195 576
736 34
123 488
105 640
157 19
253 377
536 616
663 702
740 625
8 397
359 767
205 725
691 712
387 150
448 319
283 394
643 143
226 419
142 389
353 246
132 675
246 121
57 453
80 266
276 637
278 779
131 380
146 412
6 696
450 384
291 142
76 231
180 70
269 627
150 636
453 784
460 413
269 519
4 702
723 334
318 228
73 474
790 544
532 374
113 679
722 601
81 63
710 566
345 235
559 81
101 156
399 758
185 514
667 525
709 23
726 87
294 342
131 92
239 347
541 45
468 304
6 523
411 284
12 682
458 582
665 210
576 594
228 211
273 611
555 144
330 794
548 338
278 72
410 307
198 425
117 569
162 552
757 238
275 481
305 499
35 488
49 128
741 254
240 277
328 587
730 99
360 365
130 771
735 24
602 531
614 263
254 238
797 361
253 232
618 622
789 120
558 7
556 290
612 499
552 760
44 30
601 167
152 583
234 273
293 464
99 475
18 260
571 239
543 728
776 564
591 310
778 550
381 262
738 82
414 626
181 522
339 556
592 117
206 104
213 481
722 187
457 111
382 547
359 185
719 327
432 208
30 549
220 590
652 533
290 674
366 775
767 402
498 371
253 627
452 497
558 466
665 111
310 297
23 250
463 109
737 205
794 397
428 402
195 409
670 537
708 454
392 14
436 241
100 287
345 69
191 661
615 538
32 548
120 29
62 493
329 422
269 481
247 99
419 189
68 328
421 337
71 430
658 567
23 387
60 122
640 663
70 218
16 255
254 508
210 436
637 686
549 674
367 304
89 699
303 58
590 634
188 366
401 183
176 188
423 508
250 371
768 487
454 261
182 794
542 252
177 58
469 4
739 409
153 223
241 34
406 618
239 366
765 742
297 506
32 92
662 595
115 249
430 635
571 751
704 304
26 436
134 282
739 691
223 655
97 91
521 748
788 379
536 770
463 396
518 553
388 747
162 531
273 366
70 4
697 773
481 603
613 731
774 694
599 690
660 143
455 600
486 569
380 424
658 746
322 315
698 134
176 601
674 650
472 580
151 129
72 550
373 387
357 720
53 276
664 690
575 202
292 206
420 41
714 402
180 452
756 697
798 796
667 773
573 620
797 455
759 114
567 392
334 485
152 694
746 706
462 247
261 16
132 485
181 688
353 644
53 447
212 300
713 29
95 619
486 795
352 464
555 118
702 148
54 24
130 545
419 635
245 700
609 243
573 125
595 402
328 362
152 573
157 778
560 365
493 356
251 593
356 275
613 441
153 701
361 288
482 339
324 139
621 280
788 275
568 549
