800 4780 2400
21 25 18 14 17 9 13 24 19 9 7 19 22 7 14 13 25 8 14 20 20 11 14 18 16 21 14 15 12 22 23 6 18 25 9 10 21 9 18 19 5 9 14 21 9 6 12 12 6 9 25 13 19 25 18 21 10 5 16 24 6 18 7 9 20 25 21 18 19 14 13 14 20 16 8 22 12 10 9 25 8 5 18 14 7 14 24 19 12 15 16 23 21 10 25 9 16 22 5 18 24 10 16 6 25 18 20 6 22 15 8 24 16 18 24 25 7 19 12 19 5 16 7 7 23 9 24 25 17 10 21 21 14 17 15 5 5 14 9 12 18 9 9 10 12 14 19 13 20 13 12 21 16 20 19 24 23 7 14 22 10 22 7 10 6 6 15 6 25 23 25 13 6 18 7 11 13 9 7 15 10 21 9 13 6 22 9 16 20 18 15 8 14 5 15 17 8 21 7 18 21 13 6 21 23 11 20 16 20 25 24 15 11 15 14 24 6 21 5 22 18 5 12 23 10 20 6 15 8 9 9 23 22 8 16 9 9 9 15 13 19 23 12 21 14 18 7 13 9 18 21 18 11 9 15 17 21 12 21 7 10 5 23 16 18 22 25 16 20 5 6 12 9 15 10 22 17 21 17 13 6 14 22 6 25 18 22 16 25 9 24 22 16 5 5 16 23 18 13 15 20 9 5 19 22 10 17 10 24 16 21 14 14 12 23 24 12 23 9 15 5 16 7 14 6 12 24 16 12 5 7 14 17 8 15 22 6 25 24 8 13 16 11 11 11 11 9 11 16 14 12 10 9 24 10 22 6 14 15 17 17 5 15 22 5 11 22 18 17 7 21 12 22 18 25 17 7 23 19 23 24 5 10 6 9 7 16 25 17 17 15 20 18 15 18 14 13 11 21 5 9 25 11 21 24 14 15 10 17 17 15 11 16 6 19 17 23 13 24 23 18 9 17 20 10 24 23 19 17 8 11 12 8 10 11 20 20 20 19 11 12 17 11 11 23 10 14 15 16 19 6 20 18 17 23 6 10 9 9 23 21 10 25 7 11 10 7 20 6 18 21 13 9 15 20 6 10 10 13 14 19 12 12 15 6 17 10 12 23 20 7 24 6 14 14 8 10 19 8 12 16 20 21 19 19 9 18 21 16 14 25 15 14 19 21 25 5 23 16 10 20 7 14 25 25 22 15 25 22 17 19 8 12 7 25 20 19 17 23 15 15 21 9 17 22 18 15 19 10 8 22 12 19 17 13 12 24 5 14 20 9 11 6 5 6 13 20 18 15 22 8 25 25 24 8 22 25 6 13 15 11 9 7 16 12 15 9 15 17 15 10 25 23 21 19 15 17 14 8 11 21 22 20 19 9 22 6 12 8 12 21 11 16 21 23 22 14 7 12 10 19 19 13 25 7 9 12 9 7 22 7 12 21 11 19 19 23 5 23 13 21 9 14 24 17 12 9 12 25 10 13 12 16 9 6 22 25 22 6 20 25 12 21 5 19 22 22 8 22 5 24 12 22 13 24 5 22 19 15 13 10 5 6 22 23 7 21 11 21 13 23 23 5 23 5 6 10 22 13 6 14 6 23 8 17 11 18 21 17 24 17 15 22 24 25 9 21 7 24 20 7 20 6 24 22 21 8 11 22 22 9 7 19 10 22 10 11 13 18 10 17 8 7 25 7 8 12 9 11 9 6 23 17 6 9 10 5 12 22 15 5 17 14 13 19 17 23 21 6 16 13 10 9 7 21 22 8 12 16 21 25 21 10 17 23 23 11 19 19 9 14 7 10 19 6 8 5 11 17 19
3 5 11 13 9 16 8 9 4 15 4 10 7 17 18 8 15 14 20 17 19 9 15 15 7 16 4 9 11 4 14 8 6 20 9 8 10 17 7 7 18 8 8 16 11 10 16 13 4 3 9 19 14 15 7 13 9 18 17 12 9 19 7 6 3 13 7 4 6 6 14 5 7 10 9 4 3 8 6 11 4 20 4 5 12 9 14 18 4 19 5 8 15 8 6 20 3 13 11 11 17 17 19 20 13 7 9 8 4 3 14 11 6 11 14 11 11 12 7 8 11 5 19 15 5 7 20 6 6 15 8 8 3 11 19 3 4 10 16 8 12 16 16 10 13 13 3 5 7 14 10 4 4 6 12 19 6 3 9 11 6 16 14 19 14 11 16 9 15 5 12 5 10 11 16 7 16 20 15 4 7 5 4 16 14 14 13 9 20 10 8 8 11 7 18 11 4 13 17 20 20 16 18 4 14 9 20 6 19 7 12 6 20 20 6 17 13 18 14 9 16 12 7 5 5 9 20 13 18 3 14 8 15 15 19 12 5 17 16 13 8 11 5 8 20 12 12 9 19 14 20 10 14 3 10 8 9 5 7 7 16 13 9 8 7 9 9 18 6 18 10 17 12 8 7 15 10 19 4 13 15 13 5 11 20 17 6 5 11 14 20 5 6 12 17 20 11 18 12 17 19 4 3 16 16 18 20 16 17 20 19 10 4 4 14 3 3 14 10 9 6 18 6 6 9 10 12 8 6 18 8 8 16 6 19 6 18 13 11 6 16 4 10 4 6 7 19 15 8 11 15 13 6 4 17 4 20 19 3 20 10 13 12 10 8 3 3 18 9 14 8 17 11 8 4 12 20 10 19 4 4 3 7 13 7 20 10 8 19 5 11 17 3 10 17 18 18 17 8 13 17 19 17 10 3 12 13 3 7 13 9 12 19 16 13 17 3 8 5 3 5 3 5 9 13 20 17 16 19 8 5 5 10 11 5 16 16 7 8 11 14 4 5 4 11 8 7 9 6 3 8 19 9 11 10 3 15 13 7 6 18 7 18 15 14 10 5 10 12 8 16 15 20 5 16 14 13 10 14 18 5 6 15 3 3 6 14 3 19 14 10 3 19 20 9 16 17 6 9 7 4 8 9 20 19 14 13 11 7 14 8 11 12 9 16 11 6 3 18 6 13 3 8 9 12 12 11 14 14 6 9 13 3 20 7 19 13 11 16 3 13 17 15 12 11 14 9 14 12 17 12 16 7 13 3 19 10 15 20 3 12 14 5 4 11 12 15 13 18 20 11 4 6 20 4 10 13 16 7 8 7 4 13 20 20 7 13 9 6 14 17 19 12 9 18 17 12 7 17 20 11 3 19 8 10 6 13 8 4 6 13 15 15 4 5 14 14 6 12 9 19 13 9 7 13 20 11 20 3 11 8 12 12 4 6 14 10 8 20 17 3 16 3 5 19 15 16 5 13 3 11 9 11 13 16 14 9 17 12 18 8 7 6 13 11 10 10 7 19 6 10 6 12 17 19 7 12 12 13 3 4 13 11 7 8 16 8 11 7 7 10 6 16 15 20 5 16 20 4 13 10 11 11 4 12 4 11 7 14 3 17 16 17 13 16 4 6 14 5 3 14 11 4 14 5 5 13 19 8 7 15 12 19 6 14 13 12 16 9 14 11 20 15 6 12 8 4 19 4 10 19 16 10 20 8 18 15 3 7 5 5 3 17 4 20 5 4 16 6 10 9 16 8 15 4 18 12 4 14 11 12 6 18 6 4 9 19 18 8 4 13 17 4 18 16 15 6 14 12 13
438 507
480 711
758 716
600 776
291 415
409 462
331 713
298 284
59 346
310 534
108 141
603 263
737 159
441 292
397 6
2 283
323 677
753 276
780 766
465 781
767 504
338 235
261 514
543 60
502 486
777 540
350 772
56 420
495 681
331 504
614 4
586 393
624 604
215 789
389 486
769 127
344 374
239 37
235 108
307 384
791 130
312 458
619 89
604 125
114 187
159 387
772 138
239 577
332 227
111 797
267 272
590 288
491 337
366 571
681 403
509 141
444 169
484 647
172 343
321 577
794 306
317 59
147 351
379 514
437 597
588 511
705 306
205 551
295 313
706 136
657 754
55 378
666 460
663 306
86 572
765 599
239 649
148 228
724 549
614 561
98 163
27 182
119 605
357 64
572 555
124 253
594 198
512 258
101 648
646 497
347 7
165 437
378 93
656 72
316 511
727 367
385 508
121 282
215 607
303 107
562 498
679 650
210 709
107 621
595 474
141 798
604 46
794 297
369 395
606 63
445 313
191 341
217 331
683 263
383 666
61 510
760 125
25 233
95 494
240 762
774 720
120 766
646 420
549 110
124 754
754 404
184 619
533 20
203 51
317 679
543 268
474 680
650 362
346 375
290 140
664 750
106 527
601 174
780 640
588 675
793 770
579 293
798 100
602 553
585 453
798 77
533 643
145 229
423 472
421 669
406 195
226 494
300 711
159 46
194 357
89 474
168 593
482 671
294 737
415 528
761 638
795 132
597 456
63 637
410 99
435 367
83 145
360 607
717 197
352 692
561 746
181 646
759 397
523 545
303 252
699 772
7 726
799 384
208 225
229 77
275 2
37 726
323 247
522 305
728 76
258 549
174 604
281 349
373 356
83 781
589 160
389 361
619 484
493 18
656 171
570 46
291 245
322 606
797 435
294 19
760 270
290 71
550 20
24 10
659 343
690 731
775 278
340 772
394 260
342 719
704 342
228 94
109 582
213 679
738 486
412 528
720 417
429 9
203 157
411 782
381 523
734 507
583 551
700 409
455 586
512 621
627 576
481 289
514 329
353 652
633 289
223 286
577 110
495 774
594 46
254 731
175 304
390 134
43 246
1 786
258 2
212 153
468 381
197 752
114 658
359 714
75 190
328 683
706 744
586 271
697 122
430 82
713 55
21 670
176 209
340 32
653 735
82 570
488 184
423 706
410 219
549 330
192 191
477 243
403 769
242 552
504 215
57 130
661 49
398 518
551 763
96 722
131 156
775 375
42 419
304 105
675 561
774 263
389 717
525 751
320 595
214 499
623 43
740 240
469 61
264 507
105 545
233 120
226 345
71 779
395 477
733 493
252 99
140 72
677 739
627 208
475 393
299 715
582 683
631 149
292 550
179 478
392 225
294 375
181 525
544 427
67 498
69 479
728 68
799 413
76 84
31 104
362 488
799 234
655 444
738 621
778 530
620 660
203 3
10 378
143 525
133 438
676 338
373 587
401 371
166 787
147 287
536 317
130 673
689 426
276 174
544 547
66 555
738 691
339 150
592 500
736 172
186 746
341 635
303 772
596 248
170 735
208 103
584 441
177 395
249 409
501 211
30 363
520 78
737 248
375 180
607 565
303 171
275 670
98 682
5 429
679 289
583 229
229 340
603 785
88 636
441 721
778 463
435 790
142 53
561 425
514 754
452 212
342 619
747 224
248 280
414 343
686 49
255 248
394 437
424 450
217 775
784 88
665 545
172 160
509 212
661 744
466 122
403 34
133 92
630 707
207 630
614 392
349 734
79 480
270 742
652 0
379 176
6 613
612 382
394 514
68 578
346 29
771 320
123 20
707 422
499 98
362 633
572 9
781 665
44 516
341 144
501 462
571 545
429 246
354 93
421 548
701 556
555 355
169 701
714 77
373 62
419 431
734 108
381 377
313 211
665 616
293 359
473 624
179 344
241 188
672 678
659 691
625 677
715 430
315 652
243 672
539 591
20 24
434 182
275 795
518 114
171 314
17 317
230 731
578 683
61 266
725 233
673 248
663 45
395 793
515 474
53 376
141 8
34 746
184 106
125 234
768 320
393 462
74 0
128 164
406 709
578 214
634 354
311 559
403 228
167 188
54 377
173 269
139 317
176 457
322 705
333 682
789 317
241 251
535 753
353 83
530 127
657 306
365 27
754 336
277 408
47 66
712 703
749 210
372 665
293 337
730 250
232 349
346 656
743 346
312 105
286 432
282 103
191 733
234 213
711 411
792 664
522 748
420 588
375 372
679 388
556 14
199 70
541 501
605 738
478 689
292 793
180 752
387 264
47 123
467 320
650 128
609 391
39 620
560 496
587 401
123 325
295 332
76 305
412 142
73 27
787 567
294 73
518 596
39 343
335 218
218 182
450 152
357 557
508 562
495 92
576 129
157 96
577 2
550 653
742 745
268 155
580 549
201 211
536 130
741 286
610 58
280 538
472 525
726 655
643 779
461 677
458 186
777 163
203 662
217 667
469 379
227 402
576 22
675 511
751 636
712 342
489 768
436 400
557 334
508 113
449 635
240 564
386 626
409 398
247 635
785 378
456 420
688 137
136 706
27 62
622 529
137 203
614 177
784 378
496 540
728 286
529 232
147 401
50 519
22 769
445 280
739 326
45 93
780 181
59 183
669 796
642 498
793 315
391 747
182 325
204 504
631 489
306 247
44 350
464 345
344 41
27 460
626 439
628 511
647 123
726 143
208 43
530 165
774 380
439 68
4 390
761 433
152 673
104 381
620 180
406 719
43 381
104 398
780 509
347 161
456 641
681 384
653 408
305 122
636 659
671 500
113 22
791 96
487 64
5 1
483 568
737 676
365 42
663 402
233 688
733 577
104 160
61 678
696 644
72 615
346 724
650 532
512 61
87 347
96 304
215 446
633 137
33 651
657 667
137 190
269 538
588 52
75 629
258 361
414 633
543 516
734 253
74 491
175 421
510 45
774 377
260 662
296 292
80 708
29 718
448 135
134 230
374 249
511 364
208 68
162 315
268 655
636 366
617 744
125 293
161 271
689 656
348 408
342 110
743 213
773 216
332 550
328 8
434 443
46 481
363 303
756 437
760 708
552 635
475 248
328 493
417 504
317 360
430 149
479 70
344 101
219 387
216 568
191 232
48 430
588 730
540 75
253 10
210 4
122 53
676 376
64 266
300 272
715 49
220 523
406 472
525 738
512 323
208 399
75 333
584 508
291 350
574 359
137 486
590 357
101 589
261 61
103 366
185 632
540 497
49 638
550 599
91 110
211 182
337 138
250 567
743 524
213 66
386 20
513 254
492 529
612 528
493 677
34 169
197 572
792 766
271 711
20 162
413 676
399 506
564 22
98 224
446 310
100 487
216 144
16 440
30 518
785 664
0 348
690 373
12 386
577 606
667 478
428 198
582 191
664 511
468 53
9 297
8 54
10 523
541 23
315 80
483 462
556 716
743 401
433 239
762 494
56 639
272 608
7 779
357 666
590 516
393 149
81 618
688 485
774 41
475 731
507 748
651 591
645 689
440 160
701 653
524 19
202 161
756 9
474 90
239 106
590 118
642 561
519 623
576 695
418 246
694 220
798 285
397 625
798 572
647 12
332 265
402 462
594 348
393 775
247 113
304 409
115 495
365 596
579 689
61 247
776 339
58 172
82 256
516 695
561 575
27 96
612 597
113 52
477 354
444 634
192 103
468 664
86 299
493 705
542 448
652 58
259 789
226 447
589 486
579 539
234 402
597 95
400 534
261 218
116 307
314 429
402 96
115 129
278 377
184 695
435 727
450 571
661 39
598 673
298 548
732 316
339 422
225 213
27 620
639 681
51 327
147 500
469 706
118 235
353 687
729 735
367 695
243 251
690 77
780 398
259 788
559 241
333 780
147 422
566 214
7 48
303 95
428 110
361 481
508 104
729 88
127 468
189 454
211 20
216 659
384 654
747 764
482 198
600 689
605 462
164 100
406 360
498 446
661 553
316 286
609 792
18 157
155 260
164 712
276 153
225 32
672 168
20 414
565 603
433 162
594 458
13 556
27 86
527 497
253 606
106 422
318 712
664 500
383 755
534 20
403 191
480 670
28 381
37 158
361 292
707 709
440 695
51 141
749 474
331 403
716 43
204 521
180 598
496 651
273 504
597 308
371 264
759 692
53 766
601 409
346 684
297 562
346 179
82 446
675 536
178 114
547 337
788 539
441 455
161 665
713 309
550 344
230 496
591 629
598 609
158 761
279 17
493 567
25 19
546 462
405 3
331 132
610 339
324 414
733 302
249 66
629 561
432 208
692 255
692 43
771 700
77 196
763 607
240 584
374 36
493 176
92 624
689 669
57 43
386 204
4 166
403 760
762 107
248 495
279 323
30 445
41 546
491 312
360 634
493 784
301 437
492 556
758 170
202 739
190 198
230 761
352 228
53 493
378 306
63 469
371 28
485 257
337 33
63 774
701 486
520 126
736 30
82 521
787 355
198 660
463 422
529 732
104 530
128 415
644 147
427 773
320 239
461 408
610 286
566 180
1 61
277 646
293 407
11 744
795 568
329 553
670 560
736 448
374 97
59 732
627 706
271 90
66 706
680 251
790 396
72 308
525 161
313 39
69 592
513 479
50 106
473 78
601 53
726 480
322 411
140 238
356 435
383 354
324 525
764 712
724 366
244 414
794 660
270 105
159 440
3 42
403 771
177 33
760 174
247 349
84 49
91 768
736 268
333 504
185 382
96 59
704 277
566 507
761 48
424 79
130 403
213 248
448 399
7 631
208 280
718 412
41 738
214 515
747 67
629 236
718 699
284 744
399 769
264 138
385 732
257 134
459 467
181 48
549 140
620 113
287 757
501 108
227 763
546 779
763 611
108 40
298 285
104 757
788 320
153 294
250 271
258 637
381 100
313 462
317 286
263 292
440 644
349 20
524 509
469 150
67 294
704 39
460 75
258 711
162 475
484 401
335 417
636 592
13 466
570 747
458 75
351 253
690 171
301 798
667 276
34 369
55 262
79 462
731 32
318 23
69 114
215 573
94 394
658 486
363 97
527 748
784 309
715 739
709 761
699 225
252 78
731 542
464 469
527 611
314 389
779 227
116 546
542 701
424 796
615 643
696 104
729 27
274 336
18 188
264 153
532 569
67 56
550 385
637 521
46 529
340 416
407 774
240 454
570 237
229 671
716 357
220 512
780 657
725 584
559 31
146 352
758 671
159 395
708 465
116 407
271 438
659 482
180 684
677 797
259 134
651 380
372 339
137 106
126 230
674 376
152 530
281 640
254 404
386 364
0 303
687 309
560 141
662 234
772 538
690 249
708 588
738 355
18 67
673 764
329 493
792 619
694 663
637 328
196 451
244 112
35 198
3 54
139 271
403 663
159 590
169 185
24 737
461 613
760 215
765 187
290 366
697 797
261 346
611 375
200 18
400 407
262 5
719 357
778 312
568 681
272 226
194 14
372 116
539 100
181 151
154 237
796 708
470 6
750 512
464 326
164 245
742 392
678 541
434 547
56 734
434 274
578 401
9 176
413 470
575 318
611 657
769 1
320 705
369 269
347 149
415 771
199 637
288 82
95 665
219 94
438 296
633 740
698 463
225 354
798 367
766 314
452 332
370 431
628 135
225 436
318 613
777 743
209 64
456 56
455 186
582 444
183 257
391 529
490 115
504 716
321 673
520 80
281 15
497 79
376 626
137 560
768 616
553 78
58 620
276 728
685 482
407 676
431 705
555 357
620 19
148 766
180 639
506 134
441 488
495 7
672 61
394 449
770 772
494 569
716 34
75 142
471 607
85 311
572 638
130 743
598 32
584 134
390 554
530 368
312 535
431 371
348 59
273 239
444 440
119 59
432 27
601 236
301 135
78 273
22 510
324 299
620 636
58 350
487 48
544 289
435 746
380 102
596 511
48 306
540 632
475 759
79 338
683 66
65 189
218 94
635 401
390 90
252 633
304 514
407 607
501 757
500 181
224 539
273 534
59 644
669 313
16 326
47 316
539 122
119 496
247 336
375 341
85 379
345 443
62 285
545 785
234 416
210 274
418 575
149 481
354 490
450 641
56 685
360 572
789 362
362 24
532 539
582 349
366 483
640 548
113 276
728 7
158 536
735 526
347 505
345 750
124 221
411 228
551 135
357 469
763 755
34 113
665 315
252 392
142 758
789 326
138 474
173 360
351 466
279 696
43 774
327 80
213 689
381 449
274 497
144 68
89 785
147 266
447 304
273 443
250 141
681 446
516 779
194 547
787 773
346 74
478 688
103 312
343 206
153 576
518 706
285 315
10 338
550 484
629 781
366 563
634 636
75 430
213 20
61 163
22 335
406 583
638 516
66 615
345 399
472 283
593 366
725 697
260 396
568 549
29 630
360 749
612 615
254 600
488 579
425 238
50 719
18 9
551 155
669 418
29 346
575 430
319 81
362 580
701 414
56 522
80 715
770 639
222 512
678 35
306 387
626 530
95 332
466 572
191 490
644 404
515 442
183 240
594 429
761 559
13 799
439 183
576 474
4 489
589 523
740 182
105 602
524 655
581 49
441 173
166 111
91 179
88 211
754 355
500 288
233 571
697 634
670 751
463 140
711 398
139 457
487 11
707 541
336 677
140 43
390 788
487 350
623 507
488 328
366 733
411 632
450 166
410 233
116 388
219 212
421 58
739 245
149 709
573 287
785 129
393 374
308 612
620 734
719 788
348 171
183 778
525 532
327 374
300 61
590 474
652 111
390 38
368 518
612 250
586 344
103 754
157 755
286 110
446 752
117 340
772 732
710 379
748 746
451 751
385 259
403 671
471 620
766 221
472 436
136 187
421 797
32 85
154 389
595 190
27 506
643 736
641 197
225 679
254 601
577 671
669 556
443 616
142 250
362 178
404 191
39 517
500 605
604 116
160 311
247 642
250 296
644 687
699 399
101 396
187 502
284 795
82 113
145 140
143 793
607 301
575 201
369 3
443 568
82 453
605 123
550 33
324 403
601 118
349 680
442 160
561 785
365 797
484 451
746 582
297 221
372 666
626 360
659 21
99 290
589 381
628 670
362 235
529 150
612 671
486 584
277 30
179 775
630 467
94 64
439 33
36 711
670 360
617 37
469 28
645 377
506 334
483 318
595 361
308 431
402 643
155 489
210 689
264 320
709 786
465 716
666 712
119 57
774 112
136 775
128 596
491 652
215 38
738 461
374 731
753 379
399 403
369 421
744 630
141 79
713 633
578 207
160 128
148 151
302 23
105 737
264 208
367 587
358 118
574 551
233 51
558 757
305 797
588 401
574 256
518 215
594 707
90 327
667 225
626 435
247 569
696 250
365 14
276 369
78 517
204 329
62 652
418 329
300 510
279 740
261 656
213 45
546 513
472 771
319 22
551 625
165 402
396 169
429 6
103 44
134 164
205 658
220 679
291 772
421 187
416 260
339 209
728 612
202 118
634 332
608 767
262 240
725 707
235 262
466 227
627 740
336 756
236 539
645 769
555 729
80 240
651 48
235 12
26 732
794 97
752 429
154 568
18 361
748 418
193 337
459 189
651 623
477 115
379 41
78 449
79 750
594 342
88 98
325 761
728 509
465 657
416 375
788 517
492 588
586 430
265 159
534 232
795 359
207 343
411 203
558 319
93 70
292 702
88 411
222 75
234 766
466 698
556 111
760 340
634 75
713 679
299 39
457 475
2 346
10 418
703 125
772 22
259 488
131 433
468 256
784 607
687 324
378 604
215 515
253 720
658 148
639 434
326 180
586 560
502 4
398 180
643 30
14 700
415 547
308 418
392 252
133 642
797 149
335 474
366 193
734 284
624 55
320 94
426 144
506 519
450 101
173 723
208 577
601 428
730 46
358 576
331 189
490 788
688 363
156 311
532 401
289 276
670 709
325 617
467 777
259 614
583 4
721 294
757 162
84 542
491 467
178 110
547 331
718 462
590 207
425 64
604 60
434 525
513 490
625 146
317 282
130 636
675 440
460 65
517 354
126 790
398 636
679 24
487 480
313 6
541 460
714 391
115 796
451 257
538 494
170 561
467 99
419 636
175 607
563 271
515 351
255 137
318 267
154 680
761 43
392 75
487 780
246 533
372 36
708 281
570 374
142 45
466 266
127 189
79 790
285 255
271 547
580 26
254 672
573 686
480 88
217 767
768 784
477 613
715 774
113 606
682 753
116 574
502 447
596 65
431 174
249 166
347 46
378 779
17 641
703 90
692 709
454 661
180 415
103 405
556 354
389 649
693 337
429 318
387 467
394 226
628 653
777 246
706 190
194 129
233 372
359 633
273 81
276 376
98 777
220 665
1 320
116 684
483 510
435 553
6 22
748 673
591 520
513 613
361 255
250 163
420 394
754 64
372 238
573 758
141 419
663 243
42 350
106 7
98 756
27 347
587 705
82 248
714 279
295 49
387 94
567 32
671 534
647 638
429 281
723 317
224 796
645 565
260 312
639 245
610 575
536 43
682 223
107 713
351 765
741 293
412 552
498 721
118 635
5 770
455 375
143 641
265 521
483 109
377 387
453 514
419 647
353 223
611 188
520 130
480 304
301 674
769 34
325 730
194 497
411 738
486 241
286 250
763 28
427 431
304 249
170 445
379 712
238 327
524 27
229 512
300 564
414 28
572 40
243 568
521 549
358 150
117 563
325 677
543 235
414 220
144 36
602 346
778 457
446 778
59 556
411 351
745 571
476 175
497 331
127 159
748 464
132 406
113 761
465 122
523 556
258 641
186 273
514 450
776 227
449 452
214 733
70 691
437 653
227 193
302 5
753 797
393 68
694 258
294 532
148 89
353 114
507 793
87 509
612 492
630 502
709 509
129 35
714 740
242 671
507 455
154 118
613 520
328 319
781 269
258 84
149 99
536 434
606 693
260 588
88 404
204 573
266 707
538 755
669 114
611 477
101 707
572 151
763 356
296 118
31 574
769 294
406 656
161 774
442 770
667 593
56 642
656 240
70 761
551 537
173 623
348 761
717 116
781 582
110 209
493 749
497 552
676 711
285 163
626 546
590 396
280 493
798 269
57 751
386 494
424 242
234 79
43 486
550 46
199 256
306 243
386 267
516 146
265 705
218 689
493 492
654 755
533 540
70 29
355 714
699 26
445 296
750 151
180 391
557 495
465 791
7 442
30 370
172 316
199 259
261 165
641 229
122 647
720 328
149 769
272 392
542 494
734 770
209 144
354 211
179 752
378 446
534 189
276 577
769 14
715 53
57 135
244 292
134 41
610 283
621 709
73 723
768 307
734 443
155 588
322 592
498 370
610 359
165 102
586 435
680 127
236 269
548 652
672 299
280 633
380 251
167 186
208 127
284 645
460 253
316 22
430 557
99 741
445 316
526 219
737 427
312 778
506 734
187 258
633 388
99 773
283 690
155 314
71 538
603 292
736 226
438 465
102 193
624 62
224 470
158 593
223 98
95 595
422 291
595 532
127 275
271 421
457 30
690 368
187 529
611 130
225 144
557 32
167 108
534 724
205 61
401 374
588 82
683 422
295 12
750 645
544 678
343 156
684 35
428 103
719 270
433 771
347 400
422 793
248 683
636 578
65 613
307 32
658 25
86 149
514 776
501 610
239 750
413 301
696 313
78 348
705 567
304 740
402 163
508 554
413 171
496 52
108 559
127 601
389 14
739 737
211 649
82 212
187 222
608 165
55 164
617 140
321 511
462 217
119 259
596 75
387 479
563 310
534 486
405 355
296 593
159 221
101 18
414 388
615 215
570 281
395 284
609 330
745 171
585 6
100 600
87 264
636 529
396 512
441 689
403 212
156 386
526 59
586 630
281 63
231 350
763 275
411 796
602 463
750 84
777 733
630 663
319 100
188 235
552 601
173 328
321 178
656 713
664 408
557 69
158 540
444 509
297 518
278 496
402 38
481 172
35 767
551 445
606 32
280 637
114 242
659 513
585 711
224 167
493 761
168 550
433 109
342 789
795 327
350 98
777 266
213 262
462 634
523 157
258 285
508 458
289 633
520 165
400 777
433 54
727 111
325 304
147 213
79 604
1 246
748 474
727 55
251 343
341 241
315 96
141 372
684 731
621 662
605 647
411 229
273 21
733 473
623 253
327 519
397 105
124 414
672 83
305 787
161 328
518 374
41 471
541 431
674 130
342 229
4 792
650 788
540 32
308 741
86 159
44 325
89 114
731 713
332 66
39 236
374 354
477 758
195 315
131 673
670 371
633 74
551 1
610 42
592 73
75 610
239 349
359 234
378 162
284 2
290 270
367 297
463 254
21 52
53 148
197 510
284 270
700 616
323 348
683 412
229 619
132 103
546 188
562 133
31 479
410 282
658 3
696 98
256 531
594 695
195 653
50 670
456 668
300 283
8 742
178 183
13 388
721 407
461 324
203 537
502 582
322 755
533 169
506 249
777 710
560 56
713 683
557 109
32 786
637 330
296 629
155 26
385 751
136 19
665 141
663 460
181 140
439 311
589 683
549 60
705 734
788 297
95 488
690 581
262 122
687 140
295 212
313 310
762 769
8 406
702 66
67 439
612 201
312 396
213 283
313 219
172 377
333 81
97 521
277 216
261 797
347 338
636 133
556 297
150 253
541 416
83 136
446 567
613 10
195 222
527 725
137 278
556 558
21 281
404 414
464 364
472 299
751 431
121 209
68 488
585 115
535 568
77 114
239 764
561 597
689 583
725 340
719 510
492 257
360 431
461 119
299 666
677 600
245 63
732 725
637 514
54 159
507 659
202 152
116 230
127 36
528 40
118 526
714 652
158 752
1 570
666 362
520 504
547 266
212 688
167 232
671 786
403 707
506 555
437 668
162 340
647 645
189 704
384 221
70 45
657 691
78 75
74 118
254 770
366 55
466 235
30 593
262 612
371 525
323 197
166 179
396 554
772 425
636 276
556 177
492 726
592 322
292 386
759 67
28 66
20 716
684 222
658 181
431 383
498 545
295 188
173 592
161 222
656 778
276 20
589 290
773 1
765 526
162 331
689 291
406 365
73 358
429 28
223 251
8 389
691 321
741 272
449 528
374 41
697 388
307 177
612 168
20 68
600 579
520 343
785 306
788 278
265 205
546 593
55 634
74 179
301 777
530 47
510 79
257 468
52 177
520 595
494 155
606 301
590 691
731 406
348 540
644 707
547 592
131 640
370 618
105 206
595 449
446 721
58 702
607 375
73 692
16 241
80 424
86 56
6 406
662 561
272 218
662 736
103 218
589 520
107 26
624 424
461 4
358 788
196 152
166 181
332 606
615 331
250 140
205 363
521 294
795 618
577 446
74 59
673 746
514 528
555 334
233 623
144 783
430 357
705 211
15 68
210 43
59 53
129 688
776 362
292 475
57 402
543 269
110 532
355 67
566 150
778 293
361 429
189 283
734 572
39 76
650 286
479 628
504 366
716 176
73 196
697 213
383 8
396 442
781 652
698 164
362 614
27 486
316 360
770 317
91 114
728 584
757 446
656 295
105 604
32 631
93 100
389 514
746 73
11 240
575 273
75 368
189 338
549 797
61 287
99 617
796 543
501 410
453 547
167 275
314 17
361 253
423 407
455 491
595 692
436 510
502 18
15 579
328 583
93 303
260 717
126 429
748 670
732 260
540 681
556 271
257 75
187 323
313 218
423 418
628 204
495 590
170 291
360 194
729 19
651 3
660 791
49 241
736 522
715 33
704 43
171 490
475 520
257 306
22 352
626 735
606 605
512 661
743 421
785 717
177 415
27 430
741 645
562 622
688 693
331 95
472 88
718 439
564 742
777 683
369 206
128 173
158 6
555 32
453 678
646 457
772 706
726 375
762 80
742 5
289 718
373 659
314 786
341 257
111 513
60 382
652 515
357 654
580 185
321 643
395 103
46 411
101 563
767 393
62 526
402 44
210 311
399 199
727 454
487 556
483 82
146 424
523 52
598 302
681 601
600 82
256 151
278 370
443 290
332 121
267 685
66 528
430 568
723 429
582 3
13 38
519 119
98 418
285 248
143 773
412 529
162 680
581 676
692 333
644 359
729 542
591 416
742 747
748 669
514 289
347 461
578 716
554 382
645 206
500 473
599 208
402 99
373 253
107 14
617 693
602 68
775 201
355 5
311 43
314 242
263 495
681 281
514 554
403 784
423 646
705 187
147 446
110 287
195 328
85 186
324 1
439 178
725 711
353 577
231 550
186 702
280 667
525 44
135 336
323 739
615 766
196 531
390 702
36 92
513 132
171 248
641 643
245 455
71 592
282 189
278 456
787 402
87 493
685 440
680 611
504 114
14 665
616 357
591 300
371 398
196 113
513 143
191 281
51 347
636 19
372 598
636 215
700 266
53 677
307 444
128 212
239 545
771 463
563 248
539 216
166 679
611 364
601 448
423 599
455 657
513 379
701 266
722 345
91 293
271 525
728 83
315 759
430 255
22 92
556 459
307 485
489 173
625 287
39 314
612 329
149 435
209 8
406 461
202 225
107 683
714 632
480 502
560 270
708 238
151 216
221 224
73 711
62 595
733 662
451 266
775 655
406 534
25 760
495 660
233 455
503 146
636 686
51 84
24 132
574 795
568 760
215 217
87 111
752 213
738 154
666 708
182 599
168 280
703 635
228 97
362 648
688 582
447 394
351 392
412 409
616 182
77 327
238 540
327 171
61 514
402 623
348 580
672 175
506 239
22 234
502 43
339 564
464 649
278 341
733 660
114 620
177 361
323 172
500 531
657 52
522 256
151 575
669 452
272 259
465 43
284 219
92 261
779 372
236 799
559 82
521 334
203 658
264 625
72 744
292 643
588 126
187 220
471 457
610 769
520 489
486 319
755 781
547 385
21 492
362 23
613 32
458 765
448 454
102 79
176 346
319 583
331 724
749 682
180 452
593 676
522 780
30 566
244 310
303 474
190 490
617 603
244 157
571 552
696 5
759 318
529 317
60 519
461 148
107 213
24 559
513 500
145 7
513 730
359 163
491 303
572 495
305 168
152 94
531 309
732 627
95 720
574 682
380 46
594 80
4 197
668 172
60 24
502 407
311 324
247 100
595 143
222 434
27 678
487 411
210 515
440 688
475 562
598 706
8 181
13 749
455 368
666 363
745 434
656 461
754 533
345 265
456 476
294 113
710 184
297 53
691 182
471 200
76 793
68 207
591 294
25 471
263 210
677 678
404 713
710 757
534 491
530 55
362 541
530 683
114 594
537 42
709 313
160 298
351 26
579 205
719 706
770 241
514 122
113 115
43 363
84 56
240 114
185 753
415 369
592 423
702 381
777 296
709 49
428 489
633 582
424 261
694 673
754 789
420 735
115 150
706 180
330 140
612 248
740 473
475 423
430 110
288 88
15 338
350 104
50 446
306 762
141 735
549 100
494 710
626 170
601 652
737 294
652 565
140 219
538 448
702 195
198 7
545 90
582 500
143 512
248 323
707 561
356 636
636 345
255 581
396 441
120 545
439 649
219 143
758 201
263 81
628 203
259 590
150 525
379 637
420 741
240 247
174 507
738 106
151 671
397 83
677 245
799 180
26 284
252 447
203 509
105 598
554 760
531 283
771 541
479 215
425 401
53 64
89 38
627 168
406 586
679 14
607 447
86 77
261 524
438 146
416 683
703 351
398 4
768 114
773 157
773 205
744 23
286 279
418 45
156 180
649 74
152 327
246 13
573 617
492 782
184 337
182 374
355 503
346 18
332 269
754 653
448 530
748 126
194 212
742 368
613 660
689 392
369 443
650 793
381 606
437 618
544 220
124 35
383 595
355 59
281 260
237 226
591 84
599 597
396 469
217 585
399 152
320 211
8 646
165 542
188 103
333 635
393 531
220 381
555 418
746 245
32 84
83 260
783 580
33 506
471 341
180 615
735 32
499 501
619 420
231 445
300 643
258 143
71 66
80 682
211 420
55 633
300 404
472 181
157 583
686 117
729 211
789 176
633 647
250 762
452 379
630 665
777 136
753 551
24 318
506 445
25 49
291 325
769 631
319 450
68 237
70 42
497 667
390 580
336 405
331 345
51 445
641 145
630 468
278 743
728 433
521 414
148 661
91 743
173 751
414 122
136 393
787 592
609 52
462 563
47 657
476 190
322 556
571 758
637 66
626 116
614 433
66 433
384 701
587 659
543 721
390 571
394 581
196 323
399 776
167 627
413 727
429 7
634 140
180 621
338 438
406 659
235 9
278 695
324 110
618 777
133 744
95 603
518 304
542 621
290 170
78 18
564 797
798 610
267 331
300 10
202 285
45 548
58 87
285 301
595 71
204 544
713 512
79 519
11 585
114 435
32 697
755 132
525 355
254 120
735 575
782 28
650 729
528 156
50 244
163 656
220 54
555 217
357 483
546 227
8 718
424 618
19 387
423 671
368 289
473 263
566 139
287 383
573 697
196 77
558 173
508 447
612 246
718 81
267 264
375 179
324 71
456 199
49 28
622 421
10 312
190 604
150 426
595 406
134 691
358 331
17 5
655 406
328 707
655 107
29 295
463 467
511 609
411 513
455 493
581 78
763 637
267 209
386 624
777 217
476 46
775 549
370 293
28 620
156 442
204 124
693 104
791 423
282 285
170 172
192 701
173 445
729 472
449 417
107 367
274 54
726 576
406 464
270 772
511 98
480 532
642 193
513 191
424 193
173 333
435 715
527 391
251 62
223 601
266 170
735 163
412 434
499 380
448 439
435 337
48 442
23 740
66 196
443 530
693 177
348 520
508 420
798 430
731 660
448 2
679 244
681 118
141 431
127 393
540 570
744 276
613 447
482 152
459 668
550 491
520 589
443 178
90 790
386 765
574 606
37 564
424 469
37 753
386 594
648 311
534 701
283 631
389 121
176 80
481 283
474 61
105 705
415 658
492 707
59 104
241 784
686 286
109 308
785 83
14 142
360 469
475 192
200 780
365 475
394 596
309 627
461 457
84 291
657 781
571 505
736 601
28 137
531 765
215 517
253 711
71 567
232 407
106 760
38 173
494 656
529 579
275 247
243 730
754 154
498 558
613 149
0 642
632 525
532 132
249 375
795 173
564 353
142 167
793 693
88 550
300 344
280 379
586 261
188 778
358 137
521 566
310 485
573 217
580 642
75 605
613 205
361 243
135 624
505 10
413 191
118 77
257 155
182 19
682 685
359 470
647 120
199 112
456 189
349 653
615 506
407 298
681 177
782 438
419 384
491 778
650 786
371 108
34 585
135 260
636 415
241 663
533 224
428 240
561 636
264 528
166 329
581 774
271 94
90 47
347 3
535 407
37 739
223 664
675 587
704 302
351 411
263 555
414 651
265 691
270 599
451 317
70 401
757 764
281 739
469 87
392 521
624 490
722 405
289 385
130 454
624 169
783 739
168 86
724 753
214 557
621 133
64 750
654 227
455 102
195 668
469 760
314 736
657 460
259 313
209 521
625 61
733 54
200 76
439 610
627 537
13 79
172 447
783 743
419 312
106 704
782 477
21 419
374 497
629 8
554 793
647 202
756 743
644 378
533 596
146 386
140 185
315 790
786 31
45 594
567 300
204 730
99 299
185 689
147 62
270 133
30 161
558 551
616 455
56 198
569 632
731 434
23 666
399 339
606 602
754 293
518 76
252 578
597 350
541 636
772 127
721 389
48 532
444 343
133 441
104 558
74 635
98 701
770 710
31 331
670 190
152 19
199 146
650 225
42 190
450 776
119 797
443 152
77 228
681 747
420 242
2 110
206 686
162 305
126 168
91 618
776 601
137 82
142 620
241 345
3 231
665 246
626 409
729 528
725 144
734 271
571 0
397 563
155 728
334 248
63 556
761 416
473 439
717 685
718 42
105 62
28 46
90 71
585 290
281 356
304 289
783 768
117 113
235 354
128 19
627 305
743 415
350 581
520 641
614 206
697 2
783 286
768 654
729 232
604 594
59 440
553 171
670 290
729 29
236 716
87 186
421 771
631 78
665 498
576 18
332 767
268 747
221 718
634 235
418 488
700 1
277 799
39 615
455 741
437 271
679 377
239 504
335 228
759 663
597 566
306 656
750 128
749 734
3 189
14 77
7 750
253 115
737 4
499 65
653 242
710 323
409 729
358 76
3 294
9 687
66 677
295 643
581 230
227 231
156 641
582 407
8 156
313 557
120 70
793 785
139 620
748 303
747 332
300 604
305 484
581 123
711 32
247 232
436 702
412 513
169 608
583 477
137 66
705 799
685 753
514 86
464 508
570 652
431 781
69 724
1 749
187 65
747 93
795 675
432 427
343 152
794 89
233 762
368 287
255 311
660 506
46 487
778 649
518 147
605 541
722 544
721 338
729 71
236 153
196 430
277 640
230 655
495 74
229 516
556 85
83 159
453 11
721 269
199 364
15 66
35 284
146 545
247 422
600 644
483 59
38 66
747 651
208 555
713 400
0 684
85 575
309 403
483 107
134 724
678 562
611 481
574 45
725 407
327 355
82 755
692 186
331 656
424 186
412 41
465 627
682 365
719 52
379 437
514 662
232 194
210 2
616 220
624 601
441 731
186 2
176 197
679 567
239 331
645 378
510 450
30 787
518 142
27 424
519 764
726 410
573 795
315 44
546 150
232 516
296 335
49 543
371 141
171 478
171 246
135 704
370 638
388 272
669 135
700 667
371 769
181 424
615 378
380 135
440 63
319 380
312 629
215 150
648 48
291 275
755 522
357 360
117 203
281 662
779 609
290 584
331 551
267 48
363 401
443 444
431 234
759 659
738 98
776 726
87 437
375 539
1 374
496 55
378 479
534 317
204 70
422 556
3 625
787 630
462 602
408 348
160 248
731 224
788 458
448 348
554 603
718 569
639 125
184 92
436 55
471 528
188 102
268 463
715 776
369 477
192 702
48 259
541 768
230 129
490 789
405 517
525 235
61 496
631 669
152 704
775 406
677 72
406 509
351 484
750 713
500 89
662 233
303 70
569 115
570 381
350 138
119 491
303 543
393 647
469 718
451 656
78 167
775 38
377 706
459 372
97 193
576 151
731 180
651 555
392 719
29 582
19 222
560 694
161 746
379 282
619 135
57 140
573 487
28 632
528 87
564 512
363 251
517 767
325 556
140 315
147 5
188 705
363 214
612 4
351 704
495 405
80 428
479 563
435 762
94 717
234 150
471 505
398 228
527 338
609 484
565 352
359 482
438 692
185 333
696 657
527 75
307 441
395 531
752 285
582 620
594 59
190 182
535 186
784 770
555 380
547 109
305 250
751 36
50 415
375 379
591 277
248 391
46 443
485 593
453 277
713 456
404 161
664 586
340 282
176 484
197 322
27 251
611 85
122 684
151 152
134 682
735 626
255 678
589 374
136 403
357 746
700 685
380 673
65 77
123 235
11 243
387 548
602 788
360 404
454 424
13 676
294 161
436 478
764 720
287 586
447 384
329 277
639 298
59 523
207 290
207 224
340 285
73 559
551 235
21 668
407 74
533 14
693 381
457 403
334 582
512 585
376 620
793 23
672 475
412 186
243 504
799 530
42 52
726 675
207 340
115 207
425 158
752 380
180 748
516 316
291 428
510 390
379 760
232 793
475 581
720 12
281 473
547 207
147 346
606 720
189 290
793 393
340 753
404 599
610 419
249 462
345 740
732 264
698 57
503 167
685 160
491 515
664 105
670 549
290 468
356 317
103 407
517 8
290 626
661 65
71 678
752 98
224 6
469 255
587 306
382 53
598 538
405 466
782 434
166 535
756 562
211 774
713 96
601 559
181 592
397 372
173 151
154 9
752 624
178 221
684 257
715 359
734 743
214 318
330 215
597 241
229 368
379 247
778 115
666 508
427 403
50 431
750 770
158 20
371 61
353 683
211 788
782 423
393 223
3 554
628 452
222 495
328 732
321 678
253 749
684 794
613 607
16 231
756 791
480 559
268 105
240 306
351 530
118 462
634 116
0 35
120 469
281 120
73 719
775 784
449 264
219 405
298 613
627 749
390 572
340 361
609 494
53 247
279 798
530 10
751 677
696 520
58 208
167 254
201 309
186 68
316 393
385 659
13 145
423 342
644 233
573 725
375 227
481 204
615 468
611 505
97 206
282 378
145 73
621 373
32 594
205 552
727 240
70 791
674 584
681 572
57 442
21 491
789 171
715 128
93 344
326 312
766 782
773 171
434 380
201 491
790 620
120 342
345 119
591 578
220 724
244 488
241 172
479 564
10 430
406 43
476 226
753 619
796 449
531 306
756 246
355 652
21 200
293 399
752 486
54 81
645 715
378 482
706 35
680 451
378 174
242 678
235 199
782 726
724 605
47 75
752 671
144 252
182 520
280 402
91 203
286 21
403 177
687 569
563 673
239 509
679 227
459 125
626 768
579 360
508 258
677 107
705 515
619 571
125 235
555 30
173 372
126 397
779 296
777 462
781 172
636 89
784 296
154 473
626 693
229 344
702 210
427 774
315 373
35 228
55 538
718 20
276 335
415 717
575 166
626 156
169 646
133 741
220 353
337 656
146 4
153 340
565 476
313 372
84 453
389 323
593 760
511 756
401 344
730 737
775 126
361 197
444 597
442 99
344 241
466 531
185 27
40 220
83 385
370 724
2 628
184 777
65 460
112 124
301 223
478 135
191 433
405 105
650 62
501 49
195 636
654 279
139 224
107 631
212 731
779 622
480 597
693 494
171 497
760 181
430 90
56 181
488 790
239 83
643 37
335 386
600 521
370 548
626 17
575 239
641 318
422 359
685 38
689 566
545 41
39 50
670 502
459 794
434 152
551 799
284 528
286 5
632 312
67 601
713 280
297 542
669 255
173 580
178 666
610 93
608 619
195 109
773 364
427 597
75 673
106 124
661 254
260 742
691 238
731 345
72 274
200 314
23 228
61 626
231 95
273 726
64 340
658 31
676 351
794 774
598 315
447 160
717 692
590 598
573 406
320 55
17 290
302 696
625 616
655 654
160 665
178 778
460 343
552 332
78 94
683 346
238 347
418 549
209 73
729 600
709 363
770 264
621 559
356 544
475 115
412 705
295 660
746 626
695 611
520 125
301 755
522 28
645 418
457 19
361 65
60 338
535 720
341 765
306 281
699 590
514 355
500 145
26 228
465 340
117 462
110 798
744 746
181 668
381 660
108 247
646 728
172 779
721 488
224 456
434 677
45 526
636 169
76 249
76 526
692 437
268 175
199 678
576 361
358 594
78 316
81 35
90 275
704 632
293 73
540 475
364 677
181 583
453 435
54 609
768 656
502 644
728 275
597 205
216 195
459 23
485 291
651 424
515 252
579 725
535 27
699 664
533 534
665 215
479 58
744 263
184 378
7 352
467 233
242 109
680 216
99 679
701 237
51 237
326 190
4 279
364 571
421 19
426 597
463 384
750 174
522 151
78 574
369 185
675 543
56 430
266 790
728 278
607 41
137 318
3 650
198 147
499 438
96 326
602 134
721 130
45 50
556 583
224 42
790 144
495 585
496 5
216 502
397 608
688 179
408 349
706 469
106 399
641 153
798 251
660 504
182 156
626 164
546 554
701 93
2 40
498 26
181 304
67 529
169 526
633 67
352 60
104 514
359 793
348 129
347 250
619 398
101 509
31 474
591 53
667 182
27 95
640 155
782 448
455 674
133 739
797 268
693 404
595 670
532 483
427 95
62 769
403 137
134 409
494 294
541 280
348 431
266 495
171 346
86 713
417 193
541 338
606 328
696 745
229 204
159 532
716 120
795 570
111 779
498 440
689 298
595 751
215 558
744 94
335 111
537 305
404 206
567 704
613 209
226 74
187 438
659 400
476 100
616 240
621 372
351 571
64 468
254 554
625 172
763 669
128 196
753 332
144 96
257 777
379 56
112 548
126 253
162 193
300 35
52 399
24 520
414 552
170 610
234 470
535 169
262 493
758 605
92 305
89 670
274 209
185 364
226 293
578 136
55 364
785 624
749 665
797 56
395 259
475 798
12 647
452 128
254 87
545 583
254 369
248 591
545 438
268 348
549 39
507 610
293 689
389 106
534 676
735 578
147 594
747 702
177 517
433 719
134 654
258 617
416 485
545 795
264 753
90 597
662 21
484 396
385 358
790 422
519 511
523 291
12 601
284 638
690 499
291 413
515 214
90 599
122 217
530 209
452 152
236 697
171 110
155 89
429 689
243 117
294 425
736 347
658 139
500 761
194 207
651 464
569 154
419 190
457 268
380 198
90 405
214 475
85 577
504 198
129 426
517 241
777 631
568 586
490 416
109 410
761 707
24 586
544 47
298 95
519 477
224 177
332 768
509 176
284 288
489 469
546 529
588 112
350 565
260 682
393 165
620 794
704 178
377 743
714 194
771 199
8 354
747 489
246 46
315 556
150 33
39 462
91 540
787 392
477 59
735 248
99 176
477 206
778 775
296 41
700 102
107 480
377 171
167 487
187 103
161 703
146 350
204 772
748 3
383 307
150 337
552 584
659 300
248 344
265 698
181 167
121 540
562 698
457 309
297 183
235 510
387 611
146 83
125 684
478 503
135 149
121 260
32 120
269 216
779 138
122 396
210 609
610 289
24 275
122 220
251 759
642 533
726 187
256 179
1 556
291 545
713 514
555 356
411 656
153 445
22 516
241 543
4 156
224 250
242 245
483 500
693 701
131 512
113 297
258 264
445 622
37 790
275 619
75 407
797 47
168 563
231 544
278 213
182 247
4 596
777 668
796 443
451 121
437 422
208 532
557 380
771 447
731 382
513 265
682 305
372 791
198 311
100 605
676 755
205 335
20 661
337 228
435 595
319 177
264 585
537 549
196 597
516 482
216 161
67 129
213 401
146 461
160 658
776 393
399 23
467 417
692 666
459 718
585 169
354 227
290 150
208 32
436 475
741 299
66 728
758 621
459 660
397 188
775 731
206 185
192 585
681 229
484 587
9 291
431 199
199 682
460 510
156 125
760 196
603 41
499 156
765 485
478 414
214 266
431 344
113 708
43 496
54 629
576 357
101 197
528 636
215 353
247 386
372 645
255 241
303 86
710 475
502 640
679 245
705 240
244 578
497 749
700 582
150 268
68 629
26 543
59 170
133 421
713 75
394 552
341 655
401 600
186 287
776 238
682 762
6 470
102 281
707 796
685 577
369 630
760 165
269 533
218 35
521 0
515 564
205 248
767 115
225 627
279 80
288 421
40 90
138 718
462 531
719 18
296 20
115 667
486 691
713 189
349 498
555 322
21 490
295 201
35 645
314 721
201 596
161 493
363 465
438 59
529 463
372 722
146 698
269 490
520 402
332 244
382 218
28 472
228 57
53 572
559 289
702 285
477 15
539 341
219 277
37 697
94 421
220 445
619 631
57 753
454 310
741 458
600 54
695 570
366 137
422 72
714 461
222 520
212 414
326 390
86 635
151 0
690 225
299 325
566 565
525 673
743 192
544 250
446 626
52 241
155 621
128 757
572 64
215 213
794 251
625 168
259 342
409 0
344 76
78 418
75 603
239 612
328 505
44 749
652 182
208 786
93 546
760 257
447 41
408 140
412 472
457 237
278 563
696 295
179 560
357 540
238 163
122 93
269 789
665 735
56 546
291 440
500 5
381 423
441 184
451 582
187 293
640 481
146 530
