800 4773 2400
15 12 25 6 16 18 23 22 15 12 17 8 25 7 16 17 21 21 11 19 5 6 19 19 13 25 8 17 15 16 5 17 16 9 16 7 13 12 14 24 22 25 18 11 14 21 7 8 12 23 23 22 11 11 13 9 21 5 24 9 9 21 6 14 9 10 8 18 19 9 18 19 6 15 25 11 10 22 23 15 20 24 22 16 25 8 18 22 23 21 9 20 18 12 18 7 12 16 6 19 18 18 6 12 22 7 23 14 17 23 8 14 23 24 16 11 17 6 6 8 20 8 21 9 21 5 8 20 15 6 6 12 12 11 22 12 16 18 23 25 25 24 6 16 25 13 23 11 21 19 14 25 8 7 5 24 6 5 5 25 19 13 14 14 15 18 19 16 25 18 25 12 22 22 7 8 16 19 24 25 15 8 20 25 21 9 20 22 11 9 7 15 20 12 19 19 14 22 21 5 5 23 24 23 7 9 24 17 10 12 24 13 15 20 10 12 6 22 12 24 8 5 23 17 19 11 6 10 25 15 22 18 10 24 7 22 20 22 23 12 11 19 11 18 24 23 13 16 23 19 13 8 14 9 15 15 20 23 6 24 25 5 22 12 10 24 11 24 17 24 25 6 12 6 15 22 23 23 6 16 8 19 23 14 23 14 25 21 12 10 8 13 5 19 18 17 25 13 7 12 16 24 13 24 16 13 5 13 5 13 24 21 16 18 8 12 24 15 22 12 19 21 20 25 15 20 12 17 7 18 19 15 23 10 22 24 23 25 9 22 16 11 24 25 18 15 23 10 16 25 22 7 6 12 7 15 11 14 5 12 8 24 9 17 10 20 6 17 11 14 9 9 8 10 17 5 14 9 15 19 12 5 24 24 22 9 8 9 13 23 12 12 17 17 14 7 11 15 10 25 22 17 16 25 16 19 18 17 23 21 13 5 16 22 24 6 21 10 7 12 11 17 19 6 13 8 24 21 5 5 12 24 20 8 16 8 15 10 14 14 11 7 6 12 7 14 8 12 12 22 9 10 15 24 25 5 17 5 6 21 16 8 21 23 24 7 9 6 17 20 17 14 17 19 18 20 8 17 12 10 10 18 6 23 23 17 5 20 18 20 16 9 15 18 6 9 19 18 21 15 10 7 12 16 9 10 13 17 7 10 25 23 10 6 20 22 11 23 25 5 8 13 17 15 17 8 6 16 7 5 10 20 21 5 13 25 14 12 16 5 13 25 11 18 7 21 23 13 5 14 13 10 24 21 23 17 10 20 6 14 15 5 22 9 6 11 10 20 7 6 5 24 24 14 17 18 8 21 6 22 19 20 15 18 12 8 22 24 10 9 8 22 8 13 24 16 11 21 21 8 21 21 14 24 12 5 18 25 15 19 11 25 6 5 20 24 5 20 16 25 12 20 17 14 5 8 24 8 23 18 20 19 8 9 11 22 8 13 12 23 20 25 25 5 21 13 9 21 22 10 16 19 17 15 21 18 19 9 14 23 24 11 16 10 8 12 10 6 25 24 12 22 6 25 15 8 10 25 9 18 6 19 22 11 21 17 11 14 8 12 12 14 8 19 7 20 15 7 10 19 14 23 10 21 20 25 11 6 5 21 15 10 20 6 9 13 5 19 6 24 19 18 7 9 23 19 22 12 19 5 7 10 5 20 21 16 21 25 19 15 18 20 14 7 16 22 8 25 17 17 18 14 21 14 21 21 20 13 15 6 24 12 21 25 10 5 21 6 7 20 21 22 14 8 14 16 16 6 15 13 8 16 20 17 19 25 12 19 21 13 24 14 11 11 17 24 7 13 24 12
3 19 6 13 6 18 18 10 10 5 12 16 16 11 20 20 7 5 8 11 13 3 14 4 13 10 15 14 4 3 15 16 9 17 6 8 11 4 18 16 3 18 13 19 20 7 5 9 12 6 18 12 6 15 10 8 7 18 4 15 9 14 9 14 12 17 3 16 19 16 14 3 17 20 4 7 20 20 5 13 9 9 9 3 13 6 12 4 16 11 10 15 20 7 14 5 18 13 12 15 18 10 15 5 5 17 11 18 5 10 17 20 13 13 5 18 10 7 18 8 9 19 4 4 8 9 15 7 6 5 16 7 6 7 20 11 10 13 10 6 8 19 8 3 15 3 5 19 3 19 7 9 19 14 5 13 12 9 13 3 19 11 7 18 18 9 17 13 8 15 4 13 5 5 10 16 6 8 4 15 11 14 18 3 8 5 5 10 8 6 8 3 12 6 16 3 10 16 4 20 7 10 15 13 13 14 6 3 15 11 16 6 16 8 20 3 11 13 11 20 11 18 13 13 17 20 3 19 5 13 3 18 12 19 3 19 17 17 18 12 17 20 12 11 8 9 19 19 10 5 10 4 3 13 20 5 20 10 13 13 6 10 16 13 20 7 18 5 20 4 8 10 11 7 16 6 8 17 8 16 20 14 19 12 20 7 11 3 20 16 13 14 13 19 9 11 19 10 17 11 9 19 10 9 20 10 17 3 17 15 14 12 3 8 15 7 3 19 10 15 3 19 4 12 18 7 4 13 13 4 18 7 20 17 6 16 3 9 5 7 16 6 18 13 5 18 10 3 13 17 10 5 15 18 6 8 16 3 7 16 15 7 3 18 15 11 5 12 8 10 5 16 4 3 16 13 14 15 6 3 3 3 12 4 8 3 18 8 6 6 16 6 6 19 16 12 11 15 6 11 18 18 16 5 4 9 9 6 11 16 3 12 9 20 19 7 10 13 6 17 6 15 4 4 19 5 15 5 19 7 17 7 10 4 18 19 6 5 12 14 11 20 12 11 18 14 7 13 15 18 12 15 12 15 19 13 9 7 13 16 12 11 7 3 4 13 4 19 14 16 17 15 8 13 4 13 9 12 7 4 8 6 17 8 10 17 13 9 9 3 19 7 3 3 20 15 7 7 11 13 16 6 14 13 11 19 4 10 7 14 9 6 16 6 10 7 10 16 20 12 11 6 15 20 6 7 20 7 13 5 17 16 14 20 6 15 15 17 3 5 15 17 16 8 15 20 5 18 5 10 3 15 14 10 17 4 4 5 9 11 16 7 19 15 8 17 13 14 16 16 7 11 6 19 18 6 14 18 13 13 20 3 16 5 20 17 3 18 7 16 8 15 3 16 15 15 11 5 15 10 17 13 6 6 10 11 4 12 20 15 11 10 9 16 11 10 15 3 10 5 20 9 8 15 3 12 11 17 16 11 16 4 12 18 5 3 18 18 5 13 9 15 17 13 11 4 18 12 5 3 4 5 16 12 6 10 7 17 18 17 18 6 17 13 15 8 18 18 6 12 5 7 12 14 6 4 8 4 11 6 13 11 9 5 4 10 15 11 9 13 9 8 16 6 17 3 17 13 12 17 19 16 12 14 10 16 7 9 4 13 13 20 10 13 12 12 7 4 19 16 11 19 20 14 15 5 5 3 9 17 13 17 14 19 5 18 12 13 6 14 16 5 13 15 13 12 12 7 9 20 9 4 16 7 5 19 4 15 6 3 9 17 4 8 14 17 18 20 12 7 3 10 9 3 15 13 3 16 13 9 5 20 20 14 18 15 3 7 7 11 10 15 16 18 8 7 7 10 15 20
743 472
766 52
217 489
784 570
329 191
421 142
610 118
406 128
606 458
618 281
631 479
91 161
232 502
346 177
9 272
230 299
293 439
769 357
340 91
0 679
516 279
222 9
72 154
174 578
55 615
747 579
94 115
320 145
181 140
513 74
133 678
124 298
293 333
606 657
495 419
658 707
425 235
288 359
697 571
139 292
654 720
656 633
36 487
649 445
74 152
568 204
97 575
178 170
177 129
129 124
507 106
507 728
382 254
456 696
579 69
66 369
521 488
368 206
600 570
648 678
257 386
274 654
379 757
359 23
439 175
297 601
708 303
706 794
552 430
487 286
542 221
230 478
629 403
37 284
277 251
371 92
257 490
35 183
529 180
97 303
408 652
752 11
442 32
335 719
190 515
524 538
209 401
56 719
345 493
245 207
39 133
596 202
202 298
97 488
673 300
121 719
197 242
721 559
369 258
686 764
466 185
191 776
246 514
566 414
479 353
109 430
214 492
165 783
569 562
363 630
550 724
209 692
477 253
773 201
675 795
268 797
280 432
786 73
70 273
123 373
246 517
212 711
339 502
655 611
365 138
183 585
349 317
181 715
276 553
714 477
396 351
548 318
613 367
199 54
703 180
276 483
734 555
739 207
99 703
693 759
72 552
168 574
513 693
173 629
540 650
412 114
317 242
24 585
641 157
555 232
565 194
616 46
34 414
156 265
495 24
72 557
318 89
86 702
636 312
294 467
27 438
649 250
248 599
606 159
650 213
36 102
724 262
91 179
326 660
713 527
503 640
682 435
60 33
483 193
307 263
463 773
551 111
632 15
121 513
417 509
616 324
274 37
42 318
435 601
207 351
277 683
736 341
332 658
553 53
743 627
141 105
8 29
795 276
9 778
601 725
512 315
250 8
742 564
109 396
534 195
637 774
522 267
545 501
785 255
585 321
588 454
725 264
436 467
375 150
276 39
679 588
357 453
267 432
261 753
345 245
605 38
104 164
392 134
785 333
659 720
210 230
440 196
776 392
350 56
711 450
790 115
147 290
79 788
616 116
478 0
786 613
710 10
206 700
667 72
92 9
339 58
361 162
165 378
549 470
165 707
164 300
565 616
366 143
190 120
511 10
746 453
513 668
439 334
424 335
200 305
93 718
786 263
248 692
708 181
353 167
148 108
223 39
69 45
781 707
101 481
253 143
559 176
411 588
660 341
596 672
0 344
323 104
225 108
560 288
219 279
483 393
678 697
562 712
605 120
204 659
634 539
279 775
732 795
112 720
616 541
423 697
644 579
690 651
409 29
774 402
196 383
342 315
554 86
537 186
132 319
417 412
110 533
136 397
495 529
595 246
555 553
486 779
15 42
254 439
12 210
297 720
691 572
2 738
330 101
124 149
261 210
68 758
7 33
227 321
89 561
469 299
446 643
0 771
77 288
381 655
610 172
685 717
661 585
527 652
486 791
138 419
655 302
127 93
533 66
51 154
544 721
275 591
724 670
303 578
700 82
774 69
664 249
504 356
222 796
565 211
759 324
740 56
423 442
524 754
670 14
555 373
526 253
505 666
776 327
715 603
444 238
744 641
423 632
679 382
297 246
424 126
709 312
121 760
173 246
195 91
226 582
74 524
538 793
774 561
172 192
500 212
453 188
552 129
147 296
278 700
118 290
342 223
63 470
280 332
303 169
659 739
244 432
238 250
28 740
133 515
644 365
617 646
46 680
534 462
30 109
125 78
663 46
259 567
393 160
723 478
159 287
139 603
204 521
563 238
21 253
593 772
363 765
200 28
263 623
29 85
185 201
636 202
506 381
299 123
742 507
779 572
271 29
483 142
480 41
554 19
442 490
576 51
434 102
89 435
150 572
364 659
153 377
293 322
309 184
49 386
226 422
164 384
348 287
792 299
456 710
9 66
726 769
668 261
537 696
560 180
524 466
101 589
273 627
384 474
755 24
738 478
453 272
790 262
44 637
119 722
131 787
41 315
299 0
470 46
266 543
438 666
396 702
452 332
696 71
78 64
435 786
428 343
301 10
653 735
235 132
230 171
169 273
629 451
686 19
112 544
157 675
767 136
267 522
704 438
133 421
704 307
763 718
384 399
337 264
441 284
624 183
672 659
18 650
640 658
697 796
91 674
411 447
470 423
451 261
526 272
748 371
564 635
389 560
704 715
595 668
696 198
176 758
716 393
572 252
248 446
40 147
459 275
651 490
741 448
179 536
579 162
576 433
285 547
447 378
749 92
560 250
230 626
172 324
309 78
305 218
793 784
471 710
246 338
214 187
694 26
49 701
17 313
625 537
646 46
300 404
170 446
756 548
231 61
663 378
532 656
607 324
550 706
93 261
406 666
339 224
95 575
144 586
493 414
542 84
120 332
73 186
719 645
331 64
780 531
24 770
211 563
706 662
31 322
92 493
253 613
530 364
352 303
162 509
274 275
754 782
215 104
526 251
761 407
277 758
489 576
352 394
44 223
26 372
577 610
224 191
560 356
552 596
101 404
664 720
197 383
689 379
185 7
562 353
105 793
391 222
605 82
747 299
590 32
19 751
496 386
523 514
762 267
188 333
122 48
78 622
619 298
798 482
462 527
491 759
461 218
784 606
585 495
748 487
401 623
793 540
629 494
11 318
612 601
731 578
238 207
377 225
714 591
334 236
447 795
737 269
130 778
414 193
540 559
137 764
326 477
796 55
494 428
680 45
450 81
436 545
396 603
543 113
301 525
393 113
399 357
770 495
269 348
726 9
74 326
785 2
613 242
618 65
257 399
425 719
350 599
719 119
725 39
135 52
566 589
657 477
227 24
738 799
741 90
159 368
397 592
569 488
253 303
369 624
683 712
526 29
719 2
597 600
790 574
534 348
97 7
208 180
479 684
407 57
462 124
338 678
219 42
484 102
127 411
293 142
188 736
547 129
95 167
702 260
649 474
723 301
479 63
99 600
282 681
416 755
436 497
701 429
576 158
769 263
476 62
124 541
487 316
732 689
741 527
319 378
376 4
670 633
351 47
337 68
256 184
493 433
379 171
475 572
759 739
750 551
730 181
239 726
692 484
285 407
474 539
33 679
681 672
76 536
648 569
102 33
301 590
206 572
659 333
574 721
418 524
246 494
146 184
123 186
17 345
717 788
469 552
353 456
332 452
3 427
126 86
424 101
650 512
759 575
435 258
590 411
279 780
703 434
557 306
91 735
316 531
786 195
500 460
631 170
453 239
639 540
127 202
202 40
449 102
648 409
202 63
302 670
568 294
599 635
297 761
275 37
321 655
466 25
87 567
742 388
448 366
782 331
64 722
353 116
11 202
572 653
29 545
408 172
677 371
373 585
646 95
72 419
385 216
394 728
333 379
19 468
47 517
105 690
366 765
610 290
362 502
78 730
661 75
8 424
18 675
720 369
538 17
376 319
195 557
288 405
79 350
717 767
434 154
729 492
528 102
29 248
410 343
387 333
165 269
213 704
298 138
628 658
266 769
30 675
324 686
292 795
667 350
460 515
343 116
187 337
152 200
697 747
750 290
482 41
786 577
456 794
116 778
783 234
595 65
469 245
669 69
256 135
343 654
323 430
140 167
366 270
783 553
359 278
284 330
231 212
500 304
533 70
472 108
258 47
286 437
41 722
291 310
55 284
576 292
31 132
465 164
443 75
501 575
302 592
244 364
53 429
714 192
299 235
733 94
613 380
341 790
8 196
321 87
26 519
664 748
487 365
254 391
630 131
644 134
773 420
187 488
321 319
188 515
70 6
310 372
590 626
337 553
98 33
388 547
470 743
455 569
195 599
724 729
519 697
622 466
769 266
561 74
786 560
408 682
222 105
333 385
289 54
515 254
73 29
348 65
441 485
564 502
587 792
270 450
352 262
675 664
603 311
81 666
517 591
403 119
436 592
102 778
781 486
399 382
327 1
614 336
227 94
156 417
706 395
578 668
163 13
650 396
330 513
108 495
322 590
761 631
257 341
719 23
562 766
754 397
52 360
297 417
617 180
7 788
676 4
127 294
416 72
521 10
30 451
637 691
672 375
687 745
350 373
246 347
125 426
20 301
408 433
54 413
405 106
192 731
369 729
254 119
59 386
100 375
575 539
499 486
210 371
490 64
634 799
176 776
450 68
26 191
447 10
703 533
676 644
371 15
777 192
762 580
343 731
288 219
748 206
435 213
2 80
296 436
226 376
413 677
739 245
113 712
317 30
463 310
89 73
276 720
463 325
6 313
791 157
83 620
366 423
333 160
454 545
285 367
22 118
118 545
157 67
502 134
646 662
552 639
601 509
509 278
38 165
563 219
331 194
12 611
566 390
97 538
21 722
421 429
597 87
541 380
73 37
319 262
161 571
694 461
472 337
320 418
574 775
519 559
239 137
240 228
670 373
496 259
72 428
666 658
578 757
181 228
305 636
763 366
400 407
219 518
328 648
650 509
591 699
60 398
73 356
333 600
117 471
251 429
726 697
85 615
364 235
462 147
188 314
616 623
750 525
627 424
498 16
96 337
182 264
758 188
524 47
274 404
231 521
198 461
333 499
197 211
714 649
128 61
249 161
797 64
93 398
766 420
370 639
242 339
786 169
511 614
98 72
775 770
239 466
761 237
195 164
559 696
73 86
627 663
99 202
146 635
559 436
620 207
646 496
481 745
371 540
631 591
439 286
295 643
322 89
341 724
539 171
620 30
226 517
418 598
159 16
143 50
359 28
671 535
786 85
452 61
582 648
437 24
158 761
720 535
249 312
682 574
793 556
216 19
8 670
282 346
320 641
435 785
97 757
715 298
196 747
490 77
481 627
720 619
658 31
248 42
250 646
606 266
698 91
283 484
205 627
357 773
339 458
32 248
383 722
110 342
736 780
717 591
761 222
473 616
547 198
306 148
613 333
390 33
524 536
153 504
363 752
413 320
282 355
362 488
541 190
108 735
154 279
51 787
672 447
680 773
583 208
518 593
84 48
177 13
783 582
159 566
685 589
676 443
90 10
146 489
267 492
608 133
549 229
299 528
780 55
673 522
75 404
596 722
640 634
550 739
72 309
132 160
108 519
111 109
615 456
672 776
495 106
432 763
116 87
195 630
527 155
753 595
387 594
553 401
22 198
406 529
435 792
731 188
175 191
775 293
112 606
418 762
48 59
26 111
220 759
223 720
221 194
224 211
584 791
728 657
293 529
265 671
644 34
99 247
98 94
475 467
328 343
131 537
222 405
16 32
166 188
650 253
762 333
746 115
41 86
265 777
652 734
458 709
759 287
594 0
35 594
443 265
541 700
136 249
565 545
142 89
216 466
160 782
132 139
557 219
543 95
665 162
227 342
312 358
366 47
683 27
481 191
687 91
189 33
9 715
192 104
301 32
518 429
218 384
33 92
716 397
72 131
451 699
578 75
604 326
716 608
38 545
365 575
75 323
7 441
372 152
569 722
117 53
176 432
388 644
247 439
367 743
424 76
93 795
426 323
31 308
239 670
105 652
17 601
763 122
525 478
675 100
602 547
702 771
629 236
703 475
580 576
438 652
339 277
183 101
640 521
468 220
747 758
243 229
475 80
566 398
702 292
174 570
662 751
370 773
340 626
185 27
628 119
217 485
726 125
405 680
522 584
388 490
781 507
656 81
543 692
293 735
275 454
323 137
305 62
419 770
283 756
14 202
623 665
74 346
146 476
6 474
786 129
688 788
54 250
541 745
337 619
20 671
101 479
443 527
751 327
798 90
206 614
587 318
225 651
38 654
536 85
111 584
174 58
376 281
235 542
506 6
594 775
474 571
74 707
798 367
298 215
577 144
441 655
208 609
114 568
755 92
752 377
279 579
459 94
409 261
619 210
751 402
69 531
722 747
324 701
368 147
727 578
367 795
214 444
612 291
316 243
722 56
794 492
678 623
358 697
278 140
473 171
42 768
790 533
478 63
484 518
673 142
190 578
685 720
439 388
757 518
737 658
590 537
498 10
453 694
663 667
604 273
634 374
504 451
583 626
623 371
447 439
203 523
588 491
412 539
580 660
338 429
214 20
713 32
458 360
313 204
729 750
127 334
771 511
174 629
334 150
220 468
531 541
644 687
577 608
417 141
289 32
342 595
74 660
150 102
689 97
639 710
253 458
758 358
223 771
600 733
36 220
218 558
701 200
154 26
116 196
435 13
242 772
303 19
267 420
688 186
285 361
542 550
504 2
544 764
445 300
685 282
93 246
758 403
80 369
79 224
613 206
607 167
129 285
317 494
145 605
370 104
737 31
217 360
340 281
234 22
203 718
56 391
385 634
392 669
492 503
398 113
607 292
115 759
237 547
343 486
245 174
723 384
179 119
408 795
8 166
292 752
766 431
305 99
674 220
506 399
612 690
565 759
673 3
125 759
621 292
487 281
38 375
134 606
605 674
196 562
625 462
218 737
344 688
593 641
799 72
217 322
651 667
477 531
332 289
81 59
277 260
178 24
531 584
123 184
563 608
32 380
246 532
652 153
99 215
231 148
636 239
633 391
111 700
458 485
320 798
602 658
374 785
288 444
172 77
600 338
406 591
84 379
382 128
32 310
31 683
744 429
577 289
381 677
618 298
793 579
530 553
214 181
770 518
734 660
733 282
733 787
85 595
568 435
563 67
500 708
276 261
269 201
140 671
81 377
443 744
701 599
177 784
382 441
270 729
346 793
716 759
250 724
290 425
393 734
47 453
730 122
332 210
469 688
663 684
751 582
306 99
781 349
281 215
715 584
98 508
581 115
14 771
50 89
256 483
639 415
434 411
367 728
215 492
313 186
633 59
416 369
245 565
762 27
58 230
434 417
438 281
738 391
319 281
749 88
341 671
15 291
18 101
453 341
515 554
465 206
716 741
38 181
37 661
193 557
361 446
129 56
332 541
188 223
546 573
243 404
667 273
459 273
103 1
32 536
115 322
246 632
622 99
204 264
514 6
593 253
291 157
612 208
307 201
51 695
176 518
778 572
277 262
441 214
46 272
493 312
447 512
272 449
234 6
300 178
321 419
15 522
112 282
329 437
783 334
160 436
764 197
484 451
141 90
451 436
150 95
96 152
640 704
356 163
693 66
772 641
192 342
774 532
666 133
778 308
610 125
501 743
214 46
564 168
485 578
250 236
444 316
497 155
82 633
708 411
757 712
67 559
353 430
708 160
28 83
433 261
298 734
421 755
180 433
637 458
455 375
633 178
77 748
529 569
348 588
158 584
151 51
714 776
297 604
23 236
51 164
252 441
492 487
772 573
682 667
463 610
462 587
339 446
171 631
695 368
562 224
604 525
464 237
582 195
128 199
225 535
73 213
81 676
687 634
755 567
50 542
53 19
369 149
499 411
510 765
771 169
427 18
275 389
284 406
354 197
304 269
373 750
158 150
36 97
97 381
28 627
625 759
671 434
85 18
78 634
57 666
417 423
153 385
207 771
470 323
93 288
610 141
773 349
67 339
574 5
743 421
793 740
722 408
552 12
576 377
73 117
753 710
150 628
101 114
521 309
762 393
463 391
173 16
695 343
149 198
434 364
244 353
742 269
72 706
779 424
782 59
96 87
2 184
56 771
19 579
525 285
0 289
127 189
71 170
688 289
401 150
697 507
126 100
269 266
295 162
348 307
684 416
345 547
567 90
100 618
108 571
370 35
206 740
443 310
768 655
426 416
535 288
74 106
463 798
642 279
676 204
0 303
511 667
413 431
442 649
29 90
21 67
303 763
365 291
261 323
692 768
68 520
131 598
333 357
124 55
336 299
243 544
400 352
524 535
27 183
233 602
68 407
595 736
693 777
452 244
401 348
367 686
487 723
210 294
631 24
799 772
235 431
670 96
424 173
21 523
165 549
61 106
242 741
566 351
290 512
461 710
237 138
113 459
274 767
755 612
153 259
294 502
615 294
21 795
94 222
268 459
247 144
6 488
729 774
157 32
19 401
83 321
218 170
23 734
35 739
609 414
712 248
38 450
20 539
428 279
45 132
144 241
107 109
367 283
579 612
798 441
31 154
118 688
745 126
69 398
294 72
132 221
255 32
447 356
231 418
188 457
533 361
534 765
550 480
653 149
375 268
639 267
133 206
602 635
736 672
96 689
160 492
338 499
105 543
558 245
703 518
386 619
420 168
755 369
499 153
137 577
653 743
251 426
384 358
80 191
278 620
249 357
497 181
262 602
582 101
306 615
604 437
23 331
529 757
529 752
480 21
795 243
327 151
372 734
245 335
253 692
664 454
792 609
786 516
440 102
653 503
628 650
23 453
719 737
144 81
53 572
411 1
782 311
340 692
305 240
207 180
643 98
11 538
328 103
419 352
621 0
156 293
488 51
247 621
722 771
50 586
570 645
84 70
497 436
28 695
584 172
399 42
751 198
652 609
667 225
523 631
225 347
525 427
658 410
62 337
590 99
45 269
704 488
286 293
135 160
790 130
544 293
621 239
587 379
521 409
298 397
92 419
359 723
575 64
386 195
174 559
412 432
780 462
585 123
12 130
336 739
519 589
722 247
432 74
669 751
592 678
301 440
486 25
627 375
364 180
17 159
12 486
392 30
327 275
562 66
303 675
67 309
652 436
352 382
254 66
375 80
114 287
106 795
617 133
352 123
571 351
739 360
557 328
200 358
228 640
616 593
783 469
653 44
536 168
17 296
617 266
268 412
283 167
470 353
129 589
408 126
797 372
90 178
539 562
456 691
533 124
578 569
555 482
469 175
356 203
337 658
736 156
364 579
244 342
474 320
699 354
334 100
526 561
451 72
278 304
272 52
679 560
616 595
34 387
96 172
265 356
573 746
658 311
277 47
668 792
195 34
244 563
303 791
734 532
352 799
72 537
387 687
385 260
679 26
634 794
797 254
154 65
601 401
52 471
237 161
781 713
285 699
671 140
518 208
794 37
645 68
60 327
269 397
787 715
492 518
604 572
795 251
796 284
793 462
331 221
52 747
344 526
23 37
525 356
682 556
446 98
166 44
298 607
241 697
32 776
436 530
514 275
490 115
70 515
4 179
779 3
641 252
561 757
781 183
367 639
498 13
495 580
466 519
389 405
260 725
284 278
206 294
119 11
708 640
239 704
503 795
164 658
268 294
137 201
661 728
478 75
24 33
535 64
330 508
215 345
47 439
489 122
228 268
176 768
424 680
297 96
103 679
448 787
392 641
269 657
614 285
292 641
400 66
652 278
246 562
208 615
578 265
442 616
175 257
582 242
201 368
749 122
170 262
114 773
727 525
357 80
49 38
699 336
98 308
557 665
118 286
782 735
336 1
228 727
521 155
87 169
393 169
280 188
198 559
343 677
67 180
259 130
288 758
622 575
674 169
325 58
512 768
726 634
748 711
708 312
614 283
364 313
366 435
618 335
319 359
49 80
401 442
113 20
23 576
360 658
402 761
529 658
286 470
732 456
797 719
718 299
652 18
282 48
762 275
232 151
271 607
84 367
198 682
789 745
556 603
789 703
654 423
591 792
200 255
657 530
190 177
34 740
171 697
630 107
770 74
27 433
328 76
736 397
718 230
286 631
485 336
241 53
392 341
564 597
426 782
680 44
694 530
219 796
375 747
10 793
372 353
213 7
149 5
546 783
117 75
707 277
588 248
597 289
301 642
59 558
8 748
106 21
75 342
615 113
122 0
122 147
3 710
542 639
750 718
689 388
595 567
299 128
341 364
50 563
621 439
785 640
255 410
384 447
568 290
484 496
713 2
247 105
9 792
257 384
170 272
387 525
254 686
12 28
396 743
553 655
443 303
799 305
64 590
779 636
703 477
773 455
479 436
751 364
747 131
740 754
234 662
658 673
431 284
523 484
459 755
205 725
597 771
735 55
773 422
427 761
337 328
308 39
147 408
635 722
41 308
18 141
399 69
86 717
640 20
134 600
78 663
707 289
512 708
129 458
118 28
32 377
200 549
76 66
549 74
255 597
230 428
491 243
120 798
367 553
234 106
366 285
312 677
251 398
118 396
444 271
31 381
210 271
256 773
488 370
137 235
656 175
490 483
395 572
374 371
496 186
582 415
700 502
40 113
661 152
690 226
271 477
417 266
623 695
0 355
316 552
751 768
407 669
414 269
459 190
275 182
426 35
265 301
781 290
706 584
11 522
183 86
44 62
299 762
534 399
154 603
620 687
556 786
772 364
661 595
491 603
371 662
473 34
222 553
448 493
263 502
438 213
155 579
394 458
125 429
452 217
363 306
488 527
545 467
788 507
551 520
110 507
742 793
139 502
509 127
428 622
745 339
644 536
299 189
705 113
553 393
281 104
228 56
699 464
134 760
660 21
407 626
760 86
643 576
192 297
101 204
775 27
780 291
660 19
150 212
531 140
68 657
299 441
765 381
126 479
538 182
137 346
15 327
610 359
628 33
743 27
121 231
745 90
311 703
23 253
594 328
128 228
391 486
564 452
792 701
336 20
733 22
371 495
196 143
314 251
67 338
732 121
711 68
660 14
694 240
794 38
406 730
355 663
236 778
531 290
735 781
193 23
675 693
104 287
184 362
174 710
359 255
700 636
705 504
292 285
15 684
238 505
284 151
678 190
593 323
331 746
152 341
625 683
244 29
743 592
66 312
792 19
97 505
377 567
13 166
235 638
160 209
135 143
715 177
749 280
253 21
436 606
461 317
723 639
681 107
419 734
612 790
47 441
494 240
456 509
698 10
487 623
740 313
669 65
199 169
503 223
211 633
646 365
538 226
361 328
159 254
570 141
536 28
732 19
23 431
82 147
43 319
360 191
718 79
223 193
400 243
402 758
214 734
674 154
395 192
471 319
761 520
671 468
54 628
784 214
494 717
541 747
84 328
761 522
630 471
551 650
211 687
120 683
377 743
312 696
214 10
141 618
513 452
715 254
221 377
588 56
30 5
72 104
570 205
166 216
305 409
694 287
193 729
156 545
660 649
548 70
561 285
136 531
626 602
393 287
217 38
726 765
642 528
391 182
366 613
113 417
563 194
265 556
740 4
308 102
510 547
40 741
503 562
250 78
196 411
458 128
743 313
568 432
576 485
31 742
234 52
432 634
474 557
256 478
779 436
351 11
88 649
7 442
571 463
623 411
618 451
355 105
557 167
33 743
136 255
204 166
133 365
680 68
325 762
206 576
673 116
340 114
54 368
714 555
663 743
112 780
432 751
199 232
543 613
664 347
631 143
30 724
509 453
118 349
747 321
685 528
364 562
597 240
130 211
404 192
764 701
611 16
771 507
606 580
28 724
57 471
623 599
176 225
205 123
306 214
654 612
361 7
333 45
762 451
543 697
345 57
281 329
760 316
390 342
581 687
37 440
195 496
514 232
235 228
145 192
97 548
446 433
518 289
722 600
695 103
721 338
512 325
659 779
316 412
709 40
165 393
642 662
775 226
641 571
591 301
713 785
435 80
719 528
499 757
788 157
376 464
409 529
473 353
180 365
332 266
738 548
778 464
149 330
374 84
740 695
105 341
757 465
736 239
766 759
155 225
775 389
172 278
603 128
786 29
480 270
590 345
357 620
495 273
220 144
792 728
576 297
574 748
606 31
118 201
311 106
791 545
332 527
278 619
288 145
370 280
115 561
680 88
242 36
275 641
574 592
36 681
656 104
166 511
267 716
7 256
56 51
539 240
8 522
101 665
704 4
17 187
576 588
201 204
568 411
712 773
548 747
706 9
199 574
328 331
235 791
438 497
380 624
784 576
597 268
186 728
738 490
534 95
238 682
633 433
257 302
452 490
248 394
600 60
266 507
240 640
105 150
44 349
570 218
40 781
72 486
522 118
304 664
752 634
392 3
654 153
304 88
174 528
795 113
619 280
238 649
117 540
270 552
384 190
24 82
283 649
290 600
131 655
212 602
233 103
583 155
361 580
765 617
687 721
22 207
630 643
491 510
133 613
683 633
410 320
93 798
377 782
268 737
22 189
76 238
136 649
394 686
550 540
0 798
791 270
693 623
661 795
560 62
751 794
598 46
572 475
737 684
284 161
502 666
747 667
52 173
623 492
647 300
258 438
410 87
579 669
526 455
310 764
283 17
172 404
752 294
703 214
791 684
424 672
157 667
459 113
775 304
772 496
500 396
452 629
655 556
96 118
101 61
355 103
370 183
231 768
325 129
597 547
159 517
389 320
513 653
430 505
295 515
425 222
542 261
552 416
780 50
406 584
696 501
184 591
757 699
559 205
394 443
542 599
97 722
548 502
43 668
276 662
44 425
161 50
143 786
117 315
254 86
568 147
159 526
396 662
623 734
669 55
574 426
613 784
541 131
176 65
140 331
23 330
20 792
460 382
354 636
698 82
216 503
479 0
235 668
130 122
241 481
571 342
522 756
784 345
326 127
677 622
380 52
149 358
337 374
654 418
664 9
88 552
320 493
570 319
228 309
763 738
63 497
613 678
188 718
647 517
288 776
141 177
318 777
176 644
135 608
234 462
526 726
279 705
586 357
532 666
40 775
727 79
218 87
714 353
779 362
524 320
492 276
133 751
458 267
505 725
368 66
59 467
748 592
318 312
781 66
392 693
334 677
341 42
672 22
147 582
31 490
723 581
101 463
433 725
120 455
405 63
335 69
468 192
84 274
374 533
570 144
188 698
1 355
129 249
119 65
182 657
457 489
590 374
77 48
209 208
527 773
765 551
793 281
37 437
489 1
30 594
383 57
172 532
790 320
597 640
13 474
317 340
593 152
759 662
456 785
733 76
765 581
336 548
233 588
752 226
210 259
750 486
358 660
474 771
78 331
634 377
385 25
35 550
506 779
675 24
190 353
369 177
638 206
317 290
89 780
112 63
578 453
458 424
726 16
74 647
172 527
676 92
718 506
656 548
489 117
676 415
191 730
590 241
715 180
604 683
610 438
681 97
132 344
461 791
284 548
434 523
326 446
425 673
765 341
6 321
136 252
781 276
261 542
128 16
357 440
368 692
44 513
210 563
102 361
423 722
453 352
538 351
328 630
362 407
743 410
444 177
362 293
460 254
783 20
774 583
670 54
597 211
723 404
33 721
488 306
739 122
113 528
120 69
119 31
234 59
599 292
540 431
102 480
550 680
93 578
662 583
708 749
205 120
551 526
98 503
33 116
86 383
30 498
447 90
621 359
225 636
723 402
651 195
101 180
486 5
510 280
260 583
263 374
553 550
37 536
748 265
466 586
301 248
95 702
262 307
479 184
466 435
184 384
62 491
664 116
522 467
355 92
428 82
670 696
579 453
305 113
92 645
116 156
443 212
537 380
149 344
746 577
307 334
416 511
672 754
768 672
190 153
781 498
455 724
304 346
280 486
464 210
134 179
161 234
658 446
280 699
67 85
13 553
635 421
328 369
412 632
334 392
763 125
476 611
446 778
595 572
711 561
537 377
47 565
433 570
476 772
49 458
686 75
682 421
785 162
676 401
154 185
106 244
491 584
414 354
633 748
274 76
74 579
11 480
311 266
493 647
684 718
788 455
185 695
20 553
70 84
168 323
321 385
459 206
494 236
762 106
478 481
73 464
137 342
596 602
110 228
231 765
531 283
49 690
75 127
637 375
118 517
124 545
488 687
368 74
450 398
458 574
101 253
550 96
95 733
571 648
356 103
100 676
112 484
126 266
415 731
342 236
338 184
575 748
709 622
18 561
163 49
487 330
309 240
22 550
21 203
494 303
268 425
192 299
51 382
160 15
161 89
135 693
146 647
475 528
169 448
192 7
32 288
45 798
121 781
391 22
660 325
702 530
365 363
141 111
698 462
617 741
100 639
450 145
32 123
773 515
82 704
390 289
783 376
69 254
729 788
744 530
221 570
114 698
70 682
237 608
522 546
501 478
315 341
513 519
145 408
315 2
772 710
759 740
338 505
650 316
304 420
294 370
318 275
772 719
733 510
407 568
387 741
211 21
189 351
311 568
128 685
18 419
301 303
125 341
588 269
319 375
312 166
625 62
90 220
215 386
393 320
223 345
375 466
611 598
752 365
403 414
246 48
664 16
496 351
97 601
778 651
102 540
180 747
646 324
691 602
721 482
558 444
239 180
368 328
587 552
411 390
455 574
380 274
176 555
390 650
208 347
265 441
519 648
240 219
411 657
87 525
644 653
567 458
389 774
763 153
31 514
439 708
63 126
478 364
571 743
168 159
659 331
97 265
793 309
61 582
259 270
289 503
797 277
239 773
550 545
590 440
67 225
239 479
562 653
646 210
475 404
73 575
572 424
630 532
630 554
636 577
71 754
104 486
749 129
268 477
482 372
243 462
294 576
303 339
334 29
664 209
481 301
573 164
454 590
7 311
186 443
188 231
478 124
404 712
217 326
638 404
279 359
792 251
6 420
500 734
285 466
168 502
233 379
696 265
103 248
239 50
25 482
166 387
715 555
607 263
543 316
713 204
119 374
352 159
408 149
304 542
571 708
683 322
514 208
764 282
742 632
598 256
328 461
378 147
753 736
239 63
410 704
796 686
739 792
611 393
749 145
661 123
114 230
748 203
135 597
31 169
731 507
656 229
661 632
526 19
360 554
304 710
232 447
295 653
128 158
21 456
50 329
388 554
321 82
578 550
391 557
249 680
468 444
265 652
370 554
401 88
759 298
513 788
597 482
74 175
499 292
304 661
522 127
280 633
398 612
792 516
114 601
310 792
541 658
434 645
264 514
92 96
138 277
616 312
378 460
786 755
540 449
4 372
247 3
134 577
739 454
600 456
449 186
154 50
84 770
97 461
719 203
46 392
629 745
188 778
81 648
281 587
88 354
579 402
516 694
20 302
441 75
681 425
39 347
435 634
776 733
792 773
559 720
276 533
273 122
713 591
192 661
175 566
137 768
330 284
217 388
204 44
541 93
342 390
506 387
113 682
101 421
608 304
395 18
593 793
753 214
444 737
91 289
214 226
460 389
508 346
261 398
335 618
586 605
290 758
425 8
710 699
273 654
125 471
57 207
284 179
23 611
119 205
3 773
486 668
243 76
418 240
122 476
73 176
607 744
581 551
124 83
196 658
664 779
246 534
138 432
795 266
345 393
599 744
490 215
232 426
34 60
339 127
570 718
598 712
279 575
52 680
382 82
434 703
237 688
289 729
146 775
383 695
243 713
499 662
297 659
173 672
740 759
139 507
364 458
452 597
795 718
674 458
578 548
592 85
634 411
518 693
752 586
588 172
550 702
330 118
127 605
57 134
7 586
326 798
166 687
61 797
672 23
573 56
279 227
60 585
193 301
772 329
230 777
58 728
307 707
679 290
311 45
195 125
4 523
209 545
361 707
494 217
209 768
784 319
602 94
414 628
355 591
560 172
767 157
640 2
388 770
307 526
217 665
696 358
638 307
464 266
797 282
512 272
191 75
395 46
783 374
402 513
456 99
483 264
394 648
363 41
389 135
172 739
208 176
298 620
747 714
2 626
768 281
506 605
165 396
715 498
394 509
161 174
254 124
36 14
419 721
56 585
272 670
798 116
304 52
163 356
571 512
765 68
33 711
92 314
579 690
326 747
508 149
321 119
377 296
10 767
175 546
710 441
12 587
83 586
222 21
505 598
244 63
434 632
222 775
613 84
325 292
583 621
365 289
39 112
133 475
191 781
357 494
516 381
763 57
206 762
20 267
9 750
641 334
266 626
88 321
480 794
591 418
18 381
265 182
34 666
154 300
120 692
112 274
79 607
150 549
138 140
384 277
388 119
76 97
575 59
154 295
563 134
545 698
625 161
400 690
29 583
160 714
16 328
205 607
466 215
567 270
438 451
637 332
740 161
394 524
734 371
598 739
792 357
55 784
13 291
673 528
103 343
7 477
328 145
224 469
232 39
675 250
391 544
214 674
558 27
603 595
723 798
487 776
757 108
456 350
414 474
386 207
361 394
362 260
87 717
706 165
527 99
391 498
488 291
771 129
545 618
332 159
301 506
223 228
361 21
378 704
115 675
586 672
541 164
426 543
324 305
541 613
269 639
119 123
376 695
398 226
34 462
563 410
729 70
493 317
697 245
561 5
358 307
99 279
409 760
336 765
653 593
49 58
545 430
271 64
125 615
637 8
157 235
390 716
635 495
563 420
313 651
236 377
190 388
354 339
224 700
651 194
730 615
220 212
484 371
18 741
2 100
435 327
635 353
55 36
630 51
43 753
10 229
347 214
337 464
584 248
347 168
591 689
268 578
771 185
538 587
75 157
47 9
467 157
71 539
793 11
529 704
681 141
581 636
101 355
286 539
390 28
684 485
187 55
495 670
410 487
252 164
182 615
600 686
133 534
394 607
560 748
648 336
321 478
755 677
426 330
268 535
32 236
634 791
226 661
143 201
431 755
710 52
516 1
321 622
387 512
123 297
725 542
543 709
470 782
10 686
369 764
47 154
140 296
241 225
576 388
56 33
647 721
788 493
272 214
94 687
502 275
432 110
418 565
497 536
249 481
732 536
415 185
662 796
448 505
441 41
647 304
236 686
564 476
66 193
457 568
71 462
124 179
572 502
777 458
414 157
451 257
365 378
394 129
43 207
231 332
222 521
585 320
784 504
588 352
140 610
149 379
94 413
465 719
172 355
438 681
679 550
684 199
306 724
298 75
420 32
159 585
136 474
728 488
387 620
293 236
5 103
767 105
16 283
612 628
785 63
323 150
322 538
733 629
796 167
557 94
219 493
41 366
423 705
197 686
486 64
95 294
33 366
194 587
1 397
251 514
622 636
254 383
636 311
458 658
610 345
269 186
43 67
793 729
738 145
773 663
550 74
594 52
330 200
220 278
77 248
629 328
631 680
405 438
43 20
475 161
51 663
240 145
629 730
181 303
458 282
445 48
730 284
364 794
374 281
543 375
159 665
205 41
529 81
343 423
349 696
637 367
599 601
679 54
320 564
530 427
628 74
763 40
43 691
414 607
470 335
51 252
475 14
402 44
117 233
173 76
586 788
743 478
6 191
257 369
414 502
242 340
191 458
38 227
705 46
222 730
601 603
728 402
353 719
150 151
177 547
736 52
562 798
781 320
488 197
778 69
46 509
419 602
576 474
59 98
537 381
327 788
107 69
691 336
424 562
321 120
789 54
590 314
500 220
215 521
202 538
502 34
155 671
56 390
733 293
377 13
181 50
776 16
559 127
633 618
799 545
155 146
633 465
260 792
764 233
381 1
771 75
167 157
566 772
617 581
441 221
81 319
278 357
279 630
394 670
33 657
617 480
496 190
291 389
370 97
414 700
204 380
299 135
480 53
158 255
365 482
705 282
538 75
443 797
295 276
668 447
716 771
655 664
236 665
405 265
496 202
653 732
526 700
242 63
33 75
159 3
679 385
726 525
544 255
588 221
95 212
791 565
750 98
404 525
637 309
121 540
774 634
363 79
21 38
587 486
777 318
509 677
384 567
147 361
581 336
129 212
654 471
72 402
242 159
616 634
177 372
205 794
766 603
134 298
648 209
797 363
764 311
27 418
345 47
109 64
766 630
778 205
706 289
677 205
367 588
692 357
600 220
102 305
742 590
176 658
104 724
643 182
161 691
757 254
221 376
698 471
226 595
4 640
730 590
264 783
551 458
19 252
144 175
636 455
185 42
114 693
786 773
271 561
104 583
658 11
32 95
660 64
66 295
402 549
370 105
156 556
200 109
208 702
759 637
797 136
517 482
156 796
495 148
570 340
748 235
218 353
684 604
524 458
528 536
518 636
194 348
399 154
349 463
780 682
762 226
573 742
169 309
452 735
292 500
530 278
372 693
605 174
305 15
760 335
657 627
89 255
647 605
57 543
165 400
62 188
551 496
532 211
381 470
752 625
299 182
7 111
63 590
14 707
535 740
349 584
797 694
562 620
514 90
644 361
620 269
471 346
257 462
353 190
603 287
482 122
357 388
573 475
171 268
251 462
733 518
712 706
340 108
397 282
734 434
17 769
89 299
80 371
119 217
231 247
245 684
90 500
407 81
563 156
663 409
466 219
722 172
580 171
388 110
645 725
632 653
376 528
742 524
712 17
130 520
452 572
546 47
98 683
701 343
784 182
695 324
108 474
450 561
772 597
433 460
615 766
541 55
785 556
519 88
109 417
445 453
419 465
419 62
354 368
185 373
753 444
535 617
768 376
312 530
62 366
444 359
338 150
368 79
289 480
331 190
717 204
721 463
555 154
424 287
230 434
754 467
689 20
26 208
305 496
778 762
698 163
533 423
563 10
422 707
508 366
205 199
450 510
775 8
386 395
126 285
606 16
621 16
564 334
214 569
133 523
156 402
594 505
373 380
310 0
330 553
8 354
569 773
223 556
206 317
701 76
681 749
116 492
58 36
625 153
287 525
504 221
171 423
88 790
371 639
488 639
391 577
421 11
679 777
694 279
239 468
79 582
552 95
543 136
211 333
208 515
286 611
182 8
575 129
265 783
283 565
459 140
36 670
84 183
596 409
618 21
286 71
419 142
105 565
498 43
650 571
274 716
16 444
692 780
331 635
433 597
54 742
70 128
460 5
636 624
241 701
221 132
173 635
566 449
496 523
119 57
767 407
754 737
52 672
228 367
250 32
524 624
216 51
122 99
499 202
386 128
354 471
54 407
740 663
753 12
390 281
25 708
448 613
172 552
652 527
682 321
245 508
433 185
586 684
55 272
768 576
28 603
104 61
529 194
668 416
516 380
750 520
217 11
331 757
426 270
584 425
135 722
763 217
612 557
499 733
284 769
398 237
420 58
574 395
637 752
194 161
321 14
30 368
723 547
485 127
223 537
702 663
793 616
448 312
578 65
348 611
323 405
666 157
700 61
381 258
260 32
193 753
17 144
786 660
654 671
216 377
571 136
318 234
769 408
456 25
71 121
155 726
239 681
493 221
708 117
784 323
640 770
675 577
558 218
156 452
553 243
424 118
511 396
527 144
626 614
191 314
425 98
423 702
268 274
626 79
597 70
149 460
86 69
526 414
704 403
366 738
500 141
574 127
273 179
137 427
583 340
418 296
73 445
783 258
453 608
152 681
470 480
123 1
389 259
54 128
404 6
440 127
757 437
119 331
79 506
514 715
346 621
145 341
507 143
13 272
219 538
411 492
678 314
486 354
728 763
240 621
687 69
277 235
551 685
480 759
71 547
234 628
582 513
728 799
652 251
747 703
441 458
506 482
124 747
295 21
134 255
421 501
129 444
574 795
253 765
200 361
440 374
508 385
424 539
405 185
463 565
362 732
107 501
448 296
458 795
550 216
83 320
93 647
126 125
525 192
100 740
250 613
153 205
698 307
280 140
221 232
495 599
177 286
381 475
307 241
473 613
133 65
619 118
324 125
454 502
25 236
64 556
183 479
467 462
464 447
702 610
688 655
692 428
200 638
304 702
649 572
318 219
290 746
532 740
366 239
324 789
644 53
419 650
572 792
281 111
310 472
723 248
411 73
432 80
755 293
158 384
567 386
191 615
775 793
402 187
453 397
41 389
3 770
466 43
316 458
13 14
740 253
424 219
369 257
675 394
83 268
613 364
177 188
425 550
546 437
341 298
601 399
402 649
519 751
793 153
388 127
598 187
730 60
682 12
539 226
482 318
35 11
343 406
310 668
490 375
356 221
275 438
621 114
136 386
676 124
454 500
551 674
587 214
474 403
366 737
528 573
530 190
318 561
721 595
518 11
790 60
346 268
604 710
121 34
350 438
92 444
77 644
124 423
159 231
242 506
290 211
152 570
777 728
716 240
746 220
723 694
27 792
789 492
79 451
456 273
278 134
563 512
434 316
333 711
661 586
32 231
294 9
698 769
693 112
422 132
696 375
347 752
661 198
179 160
262 379
482 91
771 380
704 310
423 386
82 89
520 207
37 328
243 535
377 571
465 537
349 2
226 244
578 605
160 430
611 479
178 463
180 367
55 680
219 595
628 512
369 786
180 379
196 109
380 104
286 504
193 752
126 755
128 36
690 519
440 169
112 761
202 519
757 776
755 624
81 256
515 701
690 406
778 690
411 428
357 501
792 686
412 434
360 137
237 76
231 281
679 318
58 248
611 174
316 345
81 159
260 764
779 343
355 183
569 395
211 610
439 567
622 338
34 123
669 87
315 141
706 525
404 75
583 294
318 768
56 243
598 685
613 534
234 111
578 532
461 642
742 315
376 291
96 78
506 264
775 488
675 494
96 6
99 292
124 777
656 69
226 178
347 794
315 399
306 426
717 352
112 703
164 731
96 629
66 578
469 301
84 326
174 253
686 652
184 34
523 720
122 215
512 730
37 99
222 293
277 481
51 167
636 337
480 641
28 239
314 78
748 520
587 126
103 176
166 505
2 15
513 419
563 550
552 754
527 561
572 587
542 640
311 548
235 80
626 253
58 203
306 691
711 617
52 523
527 746
24 76
177 705
441 468
386 410
65 613
314 754
597 8
692 5
300 371
155 780
327 572
10 174
103 317
792 510
275 574
100 495
183 736
147 683
464 260
773 554
358 163
393 681
436 672
9 437
200 790
172 394
525 450
572 633
283 597
5 187
480 768
634 401
711 83
755 540
300 632
227 760
670 307
220 743
495 634
652 466
349 72
569 34
460 426
243 456
792 353
23 18
452 12
643 218
47 139
306 124
477 728
651 46
753 333
218 62
668 681
166 543
208 421
89 404
152 764
118 220
582 687
117 409
338 165
728 623
533 797
719 767
746 662
156 696
307 30
156 324
502 798
180 589
497 134
13 520
481 146
243 146
631 472
392 247
6 311
305 11
444 378
223 715
199 223
737 392
305 317
192 28
539 575
526 312
157 62
133 150
422 162
691 494
266 756
368 374
119 78
584 741
771 303
255 337
459 654
331 515
566 485
631 410
62 364
565 324
289 29
288 676
64 530
498 268
488 202
377 222
746 585
798 523
748 172
308 19
664 471
187 287
286 335
184 595
782 644
526 529
64 555
1 219
344 741
536 392
631 20
711 781
25 669
279 92
154 159
602 520
260 149
569 779
457 635
490 740
71 537
292 238
111 580
91 408
776 216
191 357
326 52
470 224
352 20
354 772
489 693
480 559
772 552
722 230
243 284
607 476
539 325
149 580
41 411
457 31
230 620
419 743
337 394
717 228
400 534
301 55
85 671
117 752
472 336
494 765
395 189
12 14
679 562
515 605
686 466
161 288
573 299
379 88
441 407
386 320
505 779
666 431
237 146
407 276
516 554
26 589
159 366
50 93
86 451
536 40
454 220
385 494
5 367
670 350
115 231
104 563
233 191
132 408
241 352
138 623
563 44
605 383
735 79
85 340
499 751
481 542
474 558
698 396
409 148
489 364
693 796
38 537
745 110
581 152
654 765
118 391
8 248
457 663
557 205
116 60
523 787
331 269
186 715
769 90
671 106
492 128
402 730
153 787
662 599
721 18
402 768
639 59
437 287
674 252
265 145
190 616
85 686
5 15
673 37
446 737
731 398
415 106
619 682
526 667
111 276
45 688
651 420
285 758
760 110
45 329
574 226
272 636
785 623
237 682
604 788
118 551
375 294
428 37
672 355
548 355
552 634
609 712
371 480
14 237
658 565
17 372
