800 4787 2400
20 6 25 15 16 8 23 6 22 22 11 16 6 21 15 14 16 11 5 25 21 23 16 13 16 21 16 12 23 12 25 25 16 22 9 12 16 9 20 12 25 10 12 21 7 5 21 22 17 13 5 22 13 25 23 19 15 15 17 18 25 9 11 14 10 6 8 14 14 6 15 20 12 21 17 5 10 23 10 7 14 16 16 10 15 5 19 16 17 12 5 19 13 6 20 21 6 8 6 20 9 13 22 6 5 23 7 7 10 22 6 8 5 24 13 11 14 19 22 24 21 15 14 25 12 24 15 18 5 23 14 16 22 16 21 12 6 20 10 6 14 20 12 5 6 18 13 16 17 24 5 25 16 21 23 20 9 25 8 21 5 12 9 13 7 24 15 15 23 5 5 5 9 10 6 13 21 11 21 5 23 21 24 17 9 16 6 24 19 6 24 18 13 23 13 25 22 5 17 18 15 22 18 20 9 18 18 9 5 17 7 6 14 14 13 11 5 22 16 20 17 25 24 24 25 25 22 25 5 25 21 10 15 17 21 6 21 25 7 8 25 5 14 9 8 11 19 22 12 5 21 9 8 19 17 9 18 19 10 16 17 23 23 5 25 15 19 12 24 6 23 9 12 24 13 22 15 15 7 25 14 14 21 11 8 17 12 21 19 12 18 11 15 20 21 25 5 16 25 13 12 15 13 24 23 9 12 11 18 8 15 13 22 8 15 12 22 13 24 18 16 12 8 23 9 17 17 16 10 12 9 10 7 16 19 17 21 21 21 8 7 17 24 16 7 7 10 8 14 15 11 13 16 15 10 9 17 18 14 24 17 7 20 25 20 24 24 15 9 11 20 7 21 18 7 14 13 5 16 15 6 15 23 17 22 16 24 14 8 13 7 13 8 25 12 10 6 15 12 11 13 5 14 17 20 16 10 10 9 16 11 15 7 11 25 14 14 9 8 10 9 23 19 14 8 12 12 18 7 19 16 18 19 13 21 15 23 8 25 9 10 13 17 22 22 10 5 8 9 6 14 6 10 12 12 19 14 21 17 23 12 13 5 9 10 16 23 10 22 14 9 6 23 21 18 15 25 5 14 18 6 23 14 22 15 25 6 24 5 25 16 7 19 11 16 16 15 16 7 11 25 17 19 13 16 22 10 22 6 20 25 5 24 8 15 20 9 13 22 16 25 24 15 6 21 15 12 25 25 21 25 18 14 20 9 17 23 25 17 17 15 17 8 7 18 7 15 15 24 25 22 12 9 21 5 14 8 20 13 12 23 23 7 11 7 17 20 12 7 16 13 11 10 13 15 19 13 24 23 11 15 6 14 18 24 14 20 13 10 8 13 24 6 20 23 7 19 8 21 8 12 8 23 24 24 5 23 11 6 25 18 10 9 21 12 18 22 11 19 7 7 7 19 13 7 24 16 9 21 15 16 15 8 22 7 14 14 5 18 13 11 10 16 10 21 7 23 16 17 21 24 13 6 25 22 10 5 5 12 17 9 24 6 13 20 10 8 19 20 10 13 13 16 6 15 25 25 15 19 9 17 22 5 20 15 8 21 16 21 8 22 14 25 6 16 13 21 12 16 9 5 17 6 6 16 9 14 10 24 22 10 21 20 12 6 24 9 24 24 21 13 12 7 21 17 11 10 9 13 19 10 23 25 24 10 13 11 12 13 8 21 14 15 21 6 15 17 8 9 16 18 8 8 19 17 16 20 6 8 23 18 8 14 18 25 12 20 14 13 16 9 15 24 6 25 25 7 12 21 6 22 18 23 10 23 23 11 21 18 9 17 20 6 11 25 18 12 17 22 17
3 13 4 6 12 9 20 19 9 6 15 3 16 11 20 6 12 9 14 11 12 11 11 13 7 6 15 18 19 4 17 7 11 11 19 17 17 20 8 3 17 4 9 14 7 17 15 3 14 4 18 18 16 20 10 11 9 4 13 14 14 19 14 17 12 11 12 9 9 19 16 10 9 13 7 11 3 8 11 19 9 19 6 8 6 10 4 9 10 6 17 3 12 9 16 3 15 6 19 8 10 7 9 8 14 15 17 17 9 9 13 5 6 13 9 16 6 14 16 9 14 14 7 4 5 10 15 4 4 6 11 17 20 13 7 8 15 19 12 13 15 14 18 13 19 4 16 9 8 12 3 17 14 12 4 5 9 20 18 12 14 11 3 8 16 10 8 20 4 17 6 3 19 17 3 3 8 11 19 12 18 8 19 19 9 8 15 7 5 6 18 11 17 7 9 4 8 18 7 20 18 6 4 13 16 14 13 14 5 17 5 6 3 3 8 16 20 18 3 15 11 4 7 15 9 3 16 9 8 14 14 17 14 18 6 11 14 11 7 19 12 14 17 10 17 8 3 12 11 5 14 20 8 10 20 17 17 16 12 15 11 8 11 13 6 11 17 11 18 11 5 5 13 17 8 19 5 15 20 18 7 7 19 17 12 13 19 13 11 16 19 20 19 16 6 6 18 3 11 12 16 6 16 14 6 11 4 12 14 8 14 8 10 9 9 3 4 7 4 11 13 13 4 12 15 20 18 12 13 3 13 8 3 10 18 10 16 18 17 7 6 3 4 17 8 5 10 5 13 4 13 19 13 12 9 3 9 15 6 16 19 6 7 20 3 20 3 13 11 18 8 3 16 19 7 9 8 8 9 18 17 5 20 6 13 14 8 14 17 6 16 10 4 18 19 3 11 15 11 20 6 12 10 19 19 17 11 5 16 7 5 12 15 3 7 19 13 16 13 20 18 19 13 15 20 19 20 15 4 8 9 20 8 17 20 17 5 17 7 17 13 3 10 8 13 17 5 4 17 15 14 12 8 6 19 12 4 16 14 20 9 9 5 12 7 17 16 10 9 5 7 19 13 16 15 6 10 5 18 11 3 4 5 4 16 4 11 6 18 15 20 6 9 19 9 10 19 8 18 10 10 15 15 8 18 18 13 6 14 13 10 18 18 6 17 11 10 12 8 6 16 17 17 18 20 7 3 15 9 15 13 16 17 14 19 9 7 7 12 12 6 3 7 12 11 15 11 7 5 19 18 13 16 17 11 11 17 8 10 14 4 20 4 4 17 13 9 16 3 6 7 9 17 20 17 9 10 5 14 11 11 12 19 12 10 8 15 12 12 19 5 15 3 11 6 10 11 4 11 17 5 19 6 11 19 19 6 3 16 11 11 17 6 16 9 5 11 5 16 19 12 8 18 5 16 8 10 8 3 7 13 13 17 11 7 5 20 9 17 18 10 7 10 6 17 19 3 19 13 14 8 11 12 11 7 14 9 8 14 18 8 6 4 5 15 4 9 19 18 12 11 7 3 7 9 12 6 9 14 17 9 7 17 13 11 4 11 6 14 20 3 20 4 13 6 4 7 4 14 17 3 4 15 13 9 9 19 11 17 8 20 19 13 3 16 6 5 6 8 10 17 18 7 13 16 12 16 16 4 5 4 18 10 14 11 3 4 6 7 14 16 12 16 5 15 14 16 4 12 7 6 12 11 19 9 10 10 7 11 11 5 17 12 7 8 12 3 7 19 12 7 8 3 11 4 6 7 5 7 12 17 20 13 17 10 13 19 16 18 3 7 6 17 4 16 19 16 5 12 3
639 85
630 443
773 231
3 683
215 602
387 330
277 366
156 677
99 105
57 701
599 119
554 470
220 126
501 706
476 712
522 66
387 292
754 476
304 767
287 701
422 366
281 715
180 685
600 67
235 57
515 223
462 368
394 489
346 182
308 221
277 615
173 512
499 75
789 383
37 149
171 234
393 697
725 482
61 423
7 435
260 228
626 250
393 639
540 356
715 88
111 273
162 735
191 234
468 610
6 78
327 108
633 318
780 36
360 780
181 520
506 592
781 56
657 354
609 742
105 109
415 85
250 46
201 71
387 411
207 320
381 284
285 571
599 675
180 450
300 784
86 214
59 763
132 400
315 323
342 36
11 738
183 356
654 365
536 75
335 180
387 6
773 505
35 102
95 679
693 138
27 228
465 432
329 356
58 736
328 492
281 166
332 537
595 123
103 141
587 757
542 746
614 170
63 295
747 14
295 538
632 461
521 155
717 391
386 481
295 214
568 41
702 623
545 355
397 146
247 112
32 429
367 480
418 89
211 779
89 265
21 789
619 299
438 318
113 735
424 501
555 488
584 723
641 533
323 735
342 772
104 165
577 748
204 794
307 217
464 337
330 271
493 306
761 436
163 328
19 21
216 223
522 723
147 180
131 130
134 590
133 81
774 785
508 178
363 34
755 518
686 33
557 506
337 185
768 769
30 720
243 52
288 436
635 307
74 774
570 450
583 590
284 613
214 696
729 37
688 344
752 480
140 309
689 359
337 650
684 266
307 220
81 33
209 638
401 358
69 12
696 235
360 614
190 31
162 336
272 376
346 114
358 734
29 95
598 477
399 762
376 580
624 471
294 440
726 340
250 63
312 193
762 330
104 761
715 348
646 505
490 712
204 583
475 799
502 706
613 317
612 726
662 212
752 206
549 51
536 387
519 369
67 649
85 363
96 764
710 689
528 558
754 382
467 637
604 375
562 194
589 103
591 184
537 75
415 169
25 183
387 334
430 373
80 212
207 305
149 530
269 505
221 562
616 25
281 774
138 17
454 547
744 389
741 705
625 685
378 397
782 193
64 485
568 44
537 731
255 697
45 751
776 671
175 53
368 253
611 37
485 689
231 361
167 281
396 380
561 384
773 612
599 118
472 34
22 680
654 109
391 69
214 431
497 280
603 10
514 746
265 67
119 153
122 247
488 208
479 579
200 50
227 237
341 552
293 34
328 320
351 779
502 278
742 550
765 339
486 310
555 729
614 723
284 120
492 205
486 672
677 333
704 493
326 227
93 161
286 388
3 398
378 415
740 659
54 541
792 457
427 506
425 709
88 313
298 680
549 497
228 450
333 443
338 669
77 765
61 107
266 346
211 85
114 480
206 633
433 287
345 224
685 153
213 644
469 653
737 408
584 378
167 759
736 11
733 428
286 494
569 499
565 333
287 590
166 437
538 386
335 111
33 519
102 427
379 682
692 330
507 505
444 52
340 500
638 257
454 445
635 300
148 259
334 105
155 628
636 779
683 547
35 448
37 406
587 310
109 38
652 383
752 260
36 761
646 348
223 444
66 243
148 211
284 735
663 515
292 649
558 463
116 156
711 796
796 761
176 375
331 408
211 302
453 668
99 728
401 302
446 49
634 469
483 436
102 738
123 797
490 706
57 261
211 513
373 85
457 347
19 772
138 339
627 115
788 24
81 62
84 670
513 796
687 383
353 592
576 361
698 212
454 788
699 26
571 270
140 250
747 555
178 107
526 30
526 9
560 649
390 361
688 721
252 228
750 203
731 692
34 749
208 74
662 266
139 408
285 689
239 60
783 450
52 116
515 339
797 651
12 163
699 670
90 159
341 239
198 497
518 422
603 782
720 586
572 211
111 142
326 188
681 579
545 672
176 638
321 337
276 266
582 143
336 778
387 273
792 120
76 237
365 273
174 492
513 317
142 568
575 643
64 598
498 733
630 552
489 234
651 7
663 300
722 391
736 312
247 627
410 110
111 465
799 322
36 7
706 174
544 459
189 374
90 549
702 595
221 488
680 535
84 482
645 169
610 535
361 138
418 554
751 515
478 52
550 796
711 44
205 124
797 561
335 378
110 59
261 323
516 256
503 603
616 156
718 508
70 621
678 399
293 553
739 280
739 14
138 95
290 703
541 248
337 225
182 48
414 98
757 551
394 246
279 799
167 661
157 633
481 373
657 94
402 527
227 548
648 113
52 525
117 604
746 232
508 548
382 752
451 496
393 104
762 617
283 115
734 792
219 197
773 630
0 563
245 515
157 669
201 650
119 499
332 62
94 73
225 474
427 444
257 793
745 781
83 713
682 289
583 479
751 734
389 21
773 605
686 44
607 559
289 69
67 644
706 329
585 448
333 348
455 659
625 400
25 316
371 683
546 462
405 606
192 206
656 89
24 628
562 320
457 576
133 66
166 350
749 389
251 152
695 160
616 415
419 573
178 483
720 622
663 402
448 479
191 304
15 215
594 750
550 658
432 621
785 259
281 317
509 630
578 135
48 219
472 414
608 659
96 649
301 644
447 277
731 671
22 665
527 704
703 173
117 218
255 718
585 361
566 728
309 122
291 713
148 669
192 221
336 182
506 329
765 475
612 239
456 82
74 155
763 626
102 440
624 787
27 677
656 639
625 131
699 497
409 118
759 791
584 46
676 474
194 26
598 662
127 392
322 431
616 52
362 209
128 644
497 430
262 508
400 446
18 798
77 550
756 612
759 417
554 772
789 171
57 268
782 590
202 148
317 629
772 223
18 58
151 173
490 268
630 393
75 194
411 309
626 629
212 669
648 396
37 706
375 211
344 232
15 458
596 565
452 769
418 542
543 467
82 374
499 646
602 665
367 152
575 758
494 35
632 264
348 258
73 202
710 796
248 74
477 197
132 63
67 239
646 146
114 264
575 540
704 738
190 477
513 729
203 342
311 743
82 496
121 199
309 464
459 193
214 487
772 755
787 254
409 597
58 519
232 16
472 234
506 378
528 34
44 760
795 672
724 133
544 493
523 436
447 138
490 423
523 345
505 646
22 197
168 25
673 156
348 3
572 642
726 711
328 106
177 61
172 538
109 790
6 488
725 497
594 525
394 418
693 608
701 383
732 305
541 488
210 453
606 92
203 143
685 768
536 202
167 478
631 182
623 648
546 505
739 338
546 559
591 404
245 380
687 761
628 528
17 571
340 496
247 791
380 640
251 658
283 643
144 190
327 284
608 513
198 406
289 634
708 379
777 633
331 708
412 428
675 29
312 143
113 237
495 383
313 704
365 704
517 286
9 529
714 384
26 66
595 37
573 774
431 763
743 331
424 691
712 519
188 530
502 671
337 151
716 482
683 97
638 330
351 105
171 193
48 304
710 788
148 278
492 542
401 308
578 16
39 724
221 319
303 676
386 24
484 469
503 635
21 578
319 754
568 134
242 32
144 360
346 792
379 610
553 603
171 238
294 436
332 69
714 315
208 118
308 331
138 341
537 35
573 360
699 726
693 717
632 240
84 646
159 511
204 688
664 376
709 771
26 306
251 239
437 526
86 660
622 377
768 384
170 458
107 256
675 496
518 600
172 580
379 87
413 386
618 186
510 438
363 26
391 758
399 579
416 160
55 318
169 120
280 293
714 312
497 491
347 175
384 656
758 511
430 99
661 251
727 449
794 227
6 683
560 19
137 199
379 671
56 331
338 332
24 240
795 482
365 680
430 303
336 553
756 131
111 439
691 631
324 162
483 300
580 773
137 83
588 212
43 233
503 24
787 349
380 486
108 144
280 569
734 624
490 284
597 531
781 172
393 165
240 145
609 414
717 757
746 198
266 342
775 344
584 523
234 97
495 403
433 252
434 423
772 645
170 179
16 229
257 607
195 89
120 169
540 415
553 587
175 61
22 281
185 303
97 603
337 786
726 515
69 424
670 392
42 321
691 407
400 585
541 110
327 48
196 733
737 616
513 147
285 57
788 635
400 144
425 465
80 506
144 376
301 376
585 8
659 654
584 35
105 543
198 147
68 203
83 259
651 165
796 510
535 723
230 640
711 516
479 495
388 95
181 370
236 571
433 369
201 690
147 209
127 559
213 756
197 777
394 716
670 348
423 679
174 360
646 791
18 184
363 12
93 777
618 233
461 103
256 385
134 258
379 339
707 140
700 548
455 793
553 64
96 177
776 501
11 454
93 756
145 552
206 5
547 621
284 742
225 115
674 275
709 765
473 595
277 587
704 1
280 620
774 568
149 652
541 655
395 762
569 29
247 500
405 675
324 234
509 792
451 100
637 559
212 218
744 313
427 571
31 50
422 783
761 585
512 125
697 343
706 423
460 347
574 608
251 112
473 432
223 476
746 275
138 559
661 474
645 588
334 624
411 311
576 579
791 666
10 557
416 149
172 413
341 16
675 169
587 265
167 116
358 267
40 281
720 417
478 447
623 253
771 770
376 346
763 227
747 180
461 514
717 630
618 721
40 138
83 24
713 327
708 507
203 318
319 501
210 464
606 26
250 458
237 246
707 335
82 247
774 659
467 629
734 160
201 445
563 259
87 796
207 740
286 756
509 416
500 734
207 543
84 135
569 293
494 433
257 732
51 651
390 751
36 796
244 410
182 732
550 597
619 268
246 645
429 1
721 517
37 260
263 647
197 615
395 702
28 448
154 403
209 662
296 724
369 793
147 162
789 364
726 200
184 673
118 688
444 621
696 616
368 582
602 636
693 420
337 234
551 648
205 497
117 409
595 610
687 478
743 787
307 229
10 378
783 263
701 487
386 701
156 707
514 664
415 578
547 305
665 400
594 521
27 755
724 491
486 319
310 218
53 633
84 198
224 722
635 346
785 118
544 347
787 602
738 536
544 9
696 141
193 353
286 357
76 368
248 389
609 25
141 60
68 793
200 416
539 28
287 700
70 246
261 580
783 629
49 151
638 119
396 256
626 335
680 512
592 97
408 660
262 668
345 601
642 735
298 115
572 571
706 510
586 709
10 490
736 793
102 583
48 22
17 78
175 463
231 318
340 714
631 51
157 640
380 323
73 717
348 636
333 545
700 720
446 50
92 282
210 194
539 319
527 538
205 138
203 325
321 118
679 622
97 99
403 345
35 608
619 265
124 163
707 238
631 591
234 29
637 640
306 126
531 542
707 647
681 345
526 11
627 146
756 426
100 51
586 193
27 460
686 712
294 523
725 254
293 628
389 111
224 385
105 121
5 549
740 347
126 519
77 43
762 584
708 137
515 671
478 239
395 250
442 14
132 649
430 143
151 658
355 306
397 689
529 622
170 449
131 124
576 425
340 156
700 479
418 656
770 117
570 535
592 553
180 716
389 514
324 676
300 788
71 96
198 787
645 126
92 289
777 372
373 529
194 243
53 501
128 276
716 542
257 737
735 799
61 216
712 302
430 383
24 226
278 730
738 376
670 639
376 282
239 383
539 93
196 349
509 578
646 422
72 658
237 214
675 64
677 671
566 553
714 267
649 337
541 160
124 123
204 578
582 742
601 641
322 137
454 639
665 280
526 674
254 362
630 126
503 722
44 77
88 687
616 688
703 533
457 234
689 433
598 242
320 531
704 449
789 214
764 405
165 695
637 543
427 60
525 429
510 297
461 247
37 341
598 488
297 302
107 496
696 574
307 593
330 51
712 158
460 103
390 110
195 228
151 559
204 269
645 415
380 301
561 226
414 469
129 724
531 585
364 105
456 546
121 83
356 669
449 495
350 385
491 598
550 334
560 685
230 786
469 496
723 227
181 112
451 705
93 750
652 189
233 272
69 583
255 289
154 537
279 162
140 347
225 195
381 274
743 708
528 240
445 714
415 373
600 51
147 196
211 137
546 182
169 717
295 711
514 186
728 431
656 592
798 583
414 502
638 712
181 429
536 573
181 709
188 720
588 713
356 390
318 258
683 86
169 559
579 221
244 540
395 281
407 781
678 478
515 735
667 551
381 780
316 453
207 103
337 329
622 334
237 757
147 405
196 385
253 132
251 781
795 338
29 389
687 24
480 266
87 520
417 263
405 701
462 479
509 521
709 64
12 612
296 341
532 345
39 760
291 771
430 224
374 255
755 195
261 560
52 665
322 495
89 780
370 434
313 122
204 395
655 39
119 776
220 786
213 87
719 350
308 155
588 221
669 407
621 593
774 567
210 388
166 361
377 491
602 249
460 661
407 80
546 45
512 267
259 25
59 171
199 247
508 787
210 481
674 35
589 270
668 528
102 297
268 172
680 278
641 639
154 559
429 501
204 535
35 727
448 409
731 33
770 359
270 377
396 303
524 274
168 523
121 95
709 450
259 574
14 794
632 305
201 89
48 634
37 755
698 406
240 763
714 240
400 467
663 790
242 247
748 124
36 360
299 742
411 632
682 771
267 73
213 496
268 543
471 407
699 677
283 318
735 396
572 296
300 400
4 307
612 578
488 48
647 646
584 559
349 49
67 283
404 786
196 232
317 183
781 436
331 628
497 75
170 411
445 120
414 652
413 367
49 175
690 417
697 83
600 369
58 227
664 11
569 584
323 787
533 450
655 618
244 151
198 101
229 127
625 354
153 262
752 336
539 75
221 757
436 265
746 312
38 680
524 441
277 421
137 638
568 615
227 726
672 374
783 428
243 392
307 525
220 306
156 523
21 735
742 458
717 639
553 116
523 118
357 358
251 143
213 705
192 54
690 474
745 442
604 221
547 226
621 156
182 53
269 764
19 460
22 428
773 179
777 14
797 604
628 243
360 36
215 493
619 647
385 389
130 626
83 249
403 650
566 618
320 595
265 655
67 147
769 168
789 733
592 428
520 176
554 190
649 721
462 15
2 626
592 463
523 120
361 278
692 465
521 340
362 184
484 663
651 324
234 335
179 440
137 55
232 345
368 438
531 619
109 69
552 787
55 434
788 234
91 432
469 465
681 765
558 663
627 232
6 208
544 100
273 711
566 670
196 380
421 794
694 751
487 423
396 605
667 99
21 463
432 379
37 670
272 500
498 660
374 733
484 468
793 502
197 245
487 63
398 564
384 570
605 662
149 596
136 764
553 598
613 133
746 731
664 147
556 211
75 326
434 525
744 776
300 387
157 738
729 121
489 77
591 80
191 736
122 632
623 744
356 670
593 84
550 707
163 480
158 256
495 153
31 492
506 595
18 510
51 382
429 654
351 678
409 495
735 46
109 778
107 402
449 214
730 138
365 565
582 393
430 680
388 670
131 663
224 530
456 350
702 45
30 762
413 551
40 724
713 552
659 126
567 784
329 799
118 471
539 13
784 428
411 780
365 213
279 362
129 202
339 242
475 576
8 758
289 123
376 51
314 683
227 786
455 6
702 168
571 173
702 48
770 608
226 751
72 352
409 241
588 380
502 565
705 385
476 766
638 525
387 457
156 579
130 609
634 255
157 388
412 335
259 493
60 460
333 202
483 707
164 553
357 312
597 250
312 47
180 680
82 504
362 354
252 724
334 6
594 759
718 703
5 404
614 164
391 695
266 438
343 270
724 77
631 481
705 776
440 630
470 112
58 239
670 762
505 668
300 586
472 192
199 773
186 220
535 557
1 667
79 790
391 377
0 230
291 161
763 691
658 153
165 317
63 155
504 8
797 796
630 468
755 607
87 531
313 415
789 325
413 86
242 301
386 566
560 159
231 192
463 526
605 774
24 11
764 314
314 419
313 718
281 283
697 720
700 526
165 637
511 370
219 361
356 561
683 204
440 640
732 15
770 406
216 308
718 298
162 765
268 97
322 226
679 454
373 5
31 709
20 89
605 617
372 358
332 520
201 628
666 6
181 209
139 656
718 506
787 142
682 240
206 124
717 246
326 336
782 361
129 31
483 33
175 565
681 193
1 373
704 38
308 196
349 599
567 196
502 20
374 568
589 341
495 111
441 72
246 172
12 170
470 599
77 206
141 681
390 96
461 336
278 195
604 731
20 673
55 443
742 351
122 614
438 215
397 320
791 407
1 330
133 36
363 385
523 532
492 40
756 326
191 793
102 698
644 746
730 113
760 484
52 179
406 429
436 470
459 210
247 603
778 445
477 504
693 629
243 120
158 595
698 789
34 190
631 312
526 772
196 572
602 421
633 797
306 431
659 335
536 43
211 632
427 453
160 272
222 392
497 121
713 496
625 46
222 521
165 294
767 220
146 290
218 638
674 601
688 796
245 303
319 72
282 728
350 182
689 699
466 716
128 391
448 429
168 552
648 234
654 634
329 558
268 571
663 777
321 529
713 432
699 573
57 15
221 641
165 496
790 208
643 542
772 652
615 237
149 58
130 762
504 496
385 122
50 656
782 446
537 202
109 215
145 547
330 638
43 47
28 84
90 709
762 236
783 347
565 80
742 278
736 775
536 551
589 201
632 394
291 705
322 143
176 662
664 573
533 118
361 172
59 106
778 359
702 648
116 779
554 790
275 30
488 399
27 109
257 757
212 58
146 150
518 273
426 187
202 219
759 294
789 235
734 129
315 293
467 205
768 345
598 283
425 696
699 146
507 317
344 602
249 462
350 87
215 315
289 582
230 23
78 708
534 312
579 389
609 78
344 312
326 259
247 714
350 225
125 158
544 93
564 402
672 292
257 695
254 367
174 649
655 582
584 161
680 227
27 587
500 50
672 513
636 536
459 278
799 202
477 736
371 493
594 583
98 2
614 179
706 564
789 35
672 119
253 361
497 400
785 781
633 732
76 362
161 455
663 505
556 282
604 130
301 652
62 653
134 469
212 704
206 593
124 461
439 111
732 726
466 402
574 203
368 625
82 609
97 579
3 154
107 440
548 13
466 113
191 402
786 637
383 621
496 591
564 575
470 556
705 363
331 742
255 387
779 177
485 259
371 284
509 684
139 419
434 477
290 484
199 179
180 258
211 292
388 675
466 505
693 719
728 299
679 214
582 177
562 514
409 350
303 733
185 16
68 38
366 386
417 661
433 221
657 105
714 600
88 378
372 355
296 631
454 8
131 441
111 565
204 335
220 630
165 54
367 200
334 465
350 769
181 415
353 788
603 305
162 130
770 314
650 509
140 67
767 158
235 158
614 568
30 322
151 556
524 676
495 727
164 462
167 55
121 558
98 26
496 446
726 729
387 85
385 621
442 693
787 366
741 161
17 132
148 488
712 634
677 165
554 783
270 759
20 379
38 540
137 413
372 732
786 88
588 178
637 369
509 162
116 335
137 492
454 799
113 602
519 159
685 417
188 534
719 652
414 233
88 652
788 673
641 286
174 31
329 672
52 496
74 508
87 625
329 310
720 418
53 466
660 520
317 646
86 16
764 640
217 365
679 529
788 439
735 32
37 769
527 479
470 254
297 423
354 113
588 792
482 222
60 137
51 358
19 603
496 268
685 50
283 427
293 396
288 757
489 324
691 54
490 753
181 97
743 62
146 303
566 270
740 115
442 722
170 476
267 222
544 630
576 38
237 127
367 638
677 366
304 12
353 48
183 730
327 601
199 486
380 331
138 276
184 355
631 374
417 740
732 301
675 241
560 629
600 789
321 17
747 673
499 587
477 505
197 15
511 48
55 411
535 428
74 478
216 85
71 200
346 675
367 726
178 670
684 237
94 656
59 137
460 197
534 279
79 218
736 193
158 293
688 146
499 764
342 758
377 131
268 251
562 379
574 479
222 683
338 251
442 58
19 591
60 144
147 295
302 27
457 326
733 476
706 233
626 724
144 453
626 471
570 213
436 273
582 743
757 644
130 153
181 154
43 109
265 247
351 324
415 662
708 769
206 521
295 765
308 172
389 100
319 741
363 98
606 510
139 489
696 615
573 208
533 371
17 222
112 244
685 678
401 492
449 519
36 378
169 783
354 626
417 790
734 275
707 638
13 586
160 473
706 97
218 256
190 604
214 88
543 3
152 652
115 127
631 431
89 563
708 531
311 325
176 543
719 509
676 455
397 290
591 187
701 412
186 681
370 617
255 436
77 671
407 288
590 478
509 481
68 740
688 277
700 112
46 448
146 18
326 156
639 580
123 68
8 119
444 272
170 94
4 650
363 341
353 399
507 746
780 151
163 15
628 310
144 335
439 703
690 521
793 67
603 788
230 298
659 701
140 233
348 752
717 646
738 59
98 484
496 673
583 244
245 133
675 201
84 411
586 377
792 705
651 687
741 104
321 644
174 121
369 37
418 17
701 292
599 692
358 796
271 200
778 464
497 556
477 366
598 482
618 427
465 378
582 333
574 194
574 152
123 489
609 756
346 578
658 547
546 53
1 307
99 771
247 642
680 602
68 529
287 108
701 250
368 371
113 537
477 399
590 660
122 19
434 104
656 204
647 212
511 36
320 2
228 181
271 607
736 687
674 698
20 778
578 270
77 710
120 503
278 385
759 10
452 469
202 370
420 377
72 564
753 88
42 118
70 304
246 205
145 590
612 22
432 10
168 370
378 15
556 82
386 587
74 37
123 678
458 623
77 696
774 348
576 553
88 4
118 277
226 64
658 424
236 709
744 98
331 509
48 58
781 482
171 796
381 439
482 155
223 761
411 202
591 319
494 722
630 640
86 782
15 357
230 404
192 93
392 200
26 491
446 447
456 307
357 209
16 262
596 217
282 104
106 712
664 229
92 331
183 798
254 469
657 112
2 363
797 754
245 206
268 505
365 619
214 70
562 405
798 243
778 481
260 687
3 582
340 403
715 530
218 158
349 589
218 283
593 388
355 738
49 324
139 318
474 261
310 791
396 226
363 505
38 19
780 661
147 503
506 459
80 459
627 463
615 115
758 92
359 88
599 755
277 687
723 142
590 503
361 548
251 23
465 174
651 481
474 247
334 797
68 130
24 109
738 650
307 372
754 118
483 555
126 298
424 589
28 31
196 236
567 547
434 609
408 103
469 287
9 485
497 265
51 137
711 454
702 163
761 207
151 697
263 492
468 716
134 257
466 194
32 136
690 324
498 784
339 66
86 657
300 564
102 342
302 410
233 750
46 61
616 431
702 476
129 419
148 440
265 594
201 76
246 132
557 603
513 113
83 621
256 93
202 560
598 649
565 655
326 702
725 59
424 711
622 494
653 712
82 524
261 504
367 731
579 698
173 664
130 449
372 172
157 124
302 220
179 113
109 416
356 264
746 413
181 670
146 60
58 406
599 193
193 498
673 432
37 486
46 787
1 743
96 793
308 192
381 330
575 774
681 489
250 119
657 399
671 505
349 88
306 600
80 270
741 710
486 86
618 775
562 750
558 778
179 153
341 268
215 448
327 182
753 686
107 753
357 104
88 261
765 246
162 153
702 429
297 455
586 10
55 493
190 42
42 620
210 358
156 512
767 424
574 104
218 531
551 21
117 413
619 732
556 447
674 597
6 336
581 638
86 755
489 186
694 412
445 674
712 261
133 0
598 9
635 170
375 322
67 209
362 18
56 0
551 799
567 275
543 194
183 72
256 412
24 159
491 780
241 545
519 11
417 192
587 203
647 482
101 205
796 662
530 520
444 573
310 268
678 686
5 314
553 799
208 213
576 565
31 671
580 374
108 58
288 572
606 484
592 691
445 209
690 195
24 513
5 205
238 525
419 331
175 67
719 239
554 209
565 544
766 56
583 468
579 395
145 581
141 767
718 652
476 22
28 198
495 302
87 797
623 434
601 760
498 28
593 747
72 439
7 494
221 212
558 619
20 355
274 538
22 165
443 47
787 556
379 5
477 276
462 384
637 26
165 84
479 300
484 558
484 760
549 86
57 571
784 254
231 696
461 278
145 153
278 372
246 758
32 68
375 441
612 369
598 582
422 683
684 336
337 775
99 407
626 66
456 230
563 113
145 706
522 523
643 737
479 794
777 25
434 276
185 354
109 279
100 312
350 634
127 288
68 476
767 41
44 159
377 140
365 592
794 489
361 151
381 719
320 182
663 126
453 574
441 57
100 103
654 742
425 638
180 143
266 294
653 333
308 620
207 577
228 551
100 208
786 565
201 632
602 484
433 82
524 390
362 733
758 785
409 516
614 794
28 667
616 181
75 319
143 628
298 497
380 373
770 462
500 230
57 749
133 378
474 670
60 442
522 505
605 746
657 327
226 122
539 444
612 262
268 39
296 114
465 689
150 279
778 792
683 774
205 621
659 314
399 232
508 691
217 130
346 149
615 367
422 160
188 585
605 101
219 601
629 294
496 662
540 667
606 618
744 435
341 630
381 164
307 298
184 445
424 112
113 331
752 265
510 530
277 161
652 345
472 39
559 641
34 714
61 336
208 613
290 548
647 596
209 26
176 66
642 555
225 666
361 618
403 724
444 564
768 499
617 583
171 544
219 86
27 360
567 538
492 97
668 657
16 355
565 154
116 254
561 648
49 515
105 338
736 788
277 296
310 76
256 697
361 704
580 488
683 725
274 364
317 53
22 538
546 191
654 87
138 356
72 452
614 182
237 122
799 310
178 55
99 57
81 483
163 771
150 527
546 177
514 522
39 763
198 131
783 134
698 413
219 518
701 605
417 530
619 261
281 245
668 720
718 675
776 234
65 447
402 515
456 289
246 138
367 78
356 387
159 124
172 402
402 385
9 560
769 79
10 322
359 421
526 532
251 56
177 701
723 332
58 218
102 123
737 448
505 239
548 56
255 480
138 575
551 645
20 582
699 358
456 297
569 469
461 0
148 201
528 293
572 193
342 734
563 682
704 411
160 768
665 653
311 593
634 305
739 588
511 736
344 193
426 767
301 327
431 520
786 713
283 746
311 346
281 694
761 484
649 34
285 781
493 592
783 146
275 108
490 602
287 105
776 173
250 321
519 608
136 503
577 168
621 118
263 745
570 691
151 382
38 311
203 531
519 601
507 735
201 639
726 228
712 236
598 28
541 125
219 499
80 221
490 232
474 300
614 706
42 374
20 749
618 660
318 172
289 121
39 583
631 174
186 124
439 420
439 130
773 760
128 466
275 459
750 687
623 184
652 365
495 607
245 489
67 551
247 116
353 643
604 671
243 774
84 491
118 130
159 239
117 99
334 475
301 313
415 91
762 454
653 163
120 282
502 328
600 386
539 603
594 702
421 214
34 269
785 577
97 386
73 197
553 69
117 378
378 579
423 259
719 71
2 400
634 8
92 754
545 697
201 375
264 321
320 681
287 447
345 309
330 178
664 482
401 271
2 96
306 523
311 131
603 75
102 411
405 342
31 232
712 494
249 52
503 330
85 649
133 586
180 211
615 143
652 33
755 203
269 246
749 715
626 591
693 441
454 716
376 319
659 612
365 551
37 674
575 747
169 461
199 645
98 488
177 736
78 262
779 356
500 613
681 551
111 207
540 743
362 553
418 799
235 470
542 268
692 208
283 243
325 359
348 161
741 426
554 324
712 734
215 173
776 411
461 570
89 409
161 331
163 773
304 579
501 108
302 198
106 580
676 699
713 191
406 81
635 450
48 178
428 237
799 351
702 257
166 207
272 10
711 442
395 135
297 136
724 459
297 443
577 723
382 43
703 358
6 472
164 576
12 675
788 62
157 755
175 513
706 453
388 795
268 418
464 696
501 169
702 356
779 648
269 103
407 402
546 71
561 18
23 730
186 325
428 591
460 264
693 179
448 417
235 414
12 579
304 5
54 195
152 121
583 403
290 741
658 335
425 3
4 3
89 326
356 36
389 764
586 770
758 346
114 647
405 378
743 736
663 712
434 669
673 756
174 349
210 352
522 77
103 518
87 735
348 473
63 507
734 515
718 380
159 426
295 257
733 247
302 310
34 721
55 473
462 646
589 53
250 701
263 293
384 33
696 188
159 507
761 315
322 68
555 94
10 477
60 1
40 387
435 105
132 421
758 732
375 511
294 591
518 80
25 531
717 437
368 101
451 266
425 484
624 10
359 478
336 780
400 792
495 261
770 673
263 504
644 432
640 392
337 697
508 27
253 36
197 495
384 395
475 227
497 276
774 653
130 758
514 360
73 703
565 579
707 74
101 481
152 115
149 642
797 410
546 222
124 457
445 175
769 95
437 587
204 149
100 273
226 714
751 227
210 161
601 668
545 414
18 683
650 454
791 266
573 293
623 166
206 111
398 454
63 519
530 340
362 515
409 153
410 517
741 661
177 25
601 353
427 697
475 623
472 470
58 443
603 554
136 511
390 673
506 638
496 738
260 88
470 338
506 541
700 576
410 254
243 162
341 666
311 452
25 743
546 656
269 468
344 244
340 718
259 379
544 596
166 108
240 305
118 700
59 503
219 636
550 155
293 459
515 330
157 7
492 379
242 560
731 146
349 84
412 736
237 86
337 481
586 555
150 583
301 261
254 619
485 185
397 525
617 710
128 533
584 348
327 600
654 643
332 384
316 508
645 782
451 245
205 359
794 607
620 580
152 734
421 570
559 237
299 744
312 309
370 791
608 390
619 111
531 160
233 302
553 255
313 422
507 152
438 173
799 75
168 670
328 601
209 203
435 389
702 12
337 372
637 253
260 467
551 132
725 71
687 779
477 301
311 284
707 128
782 398
725 182
627 363
274 571
782 229
457 93
789 212
67 573
500 603
333 708
492 777
43 56
67 278
147 95
510 201
702 190
512 181
409 378
208 706
74 653
82 298
730 413
497 392
443 769
795 175
218 680
573 347
246 333
288 193
386 230
157 665
155 756
413 395
688 567
460 283
506 509
503 386
498 94
48 733
787 700
393 39
450 347
322 194
256 787
528 749
135 199
333 154
268 297
776 103
549 272
498 468
797 98
159 617
732 192
458 777
572 482
629 556
143 221
33 403
553 485
492 242
25 232
669 697
14 41
147 230
201 247
119 268
769 278
189 562
771 529
619 484
625 640
688 228
595 670
602 1
60 288
770 148
239 0
373 350
134 7
278 365
798 282
117 451
183 698
173 706
182 407
470 530
537 290
324 718
710 456
665 654
489 479
16 446
111 404
726 736
297 414
534 702
744 427
145 235
625 301
623 235
35 61
595 66
14 225
578 474
193 60
269 465
5 745
495 591
108 598
330 753
586 566
9 766
189 776
159 445
106 193
434 372
475 207
151 2
723 108
455 365
69 140
754 255
591 89
235 135
537 560
429 343
753 778
53 334
466 652
31 393
784 642
565 84
457 496
126 407
63 394
183 193
484 451
146 782
148 131
350 787
598 472
760 654
261 2
17 722
285 523
627 264
690 51
530 181
782 397
641 603
558 44
302 179
337 137
428 420
263 665
553 181
50 642
321 271
716 785
48 675
70 531
11 346
556 228
58 765
214 191
528 564
559 715
45 400
601 754
88 478
501 399
479 748
528 294
674 394
144 744
533 38
758 727
621 177
19 527
183 671
489 566
411 235
584 451
340 357
291 72
511 113
11 678
110 569
679 231
596 633
311 491
628 777
608 728
774 166
643 29
772 657
562 694
595 313
290 80
185 395
263 610
139 347
632 338
174 653
196 666
499 89
551 162
216 726
601 36
115 331
613 709
109 161
678 726
152 167
715 137
704 219
375 62
659 0
353 709
530 665
84 487
646 377
258 509
416 267
748 102
726 307
282 733
315 534
127 362
588 328
233 672
74 753
211 71
657 90
632 573
286 696
642 427
551 540
754 121
685 193
439 390
506 273
260 2
354 11
190 780
539 216
148 277
789 308
609 777
688 489
607 488
693 224
561 526
646 662
489 541
8 138
476 660
535 369
456 657
654 176
266 51
586 292
604 615
660 300
712 630
92 525
346 71
765 641
705 140
575 204
325 441
49 665
341 237
600 236
137 434
21 313
130 632
601 359
276 274
329 429
598 89
55 675
108 428
40 593
536 174
535 242
243 261
394 93
141 340
774 670
412 657
325 477
91 665
608 283
368 636
771 464
760 51
688 214
28 701
721 243
767 196
751 55
605 265
21 22
339 555
729 521
637 754
364 426
240 222
399 356
380 677
455 463
645 105
583 459
426 368
251 258
550 177
115 429
792 598
750 533
87 401
325 347
31 379
93 235
666 4
402 130
345 156
749 9
308 772
90 366
503 404
713 166
260 463
697 77
382 787
557 743
38 335
567 385
714 442
45 236
167 332
427 237
388 284
598 156
123 308
214 163
43 694
210 626
145 387
393 682
411 299
613 443
214 365
378 245
242 624
423 59
684 164
225 218
393 795
292 296
389 757
487 122
96 792
437 355
592 0
423 500
511 268
648 437
776 383
614 749
539 306
452 99
741 43
301 617
722 743
479 369
144 633
24 98
187 0
174 693
282 197
147 56
403 665
385 584
393 643
244 77
496 595
388 737
440 114
599 65
42 397
243 43
730 299
573 791
480 30
163 340
129 761
602 16
566 193
571 274
458 746
643 526
72 727
177 482
738 372
732 78
796 506
399 584
119 743
546 331
386 526
618 452
695 638
354 606
451 438
191 236
271 647
729 289
121 750
718 339
582 660
88 495
668 139
462 92
575 67
674 376
79 673
545 201
425 616
3 382
178 218
324 509
747 548
117 358
779 680
497 312
575 377
161 555
330 361
343 160
96 180
317 68
176 652
10 773
476 281
708 746
127 374
688 109
468 598
71 737
13 5
225 78
162 517
337 359
422 548
195 98
574 576
84 92
445 341
566 398
6 389
377 551
150 721
114 628
117 722
476 737
629 184
452 628
562 612
492 36
179 412
218 91
291 790
695 642
596 623
458 787
322 218
525 335
478 346
789 220
676 197
629 466
581 764
651 83
382 524
684 105
46 608
634 418
125 453
243 6
253 55
296 562
668 405
599 12
278 732
340 24
717 752
390 518
260 605
438 379
375 460
256 761
501 325
180 378
618 722
241 716
607 520
777 635
192 60
487 35
282 669
715 792
3 667
346 297
668 147
339 103
69 99
430 470
192 263
433 4
257 176
513 502
532 603
446 794
536 432
461 623
703 364
208 283
664 682
280 709
600 702
130 600
5 470
690 254
592 242
120 748
711 110
407 32
373 782
730 385
754 702
76 668
63 265
320 308
680 98
144 733
720 152
588 770
542 65
685 456
430 389
382 81
674 408
394 626
617 698
218 155
194 560
102 785
649 63
217 534
551 314
296 149
115 457
763 492
296 75
787 582
712 2
16 483
597 389
110 242
265 516
397 670
376 56
73 645
223 134
724 144
600 218
99 667
429 707
240 269
756 281
490 342
657 148
174 667
703 115
198 440
746 455
152 690
522 393
430 395
150 11
167 265
513 61
627 251
418 649
208 31
798 520
463 239
581 786
30 135
598 583
271 792
671 686
581 542
718 586
584 119
515 133
222 218
688 309
286 455
742 308
264 422
682 153
441 31
721 135
464 574
698 794
565 527
284 42
440 106
207 794
77 566
208 266
760 764
629 550
504 490
118 31
236 351
709 533
757 516
251 179
74 436
29 308
673 165
151 254
380 583
659 591
64 492
575 143
799 155
498 653
343 293
280 321
77 517
183 314
171 783
196 298
719 50
569 768
784 233
115 759
607 373
154 405
306 522
115 590
140 475
304 481
26 63
711 268
678 794
410 408
15 767
451 522
561 616
323 291
144 405
525 632
309 678
386 659
720 501
54 44
135 163
281 395
597 656
372 476
691 276
725 502
658 275
159 112
523 275
80 86
73 742
556 419
530 395
539 172
700 257
166 14
251 113
100 758
179 223
461 456
764 338
753 542
141 534
328 632
228 605
275 658
517 209
439 574
93 602
249 698
93 693
600 259
527 575
678 150
129 204
52 385
429 362
18 229
342 662
490 536
351 556
584 733
532 469
412 513
145 647
727 100
606 532
305 781
236 675
581 623
685 502
28 618
387 556
7 421
329 366
119 98
307 187
550 263
253 431
423 112
12 445
748 762
127 200
216 267
783 67
702 94
213 168
60 251
779 635
597 488
292 370
641 513
134 570
354 478
100 711
706 322
740 439
409 161
741 388
776 130
590 393
253 359
555 649
473 220
383 237
722 438
789 261
162 776
662 450
656 90
533 723
508 563
759 651
174 454
106 755
272 236
188 21
716 451
60 179
663 633
178 271
43 241
142 68
543 540
137 272
225 549
674 161
443 263
278 86
458 340
598 160
137 95
234 498
244 359
614 729
171 705
586 78
236 126
552 702
132 285
128 214
658 558
445 633
124 586
440 467
715 546
489 11
223 436
0 60
544 72
312 64
20 773
460 10
369 579
272 168
655 48
354 456
376 52
343 348
234 264
773 300
369 787
589 492
591 743
620 752
239 365
627 738
53 153
423 161
376 49
711 195
464 239
168 446
66 411
618 441
222 442
292 105
485 327
211 274
713 699
449 24
543 450
260 505
349 446
82 643
396 164
524 740
25 629
467 149
761 245
434 656
242 559
254 756
307 417
380 153
314 437
416 244
739 482
689 682
473 472
598 647
234 124
759 228
460 28
38 231
278 230
12 362
313 574
251 756
799 391
494 39
205 40
235 367
40 672
477 257
529 137
736 128
480 122
290 601
250 35
349 155
412 703
790 147
620 332
374 121
483 57
678 494
438 3
345 279
789 724
13 587
364 106
388 26
620 133
207 165
124 463
128 535
57 461
562 727
129 112
271 420
386 29
552 383
455 785
318 60
331 366
40 533
444 35
290 793
722 323
380 47
393 161
790 7
279 242
118 398
625 612
227 694
140 600
743 185
246 292
735 617
578 390
631 597
663 710
369 466
236 669
688 66
349 106
627 162
728 574
426 22
234 347
303 777
57 703
433 50
177 121
568 179
155 658
439 149
334 522
509 627
197 156
19 459
428 219
737 488
648 631
765 221
480 407
152 234
462 32
383 349
179 204
366 328
507 359
294 504
434 752
745 748
328 254
732 464
190 756
309 541
123 547
635 722
638 424
142 245
11 208
536 108
565 131
797 374
604 564
726 561
520 252
321 272
24 450
714 300
575 90
339 606
744 178
258 94
155 435
95 150
620 262
696 794
94 678
759 712
546 571
437 321
600 119
163 580
316 419
122 82
660 611
121 405
489 19
405 780
290 771
416 369
68 354
682 100
299 505
740 435
706 769
728 154
485 157
725 9
509 432
762 539
678 91
222 338
94 236
55 616
552 180
682 196
213 671
104 11
442 16
364 638
530 44
473 764
612 442
681 494
350 642
746 122
707 542
283 749
280 110
16 41
501 579
377 210
464 397
765 60
338 204
474 618
358 250
142 753
654 118
108 33
202 291
27 474
787 58
612 55
71 428
619 784
440 183
753 483
435 642
720 778
206 158
312 540
496 182
479 431
397 751
525 35
166 628
168 583
112 71
609 441
456 485
549 11
462 354
73 607
455 339
333 290
513 100
641 28
52 602
410 168
218 261
263 486
385 46
78 543
24 643
766 147
502 304
452 510
729 795
331 418
302 725
66 514
716 375
155 665
380 691
70 616
379 174
133 704
393 653
518 681
216 798
368 415
460 693
446 122
771 86
272 220
725 215
447 232
339 501
521 634
241 558
490 57
482 401
738 499
394 25
59 254
663 797
783 328
63 0
145 323
248 524
354 247
218 85
652 224
300 500
756 299
529 113
516 424
507 776
141 585
785 799
628 447
650 39
544 107
159 508
65 278
254 263
82 690
181 287
629 123
30 302
139 351
647 664
165 245
704 127
433 785
22 575
446 591
9 354
128 746
214 203
272 581
509 90
330 264
336 465
312 658
82 512
140 181
450 791
794 139
717 400
644 791
564 180
715 221
134 229
595 637
99 405
142 296
509 631
767 382
497 163
322 293
785 621
566 235
371 522
346 327
632 426
501 467
603 778
142 539
789 29
199 704
578 212
516 412
14 259
556 608
773 31
176 665
666 795
369 21
296 168
321 349
791 133
531 179
689 598
86 171
655 425
228 731
61 512
405 296
395 148
291 545
740 489
392 546
228 728
218 157
155 595
144 468
718 655
136 152
504 482
727 222
52 600
668 665
129 90
413 122
192 516
183 110
178 187
3 100
345 123
176 202
289 53
261 271
392 276
584 454
93 451
738 196
200 498
448 392
115 229
241 743
757 578
400 740
116 299
421 756
550 757
339 361
553 344
135 240
687 702
631 242
447 362
709 132
336 738
488 312
697 518
271 267
27 108
442 110
155 745
114 585
757 222
557 236
13 376
683 647
508 51
711 715
5 28
753 510
576 333
738 469
194 3
147 378
765 773
753 682
700 645
706 465
591 127
318 444
451 560
745 391
300 548
49 635
223 786
32 65
622 50
465 773
291 329
71 465
111 276
760 495
360 296
202 16
9 480
607 718
610 32
592 165
590 793
574 79
225 718
366 624
615 473
719 791
208 561
568 249
327 788
158 550
487 519
597 80
463 436
332 787
102 348
239 600
547 203
375 367
341 94
376 149
520 296
754 651
469 681
539 607
730 91
260 755
88 679
599 379
238 556
105 166
544 735
150 57
343 669
6 143
339 196
662 20
331 116
776 594
565 575
135 180
474 326
181 605
149 718
274 670
267 653
613 185
59 684
375 317
626 46
114 334
781 778
376 497
249 271
414 87
321 324
571 456
633 4
661 43
42 261
58 361
346 106
471 495
712 265
538 62
519 426
751 474
681 589
113 404
27 491
313 324
383 373
520 247
397 532
703 56
373 133
369 789
580 763
395 485
55 404
485 398
573 63
188 487
402 319
376 397
437 758
6 289
238 276
472 665
170 173
435 91
56 31
71 343
163 482
316 283
226 172
11 239
460 274
755 37
364 567
722 503
659 154
79 309
297 510
252 260
303 237
101 390
122 416
85 77
406 349
42 617
252 635
90 403
489 266
746 78
3 96
58 538
295 237
505 547
766 113
128 544
549 87
209 244
577 507
507 604
579 152
445 136
119 521
58 39
651 321
307 724
783 780
337 37
669 618
33 612
674 794
233 694
343 257
210 394
288 93
456 558
79 20
332 793
487 407
748 672
381 40
26 285
743 406
645 727
211 490
285 246
292 27
13 146
591 509
563 384
382 27
443 560
519 579
170 651
527 632
659 785
195 702
92 564
8 528
38 120
520 219
356 725
66 132
294 419
342 81
282 780
547 674
368 411
57 300
140 66
566 312
1 567
490 4
710 792
481 276
679 455
282 151
764 643
584 420
451 107
345 571
199 221
798 684
408 357
419 701
264 614
164 535
452 661
445 86
41 719
344 648
155 312
411 793
632 725
640 473
13 552
146 600
511 459
398 39
189 670
441 727
70 302
525 293
193 207
603 513
124 224
330 371
189 208
618 172
335 550
188 176
218 713
199 310
785 431
673 154
452 705
256 442
81 744
222 598
138 684
548 86
365 202
512 420
161 664
26 73
262 170
129 665
393 607
493 685
181 298
317 493
344 599
549 585
61 4
595 222
68 709
185 157
393 301
47 787
643 22
147 123
316 32
129 33
143 185
728 372
65 437
608 15
424 787
71 328
438 342
765 275
95 643
141 660
730 755
419 526
201 153
618 735
624 470
283 699
510 124
155 499
592 102
525 735
389 535
404 139
381 19
475 444
564 227
443 744
781 244
727 707
736 290
92 679
581 479
495 689
199 92
215 502
629 166
128 346
286 26
416 188
385 203
742 448
728 707
299 748
527 410
123 702
284 84
241 575
254 561
271 84
307 176
456 775
178 154
375 216
685 539
76 620
713 43
168 252
145 771
657 386
677 513
562 368
547 222
507 526
418 724
