800 4783 2400
22 5 5 6 23 6 15 17 20 12 12 13 12 12 18 5 8 7 10 21 24 25 12 17 7 8 9 17 24 15 21 11 25 5 12 23 8 5 25 6 5 20 13 17 6 10 5 8 20 25 20 25 24 8 17 13 16 11 20 7 9 18 24 19 14 17 17 13 10 6 5 16 16 6 10 23 12 6 20 17 9 16 7 10 9 13 15 19 23 22 24 22 9 5 19 14 14 8 19 6 11 7 9 14 9 22 19 19 16 23 6 11 11 19 20 8 23 14 19 15 22 9 11 7 10 17 6 19 18 25 5 17 21 19 18 22 20 17 9 10 17 24 7 19 12 6 25 19 22 15 20 22 13 24 13 11 24 24 10 14 14 20 24 21 5 25 19 19 25 25 17 8 7 11 7 7 6 9 8 19 15 25 25 19 6 18 7 20 11 19 8 12 15 18 5 19 10 8 22 13 10 24 22 23 11 20 25 13 10 22 8 23 15 12 6 16 7 5 20 12 15 13 9 15 10 7 20 9 16 23 11 24 15 22 23 14 9 16 20 23 5 22 18 12 23 7 18 7 7 23 15 20 20 11 19 13 6 10 16 7 20 14 19 19 8 20 20 17 15 25 6 10 12 5 22 11 21 14 14 13 23 9 6 12 11 22 16 9 18 12 18 15 8 8 22 21 8 7 20 15 6 12 12 20 15 18 16 16 22 24 10 7 7 5 17 12 13 20 14 17 20 13 15 15 12 24 23 20 25 25 11 19 17 7 21 10 21 5 12 22 7 25 12 14 12 15 22 5 25 10 5 8 21 23 7 23 14 23 13 11 6 6 6 10 25 5 16 17 6 5 8 22 11 7 14 17 11 14 15 17 12 8 13 22 15 22 24 12 11 22 7 24 7 13 21 6 17 10 21 25 16 6 16 20 22 8 14 15 17 18 6 11 15 17 23 14 10 21 7 10 10 13 25 13 14 5 18 5 16 19 8 6 21 20 6 8 15 17 11 24 24 7 18 13 18 11 13 14 18 5 21 14 10 17 19 17 5 6 6 9 25 19 12 6 12 22 12 20 7 11 14 12 13 24 11 15 11 25 19 9 7 22 15 22 23 9 9 16 25 18 12 10 6 19 11 19 5 12 19 13 19 5 18 21 19 17 10 19 19 25 25 19 12 8 25 23 6 5 21 15 20 19 19 13 23 19 8 24 23 25 8 18 10 19 24 8 24 15 19 16 11 22 14 22 8 21 13 11 17 5 14 10 24 10 10 24 17 25 8 8 25 13 17 17 14 11 25 12 23 12 21 24 22 20 10 23 7 23 24 19 16 7 14 8 23 12 14 14 22 15 7 13 7 23 5 16 22 5 10 17 13 12 24 21 20 16 13 24 12 19 14 18 22 14 23 24 10 17 6 18 18 11 15 13 25 6 18 19 7 8 10 17 19 14 19 11 23 10 17 16 8 7 24 8 21 7 8 20 24 12 8 16 9 12 25 7 15 12 20 24 6 24 19 14 18 23 6 7 13 20 13 13 24 12 19 21 17 11 14 22 7 16 21 13 15 9 12 16 15 25 24 5 19 18 21 18 18 23 6 10 20 10 17 17 20 14 11 16 5 5 7 10 5 17 5 12 25 5 7 9 7 13 24 22 22 8 13 19 18 16 15 22 23 5 13 23 19 8 8 23 24 11 10 22 9 25 5 19 25 22 12 9 13 18 25 10 19 13 19 13 14 24 22 11 19 25 6 24 9 9 19 23 22 16 15 22 15 7 14 15 25 21 21 16 19 17 25 12 19 16 20 13 13 16 13 14 15 22 10 11
3 16 14 15 14 6 14 4 6 8 6 20 15 6 17 19 14 10 20 13 19 3 10 13 3 19 19 6 5 10 17 7 19 15 10 17 12 15 10 9 3 20 12 20 5 8 20 7 16 14 4 18 15 8 4 19 20 19 3 16 12 10 4 13 8 17 6 17 7 20 17 17 17 14 3 8 5 8 12 11 16 6 3 8 15 15 16 11 14 20 5 12 7 11 17 13 7 8 6 14 4 4 9 16 15 15 15 9 18 6 10 6 14 10 18 14 19 13 11 19 11 12 13 18 17 5 9 3 6 18 20 11 5 9 3 18 9 4 18 12 7 12 13 14 19 19 15 15 18 3 8 18 18 17 5 3 13 11 16 9 4 13 18 13 13 3 14 6 13 17 18 13 11 4 7 9 6 16 5 8 11 15 5 15 11 18 19 8 17 4 12 3 6 19 7 17 9 16 20 18 13 20 13 3 19 14 9 10 18 6 11 15 16 10 8 18 10 18 13 5 13 3 11 10 7 5 18 5 7 16 16 14 18 3 16 6 13 18 7 20 5 20 5 9 19 11 16 10 4 10 12 6 10 9 20 11 7 9 15 11 19 3 11 5 17 17 9 13 10 14 9 15 6 20 14 9 7 19 10 13 6 12 17 15 12 9 5 5 16 4 4 17 13 13 5 8 9 16 8 10 19 19 12 12 9 15 12 20 20 6 6 18 20 19 10 19 16 16 20 11 4 9 16 20 8 20 15 7 13 13 17 15 6 20 6 4 9 9 11 10 7 11 5 12 16 14 18 4 20 6 7 19 10 10 20 8 20 4 6 12 9 15 13 13 9 17 10 13 7 12 8 10 16 15 10 19 5 6 18 17 14 12 19 7 15 16 5 12 8 5 15 5 14 20 17 13 13 3 19 8 19 19 5 19 12 18 17 20 9 7 13 16 18 16 13 10 5 6 8 4 14 3 20 10 3 4 5 12 10 5 19 7 20 19 19 6 8 3 6 19 4 14 7 11 16 20 17 17 3 17 10 13 8 4 5 15 4 7 9 6 12 12 18 7 10 13 18 10 20 12 15 11 8 17 13 7 4 14 12 19 17 17 16 14 11 12 14 19 4 15 18 14 12 5 13 15 12 3 18 19 4 18 20 9 19 11 14 19 5 12 4 16 4 7 6 7 19 13 9 10 17 9 18 17 15 11 14 18 14 12 18 6 11 20 9 3 9 9 10 16 14 7 11 12 3 7 13 14 19 8 19 18 6 15 8 6 14 15 4 10 12 6 9 17 16 16 15 6 16 4 16 13 20 11 8 12 8 18 6 5 5 9 8 6 18 3 5 19 14 9 19 9 13 9 16 6 4 17 18 8 9 11 14 12 15 15 8 5 19 10 14 15 11 6 13 7 3 14 18 4 19 13 4 9 20 17 12 20 8 6 8 5 3 17 3 12 3 18 18 7 19 18 11 8 5 11 16 14 12 19 10 20 13 13 11 11 9 12 4 3 14 5 5 12 12 6 7 8 6 18 4 3 14 19 20 10 3 14 19 3 11 5 15 13 3 10 8 8 12 16 18 4 16 12 5 7 16 8 16 19 8 13 15 12 6 20 9 16 11 18 6 14 14 10 7 8 18 15 4 6 15 4 5 10 14 17 17 18 3 16 7 15 6 10 19 19 7 15 17 18 16 18 15 3 5 16 9 13 4 5 5 10 10 17 11 3 6 4 9 14 17 15 8 18 18 3 6 15 15 6 7 13 19 14 15 8 12 10 13 20 4 11 13 10 12 19 15 14 15 13 13 15 20 19 20 18 4 16 15 6
80 22
221 260
205 193
28 21
579 765
292 85
237 533
531 542
129 178
298 138
134 799
729 152
28 510
352 155
116 403
514 223
464 338
174 693
421 510
453 376
712 87
360 267
600 71
151 418
597 490
448 411
445 697
151 216
511 246
74 796
416 188
500 110
408 450
250 733
30 85
212 588
579 211
113 509
530 37
265 201
388 634
263 648
23 53
283 359
537 130
446 282
575 701
625 287
492 610
322 329
451 41
89 215
525 459
142 275
406 106
401 59
668 206
387 373
33 155
444 283
291 250
236 740
319 723
208 787
273 384
728 292
254 177
540 739
423 433
334 613
64 784
446 511
495 618
258 293
66 321
75 233
425 249
211 781
797 624
357 167
210 370
363 631
233 388
670 97
282 479
375 289
359 481
107 558
71 423
210 195
711 377
634 102
655 36
595 366
363 663
347 116
536 414
742 708
692 328
352 699
257 458
107 102
737 514
193 247
746 488
50 466
177 682
542 785
114 129
161 506
231 653
72 282
27 321
402 13
295 405
746 610
165 3
419 220
133 760
550 339
342 287
737 562
754 640
407 95
55 102
190 764
522 388
420 650
722 327
597 622
54 151
606 465
798 733
33 368
371 785
736 132
63 594
620 536
590 398
333 124
83 309
15 339
196 194
51 399
580 713
75 387
422 359
520 268
499 267
569 286
219 769
26 454
345 789
638 153
168 40
749 350
553 291
767 281
792 524
394 264
441 587
193 378
411 741
209 563
576 760
233 715
620 314
80 631
276 169
263 646
343 202
189 66
201 182
230 19
645 679
486 641
290 720
270 37
35 252
65 540
577 733
674 713
91 505
92 89
341 115
542 461
684 353
13 568
389 675
746 454
255 196
772 721
496 17
221 355
712 280
564 235
701 375
404 93
786 280
689 382
714 608
779 598
199 559
194 166
48 775
348 447
59 656
251 1
712 342
617 762
759 182
621 28
85 14
103 211
344 679
537 535
151 462
375 773
597 361
659 661
19 577
599 646
433 773
16 260
621 295
64 312
687 464
338 565
483 259
245 790
306 508
98 110
57 387
364 143
131 154
428 750
760 93
656 378
255 446
659 37
654 606
159 671
703 234
551 63
690 275
417 450
187 113
779 215
631 55
696 503
282 733
770 459
767 350
189 260
138 430
594 107
242 310
346 230
524 61
532 344
741 133
230 258
465 455
615 572
281 97
110 652
780 391
575 754
146 393
518 361
175 693
156 16
440 205
643 558
782 330
517 77
91 461
332 279
339 55
533 398
710 32
87 268
288 309
574 556
335 185
41 499
638 424
331 417
292 374
258 501
741 470
374 308
46 453
647 76
592 522
168 686
302 254
761 664
769 571
79 89
600 789
291 538
160 101
739 109
472 643
625 740
290 682
546 731
598 192
439 502
382 45
293 127
28 436
713 121
524 149
642 392
165 683
85 780
73 603
477 528
257 777
185 529
636 19
109 127
343 399
9 446
445 312
765 423
163 612
351 336
305 297
147 358
429 404
88 603
656 181
442 489
531 13
702 391
664 157
713 486
687 688
380 171
6 214
296 530
379 265
172 556
780 42
245 763
621 182
440 669
164 106
693 180
184 210
370 89
679 85
106 748
373 134
604 308
608 535
435 731
425 338
201 609
492 681
112 624
493 99
68 515
78 31
165 537
191 477
282 289
355 490
765 159
135 286
327 151
665 527
509 438
717 196
260 273
223 718
186 712
425 567
50 249
415 94
403 434
698 532
466 551
159 353
567 697
542 430
408 642
680 357
131 282
231 482
408 251
673 52
619 495
483 795
507 664
424 697
196 547
79 64
57 51
322 459
362 142
639 686
354 485
570 412
521 257
385 2
28 479
430 155
411 317
576 13
669 687
468 702
431 242
771 770
363 115
696 251
344 213
295 607
425 335
617 106
7 719
490 729
453 82
158 219
549 256
111 731
427 745
473 380
210 388
630 654
199 172
419 391
787 797
591 778
777 167
799 668
708 114
346 29
574 673
34 68
635 798
649 353
736 735
275 762
726 791
264 317
15 350
376 568
627 592
144 719
603 570
599 673
619 170
158 637
686 610
335 202
114 598
382 671
593 501
788 730
576 349
173 704
308 227
527 176
757 473
321 51
724 373
192 674
417 202
112 635
546 685
733 694
30 365
384 293
309 655
197 637
301 598
91 101
304 774
346 288
284 496
328 456
785 45
343 156
81 789
114 549
621 494
718 236
212 484
240 30
47 570
700 661
346 718
528 424
589 727
273 474
55 126
368 739
573 252
223 657
51 630
338 69
204 85
457 232
434 183
271 105
573 468
154 33
28 83
479 166
504 432
201 82
275 32
702 101
164 696
724 249
40 558
422 418
483 517
189 525
583 207
216 486
88 725
22 283
455 738
34 177
201 457
18 541
469 122
431 502
269 497
151 561
479 448
175 638
689 173
148 463
414 732
748 205
339 770
111 616
239 675
163 119
458 592
511 719
579 458
675 57
137 248
111 229
728 542
652 156
541 370
218 506
753 348
85 233
461 385
90 785
790 521
182 344
214 734
606 738
498 241
496 436
282 262
714 259
0 264
124 107
4 745
349 691
355 246
156 164
183 723
397 334
480 121
150 409
146 646
73 32
791 335
784 263
182 586
725 476
785 484
43 32
582 431
391 158
527 137
173 23
275 449
640 181
673 658
591 139
455 437
431 637
491 455
296 467
394 750
794 100
602 439
199 257
423 213
384 757
65 447
676 379
565 553
635 20
659 313
635 138
516 65
646 466
364 128
451 326
250 371
796 73
59 510
107 432
796 737
459 604
162 262
368 237
791 192
791 550
455 654
470 297
714 40
436 362
311 478
127 780
493 140
152 103
39 487
254 99
471 514
296 425
609 633
637 464
365 308
345 333
663 1
673 653
375 485
79 144
436 82
33 202
260 493
677 201
472 504
401 81
755 74
743 410
8 201
533 783
73 275
319 317
74 410
175 704
27 598
270 706
739 470
469 20
670 702
201 792
609 260
785 49
452 114
213 365
217 68
542 378
377 122
393 616
106 97
210 417
691 111
263 714
464 310
656 794
294 431
114 537
78 303
31 734
415 90
727 634
777 544
516 226
207 4
427 630
730 270
354 622
262 113
90 349
381 377
396 13
284 703
451 208
271 681
130 215
158 409
348 270
611 77
543 126
144 715
473 436
490 415
283 384
248 170
689 261
794 648
190 91
482 797
458 204
509 103
40 110
541 0
5 621
693 547
713 533
23 105
505 649
790 774
64 619
399 595
526 671
500 441
656 326
325 99
635 266
324 417
267 300
387 483
460 728
74 213
729 718
79 520
29 17
591 790
731 426
214 321
364 259
796 134
764 373
641 344
151 247
316 320
226 2
379 344
309 610
617 719
174 410
232 101
341 553
82 661
225 700
298 616
50 373
411 671
75 524
638 731
335 166
504 410
638 420
420 563
336 292
791 251
187 331
795 773
341 87
729 289
789 186
755 377
187 433
267 373
486 127
591 734
163 665
744 471
697 201
692 600
140 127
658 96
554 568
141 196
763 32
743 635
256 278
697 504
101 687
1 560
276 307
123 586
253 158
359 742
42 34
486 666
141 449
163 702
98 556
728 267
449 493
469 594
591 414
139 188
79 50
682 170
246 215
540 75
487 547
473 459
516 35
739 76
724 58
6 665
749 571
598 555
412 11
423 331
47 711
600 397
748 482
188 658
47 327
431 683
386 557
165 56
301 643
65 26
246 65
740 125
71 782
673 240
302 441
697 665
179 9
207 311
142 236
451 508
554 472
609 27
647 264
604 434
639 298
475 39
47 201
337 596
284 129
777 589
121 412
527 675
626 604
702 48
355 177
757 86
748 627
193 24
633 351
523 768
274 251
757 359
110 129
328 187
418 747
78 671
764 39
53 463
289 680
269 317
65 406
656 691
330 268
304 616
364 435
418 295
187 414
247 82
271 578
283 332
66 762
51 449
733 510
110 196
486 114
365 40
415 433
595 167
188 265
417 213
718 667
596 187
29 220
716 484
34 656
551 670
519 516
102 753
70 398
149 88
32 328
95 758
709 767
688 587
220 80
39 259
565 712
85 621
674 613
527 287
648 707
369 265
3 599
373 427
785 462
226 492
611 637
546 446
676 705
774 604
169 713
297 363
768 35
222 606
561 573
536 2
269 131
113 125
356 78
6 235
758 87
730 39
745 95
236 198
321 0
412 92
789 756
446 468
180 8
798 593
547 661
774 162
152 128
725 68
460 535
72 474
203 548
373 46
701 112
352 335
177 750
535 473
687 621
150 25
722 59
549 102
43 569
94 40
611 490
22 302
446 556
130 754
340 554
452 435
203 294
162 610
198 201
146 318
741 166
545 693
199 29
16 31
236 445
709 418
31 257
594 632
189 474
232 450
541 269
92 568
235 327
57 247
337 428
527 94
484 194
624 761
316 243
224 269
775 455
520 562
381 71
426 715
233 276
429 689
512 82
694 751
305 62
649 86
422 570
504 297
193 30
163 556
546 558
141 729
628 205
552 273
112 502
571 526
728 217
282 401
428 756
342 167
32 197
447 275
58 97
515 580
344 693
772 754
657 13
390 520
422 80
359 497
670 171
761 333
69 488
598 98
534 459
321 430
275 675
207 605
684 398
351 415
448 435
733 261
91 496
481 509
245 91
508 681
59 770
330 111
213 164
336 565
756 714
641 19
261 658
429 372
442 291
315 294
526 95
603 495
189 184
799 760
440 456
421 634
499 678
165 403
204 672
250 570
72 602
766 300
644 182
18 208
408 332
247 210
731 586
681 741
186 647
284 325
423 773
351 544
438 743
500 551
127 181
88 288
47 159
217 697
537 82
106 725
603 5
310 198
436 85
366 480
754 32
36 781
215 91
14 144
172 486
647 711
22 744
72 202
493 228
563 432
20 7
407 298
14 753
556 122
302 669
763 114
581 550
708 61
604 499
270 77
37 651
288 687
702 383
590 250
520 397
432 269
792 177
443 19
572 207
273 616
284 383
52 501
546 292
739 456
251 532
663 712
184 130
120 597
158 484
627 32
75 595
149 762
292 761
598 27
506 37
745 62
325 624
39 33
587 405
332 39
765 585
217 267
195 503
525 22
777 775
457 354
770 443
230 742
332 797
777 446
243 706
639 765
51 495
39 215
379 70
142 477
58 634
395 490
45 13
189 153
257 149
519 230
217 29
394 129
568 762
194 506
734 97
744 199
319 0
631 239
769 750
743 76
428 507
84 405
151 739
581 591
505 83
242 726
678 451
440 24
301 526
139 243
32 726
523 501
770 734
127 713
204 603
261 356
761 352
228 308
259 747
74 794
369 31
281 564
128 459
133 347
59 278
121 202
617 624
22 70
479 391
739 414
736 254
470 572
665 352
372 194
613 273
456 352
23 55
65 740
542 420
188 614
547 219
108 651
431 425
620 762
747 675
322 450
596 113
276 117
156 520
753 428
267 243
61 293
424 22
182 123
597 701
576 85
36 681
69 398
427 348
312 685
292 305
318 505
685 588
187 79
333 437
330 314
335 763
393 194
587 645
40 347
106 778
687 55
28 55
338 696
794 426
647 384
435 46
488 688
516 528
95 267
574 58
658 508
354 10
96 413
697 280
238 20
478 554
616 268
720 643
759 632
523 189
788 431
722 704
334 634
281 744
282 442
683 119
610 599
477 331
305 580
770 61
125 407
167 597
354 424
337 217
295 432
408 791
429 546
1 695
606 627
190 337
27 90
256 17
198 408
189 518
111 624
757 207
658 540
574 115
540 345
586 421
668 756
253 640
138 251
157 7
330 317
452 505
790 548
76 762
408 526
107 570
10 559
309 700
479 20
395 728
304 80
579 691
431 349
516 447
480 795
111 379
711 507
291 338
592 699
88 260
236 765
92 262
133 310
641 394
372 767
503 799
767 132
628 523
765 372
1 127
211 797
750 214
242 52
57 452
14 230
376 132
740 134
365 661
76 465
569 141
730 414
430 723
431 135
511 378
691 719
737 372
736 455
385 377
376 361
595 720
41 224
226 690
405 616
181 558
48 721
398 276
204 780
611 129
205 436
429 176
360 216
417 271
118 543
54 774
614 311
741 447
453 384
570 302
682 263
96 545
455 181
603 559
608 340
209 551
759 593
630 679
768 291
690 260
384 289
46 455
233 619
131 335
455 290
277 712
742 245
784 414
522 436
533 39
488 375
771 383
112 301
467 245
39 553
708 76
662 5
657 639
549 572
132 579
58 638
372 556
260 407
637 263
87 655
353 11
713 147
616 88
374 642
28 107
709 250
277 445
389 664
445 365
228 703
252 134
759 261
723 403
42 242
349 582
101 472
368 371
484 630
272 45
758 406
618 651
506 678
637 41
400 135
271 88
430 519
528 635
411 452
138 91
330 630
714 603
357 188
680 117
115 763
139 750
92 608
734 522
759 733
380 302
526 216
32 770
272 54
705 720
114 716
303 529
413 731
175 478
650 212
797 691
107 156
37 790
767 173
765 181
456 590
3 483
324 45
187 709
65 392
222 358
231 634
209 700
354 520
150 517
656 18
582 409
125 5
162 572
299 352
656 375
204 376
554 532
223 149
692 672
576 72
559 796
787 242
419 584
50 626
533 447
516 473
303 632
534 301
786 93
51 224
571 175
122 202
381 540
139 566
692 476
164 280
65 755
494 754
498 452
531 261
388 672
110 283
568 12
486 580
97 683
528 206
83 123
657 448
501 761
314 717
226 777
764 767
746 128
445 110
526 503
580 634
528 237
387 142
777 765
4 540
301 593
26 88
93 353
120 258
619 543
160 499
96 162
206 332
123 764
187 330
48 94
500 512
252 52
143 729
704 656
710 356
258 773
306 542
628 27
403 402
434 684
415 115
771 721
621 471
373 729
774 506
192 638
665 364
298 382
224 257
518 784
687 777
311 743
43 432
596 55
374 624
536 615
610 725
440 695
443 474
279 71
516 46
667 552
710 268
198 16
125 603
56 798
244 75
179 79
249 106
291 720
146 766
445 632
397 74
594 750
118 216
165 382
767 272
646 661
210 41
255 169
374 221
502 748
191 565
83 33
490 140
794 199
703 762
56 542
227 552
210 786
438 398
613 591
534 677
718 216
656 708
168 554
87 588
33 543
493 171
10 452
639 347
597 90
153 623
249 710
564 283
470 218
2 448
401 84
477 707
341 427
208 196
778 483
344 366
97 347
47 14
31 436
514 277
232 762
101 233
1 652
80 492
210 326
598 764
86 118
733 327
587 452
85 590
664 619
318 567
542 146
378 274
626 467
554 142
293 407
663 511
186 347
33 790
386 21
712 164
435 766
326 231
691 331
361 376
470 270
546 711
699 606
513 71
289 645
394 713
417 161
466 179
62 738
350 26
62 730
29 23
675 334
723 128
120 189
381 184
486 23
670 642
473 743
650 457
681 240
395 148
543 749
535 627
139 247
326 15
488 90
653 753
645 428
219 333
486 776
4 23
517 422
540 316
391 218
528 64
267 470
324 624
522 251
366 707
361 638
247 778
268 689
48 552
570 236
604 87
656 250
511 398
711 486
455 769
155 12
425 452
141 538
648 461
410 184
624 653
605 479
415 173
169 614
364 181
660 317
526 742
218 102
388 319
596 329
138 752
99 794
654 5
147 561
317 291
532 770
87 3
339 530
544 224
155 738
79 494
580 701
495 635
442 545
406 465
271 393
156 786
364 723
676 171
161 163
735 647
60 390
280 109
216 180
665 136
252 86
294 212
558 490
191 176
301 506
432 380
466 463
504 274
704 334
591 759
676 717
713 587
347 496
50 679
662 450
235 445
697 252
387 281
705 313
134 75
787 124
762 156
328 345
530 441
147 76
131 426
685 692
695 234
31 745
717 752
633 730
300 76
613 140
318 328
521 106
669 414
14 267
759 754
691 129
368 114
471 491
737 383
759 773
684 426
740 670
283 240
130 251
456 61
431 209
719 245
562 151
96 8
559 417
9 609
484 169
774 520
49 247
169 412
310 424
531 569
640 93
343 754
763 445
409 137
747 289
12 245
578 91
740 41
655 656
337 393
267 689
417 107
23 523
224 763
397 40
696 77
52 172
225 609
470 769
448 588
114 538
789 758
362 389
365 760
211 673
667 318
313 718
98 332
381 356
427 198
592 511
559 225
36 229
611 529
444 479
693 169
797 471
670 534
346 207
356 303
268 201
1 606
57 694
366 599
574 161
660 224
225 522
649 70
579 344
452 571
54 496
528 74
199 263
747 183
796 315
721 703
518 216
341 197
98 446
48 670
28 582
796 127
94 491
367 50
91 385
405 72
416 465
215 266
247 683
723 799
605 656
149 233
214 478
761 224
492 718
580 469
624 447
538 552
436 381
518 443
557 674
277 8
352 549
121 461
553 89
588 116
342 198
257 384
128 235
677 409
458 310
46 2
715 396
224 472
528 374
56 410
117 654
66 461
111 347
665 763
428 782
580 727
669 289
666 91
206 454
138 42
85 124
184 444
263 194
508 51
589 36
751 649
17 222
209 421
181 476
26 640
110 148
468 128
703 331
133 355
680 114
793 659
310 692
737 222
124 647
587 470
71 19
270 549
142 480
388 324
371 305
503 366
194 613
91 739
608 114
707 397
327 341
311 371
442 432
170 521
687 256
795 677
191 754
16 672
465 415
364 153
651 582
51 6
761 171
360 286
459 581
326 61
246 10
339 437
294 578
476 92
742 403
697 228
563 667
723 534
794 630
144 561
195 690
422 478
430 207
538 733
85 674
308 211
556 26
19 443
543 11
70 133
627 83
787 354
750 419
568 707
623 169
541 112
223 750
45 148
690 380
10 560
13 245
443 334
82 696
319 248
473 319
97 187
538 124
668 266
304 674
289 595
86 393
482 296
763 377
46 43
352 389
128 123
659 665
541 161
287 225
171 533
454 35
318 209
339 157
756 702
384 142
34 635
589 323
613 473
45 789
638 251
681 469
252 534
2 82
105 649
319 715
449 351
506 677
113 588
59 135
73 680
106 494
665 210
314 476
88 225
710 127
524 329
104 795
197 92
735 685
232 434
485 392
466 750
73 330
670 454
778 468
502 219
719 434
73 465
182 295
667 167
577 332
696 758
231 224
554 300
403 646
479 778
689 671
291 40
209 353
624 605
133 250
178 548
174 160
796 603
165 612
547 618
575 149
564 589
431 546
341 177
480 363
301 252
470 445
329 67
767 176
628 44
607 334
147 151
654 760
650 3
619 608
19 624
78 457
752 444
53 440
548 490
445 717
155 88
209 538
530 289
348 317
591 375
485 325
731 779
433 27
224 739
23 662
747 180
667 587
434 328
491 96
717 318
310 505
254 415
598 38
620 368
569 597
85 734
228 318
562 168
455 130
46 251
385 344
791 346
446 403
663 278
189 290
518 526
571 406
770 390
412 545
652 299
584 8
340 792
180 611
209 484
410 789
302 71
548 152
554 317
176 576
125 780
386 443
11 547
397 342
782 275
47 661
437 456
61 84
785 248
509 274
555 550
199 200
398 793
681 102
331 391
292 576
1 41
131 27
149 602
615 280
798 395
250 736
757 492
468 242
535 527
795 442
615 75
597 234
382 13
193 594
223 78
384 407
289 8
430 749
667 543
488 630
518 599
134 791
103 304
726 276
749 355
258 662
714 370
509 441
592 210
70 581
366 165
424 273
594 717
420 689
117 392
614 397
538 51
256 353
629 788
777 356
145 751
701 154
10 381
705 793
181 506
582 410
319 279
164 525
436 260
325 89
609 108
636 507
788 706
670 264
429 139
600 234
167 91
417 351
151 270
277 644
714 22
152 351
400 557
536 366
631 373
647 651
541 137
29 521
33 70
428 649
134 101
738 107
521 158
342 702
689 115
310 110
100 165
785 13
793 137
224 737
287 555
328 123
770 278
573 765
409 5
503 379
120 214
498 207
538 498
89 593
363 437
304 32
506 418
379 653
417 146
93 784
790 711
165 102
424 295
301 473
22 148
401 24
63 514
322 49
580 658
146 420
340 669
204 97
528 506
735 61
453 145
480 183
268 265
563 270
199 382
598 84
734 753
168 121
474 544
200 544
243 683
65 413
473 613
786 623
594 169
540 167
471 326
283 770
566 444
75 643
475 89
283 476
633 611
717 287
562 109
393 118
198 344
503 57
723 482
585 179
633 176
189 533
492 379
158 413
406 131
288 760
382 584
103 501
756 772
114 783
548 10
550 389
247 429
546 215
383 239
68 151
447 143
110 730
492 206
383 517
278 527
643 686
52 787
60 160
132 434
445 377
754 293
471 224
447 53
99 758
29 656
156 250
260 687
595 196
266 85
647 15
672 330
54 177
391 469
542 564
221 642
661 491
395 497
91 244
534 713
166 150
414 99
614 370
778 492
393 424
791 598
750 702
496 561
343 686
509 252
493 588
104 238
124 624
15 201
277 744
475 26
149 539
375 334
323 458
380 653
492 368
395 318
539 685
558 763
482 348
401 530
433 796
482 601
304 314
40 538
652 737
605 163
212 426
373 137
135 106
37 662
489 410
404 90
363 121
592 394
754 721
166 377
579 293
272 571
9 343
610 286
225 67
332 314
499 568
462 114
635 500
519 348
617 182
717 135
7 653
27 526
113 123
159 693
143 221
279 358
340 302
99 550
156 404
80 116
450 82
303 414
28 264
365 736
764 308
367 161
374 318
605 363
506 41
184 655
440 465
309 663
752 346
450 503
470 307
616 780
665 190
719 75
692 598
21 635
59 145
640 78
211 421
776 582
339 342
595 304
340 28
636 57
26 647
555 504
515 27
107 145
715 775
331 425
0 3
304 64
314 80
472 295
723 736
769 796
67 42
783 787
372 723
101 717
271 50
639 630
638 1
601 643
435 600
183 588
516 299
582 26
534 616
462 168
397 82
173 134
250 757
56 769
298 39
605 145
80 121
37 106
552 536
724 84
685 643
13 28
596 785
757 378
452 693
721 247
141 253
736 64
544 654
300 656
92 666
110 762
404 347
769 449
764 781
119 213
765 260
558 790
760 157
178 695
33 430
565 314
67 349
241 609
493 773
742 155
506 482
325 108
673 640
672 612
774 576
269 271
160 446
222 258
668 554
775 36
68 462
75 418
483 295
251 751
442 161
315 122
305 105
55 514
653 629
508 511
421 124
796 708
336 24
475 760
579 290
354 385
46 50
379 611
405 277
328 509
489 542
562 180
665 402
670 283
95 673
649 407
583 607
512 324
255 542
103 15
628 52
536 309
122 99
104 198
521 235
320 96
247 584
631 61
758 426
176 414
254 753
51 504
145 19
451 116
146 297
555 341
751 543
757 219
395 714
124 456
499 203
679 134
721 546
130 786
710 479
148 142
661 501
644 465
159 439
438 752
720 537
758 506
17 393
701 597
533 270
776 545
675 123
344 470
747 444
365 409
34 432
429 268
301 757
662 163
63 80
288 665
227 644
39 321
697 757
8 624
160 733
292 402
36 6
784 492
87 75
741 51
244 356
795 321
337 725
167 701
598 264
477 611
118 64
686 722
621 569
585 624
517 262
664 249
111 313
606 390
151 244
766 383
635 181
434 289
766 192
534 390
223 275
551 237
464 109
549 712
378 772
386 689
151 520
14 774
788 756
700 145
391 127
76 742
281 651
191 648
496 631
376 726
322 744
3 411
69 769
362 668
351 58
88 611
534 232
188 233
542 102
119 733
658 430
635 369
549 227
630 350
108 696
216 691
449 319
684 464
279 12
283 154
497 303
462 322
383 427
467 360
597 786
386 427
423 739
558 161
605 399
472 664
71 482
35 312
376 147
197 31
599 650
660 455
778 556
638 340
231 159
473 526
485 391
58 99
61 186
444 131
172 693
639 210
177 647
303 362
643 109
779 52
307 262
214 532
744 346
177 157
472 2
75 294
276 518
693 476
81 550
268 764
487 92
418 111
782 418
661 315
54 188
724 193
659 789
55 639
432 290
375 348
678 656
293 62
199 752
607 150
101 215
331 506
423 304
403 120
626 180
284 199
330 250
254 150
601 457
712 204
358 446
575 578
24 786
468 381
563 746
378 60
197 300
366 523
115 379
549 267
49 672
249 796
2 297
736 699
48 660
480 32
71 657
518 110
766 226
609 612
190 124
734 339
313 613
224 221
239 123
413 29
609 333
729 482
757 37
128 545
118 30
768 744
685 689
642 397
22 257
580 748
786 213
226 380
608 238
608 671
26 5
365 320
393 689
64 49
333 375
365 342
135 775
173 152
98 507
564 473
722 756
112 457
657 589
101 789
188 326
238 374
207 200
53 306
43 694
74 741
141 313
233 357
535 457
530 427
48 600
304 273
671 298
743 435
444 486
199 415
167 595
387 341
170 65
763 288
464 361
402 410
304 105
8 65
430 722
628 680
424 523
458 672
229 425
178 11
7 557
57 178
561 408
52 191
359 337
618 333
177 287
183 324
262 709
357 238
276 333
517 221
292 122
536 767
681 651
653 506
335 304
319 173
686 765
714 373
786 543
703 409
597 149
315 211
113 255
65 229
438 187
621 722
709 554
762 475
331 481
559 111
494 108
288 695
460 434
325 626
511 32
655 691
693 492
465 333
498 110
665 311
437 43
62 798
349 613
129 715
282 790
46 695
717 447
116 550
410 216
654 146
286 328
54 297
472 783
650 284
176 391
556 575
758 536
239 25
725 339
332 297
274 614
134 171
332 375
281 284
166 731
700 446
688 687
46 428
433 530
774 208
657 404
464 617
152 390
601 708
9 123
561 455
197 160
67 60
563 208
91 653
134 282
430 277
748 304
747 608
458 423
538 562
170 485
37 574
460 42
755 48
765 594
287 127
399 132
406 781
209 470
591 622
518 588
96 207
767 678
543 344
688 529
235 486
411 218
704 241
771 751
304 152
144 558
416 549
292 564
6 463
9 188
642 678
379 56
587 639
150 462
131 297
191 428
588 661
689 594
606 113
397 420
299 718
428 697
652 240
72 73
435 483
120 277
305 198
654 368
455 71
160 323
786 395
21 220
110 777
417 172
202 334
286 68
117 512
300 209
449 594
573 424
252 704
30 287
54 736
103 256
439 288
336 516
175 168
748 129
423 454
766 728
479 179
428 119
577 320
55 8
796 798
523 772
493 209
167 56
790 568
411 25
322 727
533 757
724 538
714 162
112 468
733 316
488 30
681 2
181 405
272 694
520 26
344 309
385 774
250 86
349 628
121 183
217 203
527 59
393 468
308 674
230 381
288 302
607 80
97 274
753 686
734 450
545 426
527 725
105 465
404 68
213 310
323 295
265 458
762 351
374 685
155 52
154 105
778 257
485 389
362 641
72 228
630 428
660 668
294 149
302 34
272 268
396 9
724 784
90 65
482 216
181 654
19 168
234 466
607 723
209 93
647 653
471 161
443 425
266 686
272 124
571 717
700 358
630 91
662 93
33 775
667 55
321 272
268 67
66 510
259 331
234 607
16 615
718 430
254 633
215 268
772 457
404 272
586 724
474 727
390 395
238 452
152 652
625 347
188 40
294 82
757 756
616 111
372 6
232 363
244 41
437 5
675 333
153 663
29 600
624 667
262 690
249 8
209 366
422 424
275 9
284 776
746 766
258 577
756 645
738 46
334 451
463 688
399 491
411 635
432 196
740 619
523 673
410 553
302 500
565 90
780 151
38 472
586 563
338 673
652 247
500 133
429 386
709 296
222 754
308 773
534 169
327 202
492 440
274 657
418 15
394 690
406 298
781 602
636 311
194 236
452 139
379 132
185 610
593 781
81 783
360 578
127 609
402 463
530 614
102 165
226 17
706 583
773 66
517 547
391 330
326 2
595 649
378 398
720 228
142 260
640 567
526 612
94 88
316 651
469 666
34 66
76 269
253 317
715 184
436 99
555 672
277 599
751 620
251 651
650 620
27 366
764 733
181 521
454 408
771 511
667 36
721 9
430 775
196 707
668 12
706 781
175 17
736 67
768 233
613 598
339 62
250 546
129 72
654 669
549 413
649 241
283 577
374 786
581 631
318 699
486 797
9 352
376 797
130 392
173 288
1 728
515 533
42 646
618 222
668 539
519 575
137 557
700 183
320 659
382 351
471 24
21 632
143 377
565 568
51 616
746 88
208 664
664 349
508 759
587 343
421 56
527 510
727 73
607 10
730 353
466 598
260 495
104 126
334 314
56 666
536 321
509 238
552 162
319 106
209 337
468 87
446 595
343 672
42 381
125 757
759 768
688 773
408 89
797 97
191 760
327 799
362 199
755 633
513 561
229 703
485 355
361 535
85 139
132 234
709 8
516 304
627 532
263 204
362 212
276 404
237 660
733 562
117 781
704 276
537 584
514 234
231 408
757 479
554 513
780 676
265 483
793 476
377 72
619 708
203 411
507 402
108 299
458 468
211 655
724 605
570 101
611 244
690 443
29 346
353 10
679 735
323 506
307 218
769 35
408 245
662 441
263 56
776 278
394 663
390 59
740 713
377 521
741 775
167 448
770 458
474 127
401 168
457 292
100 56
705 327
189 40
638 540
492 326
465 92
534 775
367 459
753 289
772 445
382 359
400 375
550 36
673 340
540 283
297 489
530 249
93 146
797 233
573 752
464 759
239 451
507 326
269 141
721 614
457 761
221 651
68 115
75 257
717 114
439 373
435 668
7 759
108 275
515 766
299 419
191 233
479 779
694 134
750 670
480 144
251 697
8 605
207 560
614 51
692 676
391 401
709 77
343 363
133 124
83 698
167 326
212 419
495 631
415 108
407 789
748 287
527 660
274 399
408 483
645 12
445 179
595 70
379 793
790 73
453 733
315 274
456 579
567 685
716 380
383 435
569 730
545 70
76 225
80 11
7 180
73 555
551 471
40 275
323 564
172 114
364 687
347 753
254 329
560 514
532 388
586 79
317 757
105 374
327 379
398 11
682 529
630 310
123 303
165 275
242 617
117 344
100 760
339 237
140 519
112 746
572 619
149 165
494 684
47 656
42 369
305 785
628 648
211 420
773 450
247 796
391 416
675 671
566 36
731 556
563 368
556 330
627 431
45 115
352 336
309 70
354 755
37 248
173 39
4 107
48 698
42 302
231 470
347 571
656 711
100 535
395 280
571 210
111 162
162 632
63 745
126 464
440 327
414 762
393 453
467 695
703 398
684 214
477 541
607 420
105 425
533 614
7 627
334 276
30 713
80 471
229 625
508 753
140 322
187 441
590 136
756 631
288 281
446 367
754 343
8 142
692 376
704 184
495 462
609 544
585 742
647 222
682 420
585 392
516 277
621 404
123 652
334 249
42 563
198 177
87 767
364 34
318 38
225 228
462 530
503 684
103 652
615 443
106 145
606 341
435 695
407 35
224 417
645 424
118 12
422 619
713 595
705 253
655 585
612 288
719 82
539 629
179 329
137 30
117 98
779 1
141 118
305 391
588 457
530 154
297 595
282 93
295 711
340 420
587 68
107 122
28 513
68 746
32 614
490 791
34 156
149 247
428 445
465 547
571 471
13 169
32 18
278 594
46 399
252 590
63 767
59 607
594 351
495 58
47 680
499 548
644 178
408 134
383 113
734 374
266 124
401 100
380 425
562 678
126 667
311 317
730 582
30 223
764 8
624 732
762 363
240 23
382 177
607 485
380 582
313 14
276 613
123 4
336 596
295 152
717 98
19 165
87 231
454 274
698 367
333 579
301 447
365 774
740 777
712 649
178 732
592 589
117 149
414 503
761 456
571 46
272 17
381 726
372 587
257 696
54 250
135 487
783 473
275 371
137 236
410 406
667 205
515 203
354 386
608 142
10 165
344 571
543 10
659 234
536 610
211 263
277 721
5 395
38 192
474 353
260 775
772 470
219 230
563 241
682 270
153 147
336 654
138 725
337 669
721 263
136 176
22 530
23 83
168 622
537 761
221 660
213 445
125 738
107 342
211 16
106 133
152 416
581 786
703 179
311 310
78 302
257 512
1 251
686 262
490 648
202 247
256 632
333 779
523 551
228 738
668 384
635 224
581 0
680 186
243 599
275 691
569 530
590 302
762 473
707 70
546 461
33 394
401 681
109 394
422 609
494 321
191 690
386 98
305 155
206 365
261 416
409 517
574 285
655 247
545 593
503 51
70 305
348 150
464 69
205 743
192 141
46 224
232 6
384 765
105 235
8 29
727 259
240 757
59 652
562 350
402 141
654 206
446 21
78 546
132 169
336 226
458 162
489 669
639 67
357 321
85 698
552 103
658 136
82 448
591 468
198 13
716 631
477 174
480 270
480 632
554 737
5 145
674 760
723 508
670 146
733 525
359 563
282 130
365 791
169 609
275 210
719 682
493 227
648 626
169 581
217 375
353 85
82 483
602 144
370 152
718 125
779 586
151 784
38 706
514 589
193 526
113 72
597 495
583 36
463 731
165 730
409 73
754 359
199 379
60 579
163 344
764 235
562 500
156 441
755 764
369 94
230 150
502 226
17 639
226 343
781 509
594 660
155 248
666 161
325 504
500 565
36 746
641 506
409 278
303 107
354 384
421 611
343 710
471 559
396 101
106 563
168 228
340 213
169 660
476 50
504 760
2 18
151 593
639 20
149 557
504 668
173 63
69 280
142 532
258 504
776 613
589 752
314 67
506 409
295 454
493 769
647 603
418 6
457 749
313 552
341 310
134 207
4 670
5 454
264 451
109 379
637 504
377 71
219 523
492 563
320 542
776 462
530 388
101 704
188 773
581 770
203 708
327 132
572 143
428 504
381 425
789 742
105 464
404 420
576 520
345 643
618 699
369 525
74 33
325 326
737 388
677 627
191 94
233 548
399 446
40 755
395 297
161 388
490 544
313 653
3 400
18 158
61 376
639 128
575 307
352 203
36 301
12 639
410 177
41 426
304 465
677 3
712 377
445 792
440 441
754 24
664 101
13 736
209 468
450 155
791 140
89 493
636 17
211 79
67 274
312 737
9 337
514 572
640 390
262 579
729 194
10 616
247 309
434 167
799 126
537 382
78 33
269 102
764 242
426 197
535 716
427 269
146 669
92 480
470 50
468 617
483 547
328 27
362 696
12 84
534 484
438 240
387 756
155 16
579 47
42 752
467 481
126 221
707 220
641 251
663 145
757 105
561 679
778 348
20 198
223 678
700 754
181 244
560 625
321 666
258 781
468 666
713 181
704 581
444 410
495 128
745 367
767 768
606 141
665 394
199 206
69 614
423 657
419 53
313 580
115 664
13 112
186 696
268 707
346 99
220 466
0 456
686 135
11 403
249 293
461 165
327 628
326 393
735 438
529 428
678 242
560 699
692 174
513 346
210 76
644 774
293 156
84 235
449 189
694 503
81 68
598 589
796 620
606 582
170 309
670 48
312 302
366 330
344 399
586 475
86 224
161 252
427 202
648 85
307 480
234 256
110 144
338 165
520 789
295 438
780 340
242 540
524 511
598 737
727 304
179 341
578 474
200 566
499 410
227 110
89 605
343 182
726 21
314 95
548 615
675 276
348 356
794 723
328 600
565 792
33 609
93 488
168 508
108 32
654 143
787 24
474 501
343 94
20 91
666 9
343 759
318 222
121 381
261 410
549 325
781 465
530 501
335 70
182 365
502 524
239 783
113 698
312 107
177 434
577 590
540 423
258 650
590 54
319 181
700 267
394 371
339 406
537 276
729 370
793 186
730 257
358 100
496 587
704 731
205 34
193 191
203 596
232 693
551 659
576 286
309 577
379 500
201 643
410 560
319 50
506 354
83 160
106 754
70 698
176 422
595 349
434 312
471 144
265 564
653 10
175 166
25 762
204 792
559 471
546 738
577 329
770 733
552 495
553 607
76 169
408 130
193 256
765 348
640 209
70 417
493 564
274 669
32 65
343 26
87 639
632 101
123 194
500 628
397 379
119 47
52 567
231 591
595 428
280 50
453 429
502 603
357 749
407 575
588 287
146 752
393 178
569 52
611 234
65 788
725 78
755 296
504 327
525 718
227 737
540 669
751 229
304 62
102 658
176 539
391 389
540 305
212 494
457 106
691 798
380 147
730 37
47 398
570 757
158 747
497 472
30 455
647 49
281 733
406 240
224 733
685 542
140 159
102 774
187 434
649 516
472 464
466 407
155 598
190 508
77 180
94 610
405 777
486 42
173 718
598 779
416 441
470 284
284 281
158 734
473 320
319 135
13 467
407 548
450 232
45 653
208 520
385 65
439 105
197 608
651 729
665 34
34 518
741 28
122 468
196 544
494 209
6 709
261 478
198 619
177 464
678 460
703 714
217 593
352 512
753 560
535 281
101 608
273 352
350 450
798 88
59 759
687 243
451 696
471 345
152 259
305 352
159 548
178 306
654 280
80 418
641 278
532 45
113 226
436 154
769 353
181 580
799 709
794 150
623 256
770 526
78 60
112 643
106 90
389 157
154 421
201 298
785 287
259 793
615 548
474 33
183 169
497 224
384 501
61 149
325 363
599 711
347 94
245 676
762 43
620 507
372 558
471 341
430 488
606 625
561 80
680 556
253 242
392 456
642 790
38 623
238 686
425 428
341 174
735 695
609 22
748 49
233 8
345 160
366 422
709 701
49 754
328 576
620 693
22 358
69 35
765 194
296 652
591 783
680 660
798 682
69 684
538 305
695 657
118 611
645 528
247 184
241 17
148 290
426 570
481 622
78 712
493 766
496 686
451 666
131 455
627 9
690 579
519 224
104 416
310 185
258 762
643 758
788 154
709 294
172 675
226 187
289 270
103 722
16 8
440 198
510 113
742 634
440 289
334 565
83 507
731 157
740 556
309 299
603 454
282 500
318 415
689 634
276 661
442 345
775 484
401 496
234 790
447 17
296 389
408 513
96 142
447 31
172 582
749 156
689 775
649 563
575 541
4 399
651 777
344 95
632 741
751 717
712 192
754 220
334 251
161 635
447 725
763 441
372 204
628 620
23 251
545 50
351 88
674 327
137 773
372 510
434 568
376 643
696 5
728 27
239 325
361 554
507 494
178 690
735 4
147 710
105 304
134 230
746 320
565 722
30 577
619 277
468 464
187 147
208 270
406 93
142 436
660 519
681 111
113 236
292 543
695 719
187 112
400 595
97 3
352 794
108 377
107 28
515 436
274 425
221 31
587 755
643 366
151 166
33 689
788 75
496 600
259 470
647 105
222 603
430 383
705 36
96 712
330 544
600 596
318 372
310 780
267 574
399 40
527 707
221 411
388 112
122 741
313 77
158 561
400 145
269 375
472 381
111 134
719 436
201 96
539 36
387 583
6 286
291 297
470 628
530 361
453 432
672 677
459 354
274 404
519 368
48 543
381 780
634 760
790 203
419 86
164 440
582 236
572 46
36 248
10 214
778 143
498 424
542 230
624 589
375 32
489 164
225 476
88 511
540 308
7 686
736 772
151 74
560 535
470 288
359 705
790 328
39 442
336 554
166 217
117 295
775 572
226 562
102 27
348 407
217 691
711 769
266 261
341 388
556 374
19 698
633 251
658 621
170 494
17 144
88 119
723 174
609 138
681 34
625 480
753 208
364 306
671 785
21 164
534 363
497 394
255 478
743 749
362 296
258 384
653 616
130 16
90 761
166 81
173 731
70 157
182 680
115 708
355 239
230 447
693 350
145 735
44 772
655 28
366 648
508 71
232 436
512 562
763 790
296 132
517 125
632 164
379 448
26 187
468 433
178 533
342 165
545 113
288 474
667 150
595 287
273 391
497 415
350 735
265 487
201 137
113 121
323 108
267 691
414 219
502 54
342 85
355 262
659 779
142 478
43 506
45 692
497 66
681 781
441 548
224 265
623 116
47 18
325 28
116 268
429 389
97 782
706 475
24 310
407 324
770 533
768 81
423 587
128 104
549 461
395 632
91 432
663 767
282 559
680 210
223 274
202 128
408 662
256 61
504 456
341 790
45 434
786 490
333 390
152 179
65 34
295 76
617 165
425 497
479 169
300 507
112 547
157 668
96 482
607 716
562 112
494 2
343 209
507 469
282 386
118 120
623 727
70 251
776 438
726 729
599 312
339 562
120 145
721 680
238 363
452 587
50 108
9 59
43 752
139 717
22 76
557 25
641 90
361 503
183 203
147 463
526 713
491 136
559 79
10 678
456 559
204 56
776 590
186 752
200 356
131 293
568 461
68 47
663 419
722 711
515 15
507 381
707 794
611 408
426 578
570 678
779 44
316 348
320 676
182 36
302 8
464 180
533 281
796 485
462 696
508 575
352 341
272 149
249 101
125 3
649 281
174 73
335 230
158 12
469 382
258 423
334 504
359 27
379 522
284 356
415 773
796 586
464 235
636 193
151 798
43 773
410 13
211 565
158 334
94 543
662 41
359 646
744 84
449 279
106 785
331 630
752 469
17 778
795 148
278 693
652 290
674 48
334 431
346 765
320 54
114 708
599 730
768 93
111 97
93 195
292 117
451 561
125 134
42 396
635 547
766 190
667 197
186 772
250 680
21 33
356 773
25 121
718 205
701 399
587 512
370 162
612 440
545 161
610 720
176 166
136 352
114 790
14 93
431 750
492 600
635 62
258 503
650 421
48 623
53 489
378 454
453 245
496 711
159 97
505 409
624 652
762 679
271 306
533 511
225 413
199 396
649 206
732 339
34 645
559 367
699 182
458 309
428 190
662 284
572 63
600 760
669 359
352 502
758 10
179 345
76 610
292 583
18 702
104 170
632 411
439 671
386 647
43 632
496 51
6 189
469 795
508 67
210 582
514 646
718 402
27 217
149 166
650 183
159 54
77 346
6 207
5 698
544 59
497 338
188 264
642 759
677 448
358 241
496 267
791 290
278 136
432 224
49 341
309 315
232 610
294 418
276 21
705 336
435 144
80 523
365 571
369 643
273 161
266 627
464 647
693 137
209 70
319 550
665 169
376 729
765 414
251 758
283 65
162 644
685 24
404 441
213 727
156 553
679 165
619 84
402 55
284 137
435 545
586 163
49 202
624 371
204 567
630 558
279 206
525 676
669 455
241 201
480 745
76 690
375 317
135 460
442 495
420 565
160 481
620 709
397 168
488 537
273 529
321 429
494 343
547 202
84 735
570 515
638 184
38 480
478 378
580 161
99 286
170 457
688 544
29 347
78 458
190 549
283 166
375 458
785 126
203 715
464 285
601 593
691 747
527 782
786 634
673 738
326 244
453 795
18 6
501 235
291 777
157 331
38 447
634 630
749 586
356 232
669 515
695 556
146 664
578 590
183 653
430 288
66 222
404 416
575 785
771 649
568 787
248 500
339 536
289 104
492 512
386 638
756 252
700 96
100 435
710 132
175 557
250 205
52 682
261 101
751 735
140 608
433 529
391 536
612 86
167 391
609 349
27 322
376 542
770 360
420 625
72 427
785 309
24 702
136 542
507 228
634 520
790 470
296 408
793 42
642 597
69 471
272 286
737 358
467 676
239 333
679 509
411 77
655 269
719 690
540 560
242 315
561 700
262 331
166 271
357 610
718 362
118 208
587 170
243 449
247 648
246 700
651 706
287 682
657 722
220 721
659 649
553 701
226 675
335 170
609 643
506 537
365 153
495 208
746 531
