800 4782 2400
22 19 7 15 18 22 25 18 18 18 5 21 21 6 8 22 14 22 10 10 19 7 21 14 21 14 20 21 7 18 17 16 24 7 25 10 12 23 20 24 10 6 12 6 6 8 6 16 22 25 5 25 25 12 9 12 8 21 22 24 12 16 24 11 7 6 19 18 22 19 20 15 17 14 24 17 22 21 7 24 9 18 10 21 6 6 25 11 24 21 22 12 15 20 16 11 17 16 19 22 16 19 10 6 7 11 18 25 21 10 17 24 17 24 7 5 9 5 22 24 19 12 20 24 11 21 22 13 9 9 12 7 17 9 14 18 12 21 5 24 5 10 13 12 8 20 14 17 20 9 12 25 10 15 16 21 19 13 12 15 9 21 18 17 9 7 7 15 5 18 15 8 10 11 25 24 22 12 18 12 22 14 19 25 7 14 25 17 6 16 7 20 17 11 15 11 11 15 15 7 11 21 18 16 10 9 7 6 16 12 19 16 6 20 8 20 6 8 22 12 11 14 5 23 14 25 23 6 20 14 23 10 21 12 25 12 20 19 15 19 20 24 19 9 6 11 7 24 18 23 14 19 14 20 5 6 18 12 15 19 18 22 16 19 14 9 25 16 12 22 8 20 25 18 20 9 25 5 23 24 21 14 7 15 9 11 15 19 18 8 7 19 16 6 21 24 24 18 17 19 7 13 16 7 25 8 7 21 22 16 7 24 20 7 7 24 23 15 11 20 18 21 19 20 16 11 21 7 13 23 23 16 17 9 8 25 7 12 20 23 14 11 17 12 19 15 17 21 9 12 22 14 24 21 12 13 17 9 18 6 18 8 25 25 23 13 18 9 25 25 12 24 22 18 7 7 6 22 24 14 11 7 7 18 18 8 25 23 22 13 16 19 21 14 10 17 23 6 10 17 11 19 9 6 10 5 11 12 16 12 24 20 20 7 17 17 10 15 13 19 16 15 19 21 13 22 17 19 9 15 18 19 12 18 5 19 13 19 20 7 8 9 24 14 5 20 25 20 11 6 10 11 11 12 22 14 9 24 5 16 17 12 20 23 11 22 22 10 21 7 16 20 15 22 19 15 7 18 18 16 24 20 14 8 23 15 22 14 16 18 25 5 21 14 8 15 7 7 13 17 21 9 7 7 5 15 12 24 21 16 25 14 22 10 11 6 18 7 18 17 15 8 11 8 8 16 18 7 24 13 13 18 21 19 10 24 11 22 24 6 21 13 18 22 13 11 21 12 20 8 5 14 16 18 22 17 8 15 23 16 22 23 12 22 15 7 21 15 20 10 9 16 7 11 16 17 6 20 15 5 7 5 15 21 8 10 18 22 6 5 7 24 18 24 10 6 16 23 24 7 8 5 9 8 8 17 23 14 13 6 18 14 13 19 20 18 20 6 24 16 6 10 14 21 13 16 24 20 15 25 10 8 5 23 10 20 7 16 22 18 12 15 23 17 22 5 5 18 11 18 22 25 18 9 25 5 11 16 24 25 10 14 21 25 17 12 9 6 13 19 5 12 17 9 6 23 19 19 14 12 24 15 8 9 25 18 24 12 18 7 24 15 16 9 13 8 17 16 12 25 7 13 12 6 25 21 15 16 12 21 5 14 8 10 22 13 9 8 19 23 6 13 11 16 13 12 6 8 5 23 23 22 13 17 6 20 21 7 19 25 16 16 20 16 25 24 8 6 8 19 22 16 25 11 21 5 10 7 18 7 10 12 20 15 15 19 9 24 9 25 16 13 11 17 9 12 23 5 24 8 6 16 20 18 15 20 10 22 8 22 25 7 15 16 22 17 12 12 16 8
3 5 18 10 17 10 18 20 15 16 7 18 10 10 19 12 15 7 4 19 14 13 11 10 13 17 4 4 4 9 18 6 5 13 8 7 12 7 13 3 14 3 7 3 20 20 17 17 17 6 13 6 16 13 13 7 8 4 19 4 4 7 12 10 3 5 12 20 6 16 15 9 8 18 14 9 12 4 3 20 3 12 7 11 12 6 13 20 4 11 18 13 10 8 5 7 9 13 20 4 14 9 15 12 7 15 9 17 15 18 7 8 8 6 5 11 14 15 13 6 10 3 5 6 6 6 7 10 20 18 16 18 10 7 6 11 3 13 9 12 10 9 3 15 8 15 17 4 10 16 15 5 14 9 17 15 17 12 13 11 3 20 7 9 16 20 5 5 16 8 12 10 11 17 5 3 3 7 7 15 17 12 13 12 6 3 6 10 20 17 4 16 4 9 8 13 10 15 6 14 9 4 19 14 8 9 18 8 17 15 9 17 10 10 7 6 10 12 3 17 4 11 11 4 9 11 16 10 3 15 11 19 3 7 5 15 11 15 16 15 8 18 15 14 15 13 11 3 17 12 3 12 10 8 14 4 6 18 18 17 14 12 12 12 8 7 14 4 9 9 16 17 5 17 18 7 10 11 6 3 10 11 16 6 12 4 13 10 5 4 19 5 7 4 13 15 6 4 10 6 18 8 19 18 3 9 7 20 3 18 18 10 6 16 15 10 19 19 7 16 3 6 9 6 14 13 5 20 13 14 20 10 13 5 4 15 4 12 13 11 17 11 11 11 20 3 19 5 16 11 20 18 16 4 17 12 19 3 6 15 11 15 9 8 17 17 8 13 5 17 3 10 13 20 8 7 16 13 6 6 11 18 11 19 7 8 4 9 9 16 20 12 6 19 7 7 19 6 20 3 5 13 19 8 20 17 13 8 10 6 4 10 12 16 9 3 10 12 5 13 20 9 18 18 12 9 12 4 17 6 19 8 17 11 9 18 17 11 3 15 10 7 16 18 6 13 6 14 19 15 11 11 9 20 12 15 16 7 9 10 14 12 10 12 11 16 5 3 9 7 10 7 11 11 8 11 17 14 5 10 12 6 19 5 13 14 13 3 7 4 10 20 3 17 18 12 9 3 5 18 20 12 10 15 12 7 5 14 19 20 17 13 8 13 6 18 8 19 14 8 5 11 20 9 5 16 3 14 12 15 20 13 9 9 13 7 19 19 16 6 19 17 15 13 15 12 13 11 16 10 5 19 17 15 3 10 10 7 12 8 17 15 3 4 10 20 15 15 15 13 3 6 7 4 7 8 8 6 14 12 11 13 19 5 6 10 4 7 6 15 15 9 16 4 14 7 16 8 17 3 19 6 12 13 5 15 6 4 14 20 16 10 7 20 6 10 19 18 14 4 9 18 5 18 9 9 15 19 12 12 19 8 7 16 6 5 4 7 14 4 18 9 14 20 10 15 19 14 15 18 18 5 13 15 5 20 16 12 6 20 13 12 6 14 6 3 10 12 20 18 10 3 10 9 13 8 3 11 18 19 18 19 5 19 16 19 6 6 7 16 15 11 19 8 15 12 17 14 11 7 18 7 5 12 8 14 19 10 6 10 16 10 6 7 10 7 8 13 12 11 15 5 4 13 13 5 13 19 16 7 8 13 19 11 4 19 18 14 17 4 20 19 11 13 14 18 20 7 6 20 8 18 8 6 11 7 7 9 19 12 8 6 3 15 12 8 14 9 19 13 13 8 6 4 17 19 7 11 12 14 17 8 7 13 14 7 4 4 14 13 3 9 20 4 13 6 15 13 3 20
605 611
324 409
14 138
390 196
554 517
176 150
719 681
647 345
772 608
75 89
291 618
726 32
74 735
483 363
61 624
177 427
71 423
787 315
686 28
133 507
90 10
510 206
282 491
507 392
389 461
535 276
43 657
397 206
715 544
508 682
245 292
20 363
320 116
175 108
211 448
773 533
777 240
712 666
761 451
542 675
92 376
288 332
627 383
315 210
675 89
500 732
382 396
784 657
82 597
691 59
624 175
284 478
75 644
687 506
361 213
443 727
669 571
653 449
639 658
145 519
708 395
617 200
559 397
498 524
401 634
375 529
480 692
578 771
347 469
305 111
330 417
388 120
773 666
655 47
656 613
706 231
200 81
506 67
556 706
24 255
792 780
733 189
166 665
551 665
376 272
430 459
551 247
574 546
482 636
536 245
724 555
149 637
604 141
449 593
287 771
167 249
180 769
702 417
354 754
411 573
615 25
786 666
747 606
222 76
541 178
724 205
533 100
235 107
681 112
96 425
584 406
71 342
220 542
388 489
53 327
762 566
73 436
588 547
738 425
181 128
594 612
115 732
29 768
699 675
685 435
394 34
252 103
117 564
181 669
352 477
652 581
440 84
408 390
405 269
42 195
535 391
458 389
30 310
511 677
337 384
424 289
606 640
10 483
766 230
195 108
309 748
60 402
337 514
509 6
122 342
215 768
701 775
62 703
356 633
620 491
39 322
211 43
378 616
163 140
154 403
96 503
619 540
569 134
739 599
138 601
100 22
577 572
45 490
377 795
141 122
318 229
722 718
265 154
582 352
387 742
231 452
782 415
181 754
605 625
52 18
528 583
288 737
370 611
183 476
25 758
231 414
370 285
560 569
646 8
369 514
156 648
756 601
324 516
424 547
9 32
236 507
655 540
170 169
27 96
358 430
46 715
352 82
398 107
320 42
46 274
219 412
641 64
731 634
338 440
748 366
583 491
339 342
456 386
208 4
39 140
449 264
786 295
751 148
631 610
573 597
251 131
268 750
756 437
156 447
785 489
595 378
205 535
348 449
551 256
50 332
273 686
735 92
687 439
413 475
726 606
409 689
720 755
30 40
221 274
297 12
727 557
357 773
269 212
409 706
146 420
143 104
551 408
590 343
396 305
738 604
684 346
412 190
57 511
314 639
554 550
497 626
514 101
164 659
501 711
563 148
529 690
436 321
706 283
148 304
704 403
411 598
411 97
567 112
482 327
110 260
648 789
555 117
458 564
697 624
231 53
555 172
315 179
280 745
369 136
775 322
617 618
183 650
243 530
473 474
176 781
466 136
546 574
659 738
248 595
162 526
735 187
57 359
414 21
176 70
588 467
200 702
135 50
261 86
628 540
562 598
144 765
432 236
444 338
335 36
733 640
364 255
656 25
196 526
758 550
424 222
105 573
663 344
448 284
648 428
721 156
172 449
674 153
346 184
57 418
532 32
617 415
565 122
516 153
61 34
321 782
221 139
427 383
675 723
503 499
626 154
522 3
451 493
670 642
212 214
713 351
60 94
298 658
365 541
141 758
751 293
24 724
784 54
316 335
503 89
522 263
641 561
196 431
205 288
344 187
216 110
794 787
212 479
297 771
245 603
340 222
717 431
224 298
666 764
222 421
693 689
43 346
459 356
228 575
21 395
331 793
314 548
433 474
221 7
645 549
537 585
298 119
203 483
219 333
572 41
189 154
396 110
234 422
360 374
254 723
380 313
55 204
688 618
337 405
5 635
449 18
293 47
654 593
789 475
731 94
222 607
352 570
377 414
79 475
747 628
370 334
290 181
659 104
593 346
284 0
145 540
480 570
264 39
720 285
168 287
616 660
398 49
264 33
94 138
626 83
145 440
100 314
687 286
554 464
378 467
138 60
398 344
515 232
230 429
482 695
309 284
436 30
387 615
610 690
571 631
681 432
48 384
591 719
63 315
302 483
438 444
790 471
191 792
290 643
514 604
470 718
763 459
645 587
452 320
732 413
673 748
160 9
439 687
336 293
725 776
445 558
303 760
717 655
324 497
363 92
580 131
701 73
503 190
633 583
2 594
380 587
770 702
49 334
429 459
469 135
595 105
657 683
686 266
17 660
736 596
389 274
106 274
549 430
129 49
611 694
87 86
296 471
252 395
250 32
392 645
196 267
763 330
613 573
783 301
595 487
267 626
669 599
307 584
106 792
498 689
711 340
392 400
128 480
663 236
271 374
234 178
340 289
1 240
608 563
474 173
323 549
504 83
635 586
629 115
702 329
311 463
731 302
485 140
791 86
206 169
39 265
414 300
556 554
458 784
158 3
271 716
280 611
295 150
380 421
604 755
122 583
188 302
517 578
571 568
237 302
750 594
295 471
475 109
544 236
763 549
61 403
722 579
686 146
780 429
385 566
246 724
453 315
67 135
388 549
385 171
284 778
326 60
579 217
387 764
708 499
247 232
306 177
86 671
172 714
652 392
141 629
165 668
702 176
254 50
708 521
750 107
105 641
439 374
568 799
768 103
709 620
502 581
100 354
241 583
729 342
719 89
179 267
38 14
308 697
65 213
478 503
336 610
413 776
528 418
400 522
712 391
54 539
80 693
301 92
54 33
580 188
618 107
441 707
587 248
245 499
145 594
651 702
203 18
151 770
1 210
369 198
184 243
33 78
109 175
561 532
756 635
725 445
635 685
248 608
267 616
261 572
45 774
117 98
448 140
786 253
682 628
343 255
693 202
521 768
37 583
593 657
575 332
661 758
443 86
54 636
356 422
691 86
698 663
731 527
600 393
695 569
110 290
77 112
344 681
612 456
315 339
681 541
560 710
619 182
394 413
149 224
34 680
106 122
141 727
555 551
443 57
9 360
361 789
488 65
334 620
453 437
29 422
557 668
313 161
252 782
530 352
708 474
590 235
383 473
300 307
214 87
168 531
770 622
297 642
20 145
266 608
160 382
415 624
462 509
579 718
500 189
507 472
365 431
685 100
121 266
762 166
355 170
587 65
498 743
412 583
273 57
38 269
568 773
677 479
86 756
735 386
500 138
9 154
299 443
116 250
273 262
449 733
244 202
168 567
550 733
511 526
506 85
1 649
189 277
13 506
21 790
321 157
46 403
375 19
457 181
362 92
556 105
471 77
409 512
512 285
308 196
27 36
189 702
677 295
698 376
755 458
306 415
77 123
221 537
489 133
311 372
107 64
37 444
433 337
304 390
46 708
658 576
23 400
414 607
305 145
523 544
757 382
133 446
90 580
258 377
285 11
299 343
363 406
375 790
797 66
673 254
349 666
749 9
168 777
767 421
165 229
506 260
331 372
649 122
634 494
619 585
734 613
286 46
305 94
423 356
505 657
52 467
393 696
710 209
75 466
166 600
266 219
112 751
136 659
722 216
733 444
102 659
585 468
605 603
6 549
452 476
464 586
396 718
798 571
663 12
764 119
466 17
40 505
265 29
309 627
240 300
60 76
741 310
676 774
625 750
483 523
399 147
592 322
329 464
668 33
523 699
253 768
406 88
799 137
651 680
290 212
483 740
232 447
711 748
667 649
14 361
716 104
684 779
652 665
234 79
651 247
107 479
204 718
656 58
419 2
407 217
156 212
34 782
234 290
644 463
264 603
109 700
506 118
591 239
208 248
438 733
107 449
519 539
761 60
310 88
787 473
173 158
154 167
683 567
378 424
233 754
452 273
104 402
131 476
560 598
576 89
275 632
675 619
173 745
82 590
675 195
439 362
268 188
9 226
485 772
590 291
593 390
675 458
57 412
373 175
724 769
769 494
670 51
319 620
657 775
374 44
775 780
380 718
730 413
111 1
646 643
681 786
148 441
371 628
284 73
73 546
314 170
483 286
96 374
659 148
146 650
333 223
514 452
500 556
131 167
400 446
599 443
436 24
90 692
96 56
211 241
383 77
5 32
198 246
384 794
346 450
400 302
584 660
154 595
361 349
711 540
688 565
360 441
397 670
497 585
205 501
314 494
544 149
190 497
361 473
527 352
631 73
222 473
439 49
547 92
507 103
285 343
382 545
237 318
513 260
186 82
205 647
15 255
145 192
261 346
623 191
428 284
772 411
322 415
237 630
352 154
593 159
27 740
719 28
679 578
691 631
144 97
135 364
602 250
576 609
523 370
614 712
418 484
767 84
33 67
670 19
409 436
160 159
250 313
572 752
287 18
106 571
269 414
637 276
116 594
615 40
139 377
692 596
666 407
448 579
768 406
709 342
93 542
338 349
369 723
113 711
40 14
122 222
442 39
566 624
700 412
216 650
454 185
367 2
82 512
761 583
126 226
316 579
164 768
206 325
26 193
506 124
756 288
601 30
782 359
722 473
301 521
292 42
466 600
664 100
683 232
660 178
656 215
500 423
236 529
25 135
311 43
561 302
692 14
697 546
240 261
84 358
58 237
166 582
146 186
658 492
371 726
415 165
469 24
321 621
230 96
251 32
572 563
702 444
631 769
762 418
85 675
684 581
96 710
65 178
529 678
478 536
86 351
599 378
640 61
677 639
688 320
30 239
608 211
625 187
766 359
678 498
626 21
663 757
329 738
365 132
544 743
399 597
715 67
71 205
212 776
252 484
627 100
626 777
79 764
758 741
476 61
789 93
495 751
109 744
679 178
284 211
517 486
513 700
25 777
143 392
218 187
187 657
749 511
535 630
307 511
697 27
260 214
592 460
608 280
725 324
774 141
455 570
20 438
111 143
49 17
670 490
202 89
532 24
139 164
532 525
108 751
375 373
749 448
471 644
415 651
640 283
526 583
253 374
470 75
2 17
462 420
507 79
260 236
391 248
585 351
30 698
645 680
214 268
790 37
129 544
385 506
310 97
17 339
586 82
273 465
602 135
395 191
31 211
450 137
328 712
169 547
356 314
224 152
390 91
477 454
552 427
424 353
578 691
574 657
90 322
386 172
447 496
582 647
35 337
401 476
29 765
536 712
462 219
726 772
581 30
630 431
376 782
17 301
276 419
506 528
53 716
214 702
275 287
53 141
151 298
125 580
611 49
556 1
629 203
542 1
473 394
193 512
154 531
266 438
115 297
545 576
681 570
642 169
503 222
469 239
489 193
250 677
574 545
72 519
217 329
770 577
488 705
98 760
583 320
560 610
559 291
785 119
660 167
8 782
212 114
208 486
389 724
787 122
87 789
315 703
168 273
371 93
572 316
266 558
280 210
739 110
228 45
753 452
326 439
29 498
752 86
179 255
757 141
39 714
370 407
31 44
421 38
440 176
183 282
726 65
560 313
511 488
771 509
68 373
216 612
659 347
700 746
465 56
654 419
450 159
516 384
526 535
403 401
115 453
649 114
299 72
263 371
646 735
403 274
46 290
522 499
99 54
593 686
594 564
518 428
706 161
408 711
403 732
783 218
368 434
754 532
575 760
184 730
185 409
425 677
496 304
630 39
620 357
322 131
22 498
730 342
636 797
103 341
290 508
56 102
564 715
768 620
786 647
401 210
217 123
117 708
37 375
60 776
436 503
105 316
57 665
518 655
121 614
734 26
237 797
56 607
468 657
233 542
166 214
762 321
18 707
437 354
624 491
22 140
740 325
618 217
412 682
421 620
778 582
730 16
306 492
88 742
141 675
712 323
645 298
630 50
253 185
554 687
651 159
227 393
575 666
42 629
115 165
99 612
179 347
434 462
100 472
123 599
335 508
709 187
307 266
567 740
545 396
259 448
769 749
268 309
12 28
147 770
145 252
231 58
375 716
623 489
722 258
413 105
511 115
669 474
309 181
611 721
777 299
611 118
404 395
618 573
489 289
84 290
284 760
223 290
396 715
14 680
160 161
637 580
40 233
546 666
79 636
737 673
400 288
278 323
465 731
575 167
440 253
237 664
794 546
122 251
617 715
442 754
714 431
368 304
679 246
241 787
778 172
532 648
7 265
716 434
458 331
477 152
22 35
330 430
102 469
445 102
730 10
674 91
161 377
390 695
294 258
11 467
130 307
438 246
111 249
679 101
134 88
374 186
101 672
171 349
62 354
61 111
484 610
689 286
751 731
535 46
245 412
46 369
153 78
647 415
653 21
677 107
301 238
738 680
55 454
521 788
153 463
109 86
366 331
631 717
280 458
264 572
666 282
230 483
39 395
136 54
606 464
716 294
592 302
728 730
729 577
674 514
771 597
423 797
95 544
289 672
578 553
604 442
78 286
234 667
255 602
15 612
209 663
587 246
699 638
360 406
749 740
693 135
347 242
437 46
383 740
418 187
521 544
69 371
761 450
1 367
648 159
546 183
451 167
429 26
32 579
238 232
368 415
546 728
165 771
426 749
594 97
709 615
705 111
159 682
708 737
338 348
297 536
72 148
602 563
20 722
78 94
754 559
400 14
184 58
611 781
777 364
92 179
756 727
134 97
661 566
29 463
467 441
105 786
497 480
740 76
337 759
365 545
604 74
241 265
367 181
575 46
271 217
154 340
661 100
499 60
681 715
798 1
634 776
485 401
608 773
394 759
703 531
96 631
785 561
183 637
645 545
795 683
710 370
299 290
168 790
532 257
111 281
331 759
797 195
121 367
568 652
357 157
672 65
353 524
585 428
255 80
750 201
673 3
477 43
128 747
154 411
114 415
314 766
105 72
739 586
636 536
626 16
126 311
230 79
514 133
300 661
625 44
564 220
584 590
183 680
91 441
795 31
176 608
672 268
184 5
222 453
84 354
286 332
512 224
313 244
785 461
325 631
408 736
595 753
285 91
520 645
281 587
106 278
408 345
152 520
467 279
605 217
505 179
469 209
370 322
311 318
398 133
444 418
41 229
140 759
99 180
12 80
782 425
302 552
257 324
380 659
490 689
205 442
310 707
433 497
112 173
706 21
84 227
676 438
587 424
107 647
507 136
80 538
788 289
388 266
347 384
775 494
214 276
473 765
199 446
344 93
80 281
294 690
283 351
216 384
416 67
380 606
210 504
34 769
499 63
208 770
128 117
255 227
94 793
494 23
262 667
96 651
271 159
89 687
257 266
131 98
492 196
649 775
23 97
122 75
290 514
446 469
787 175
628 89
243 119
177 670
396 121
505 579
594 401
218 655
522 510
53 337
453 106
209 531
780 396
188 739
316 355
571 722
34 65
770 748
238 422
223 699
178 643
168 484
303 11
151 765
551 624
155 534
672 44
398 265
600 248
49 262
500 146
721 692
168 319
157 66
761 469
560 661
775 307
615 641
464 742
562 705
83 468
786 275
90 398
631 352
728 445
626 549
56 536
51 170
188 732
452 661
610 367
67 555
134 674
24 780
633 594
488 25
372 581
634 606
760 60
785 358
751 655
623 344
336 98
616 189
39 114
324 51
129 96
745 450
639 771
172 771
725 200
791 251
219 649
169 148
84 286
119 426
306 702
236 497
628 429
792 775
241 172
788 177
466 270
798 705
56 516
721 502
217 432
180 516
288 446
371 701
5 123
679 370
83 303
362 782
378 545
571 61
585 798
219 435
293 502
204 431
172 255
699 796
240 302
317 536
181 251
532 77
222 80
362 529
367 720
160 734
416 687
200 303
174 366
557 164
238 255
791 580
689 453
343 637
556 593
301 282
731 696
9 200
487 285
679 363
391 236
686 486
298 15
468 643
477 576
27 215
738 95
196 305
589 153
771 642
487 7
144 571
642 69
625 10
730 475
324 277
16 410
43 750
131 119
797 727
364 321
218 478
728 82
45 341
501 254
660 544
343 601
680 248
85 699
5 355
182 385
633 54
291 309
642 274
670 662
73 194
697 173
796 134
122 147
263 646
727 710
352 541
608 331
28 193
94 711
146 388
704 226
546 155
728 538
132 231
546 706
556 738
561 175
470 599
460 595
511 675
509 750
57 205
161 70
680 395
347 339
251 599
522 588
214 586
163 703
643 225
703 773
149 312
101 709
713 194
186 502
533 39
536 566
568 156
219 757
301 141
114 648
663 416
237 666
629 735
237 472
768 351
374 743
433 408
471 384
119 329
294 188
108 199
663 526
339 116
221 729
705 593
296 407
475 479
116 749
719 532
411 33
65 752
506 762
345 495
615 612
657 258
752 137
254 399
9 225
614 119
272 329
787 459
459 234
412 349
387 140
412 644
411 15
728 727
196 219
480 574
660 736
281 594
599 565
220 752
61 268
622 789
397 580
592 611
393 77
23 294
726 316
795 498
713 563
493 363
665 744
206 238
382 69
196 755
127 401
35 513
588 121
80 552
53 616
323 701
597 615
762 693
654 635
772 274
490 326
314 106
392 70
625 543
633 598
48 511
325 155
239 650
7 565
640 89
358 287
350 647
491 650
244 379
723 403
560 478
30 581
309 88
462 585
392 479
701 165
347 334
497 631
770 471
152 504
103 541
150 758
102 296
440 1
39 53
224 500
798 424
436 442
293 146
177 764
198 410
502 719
765 463
458 350
331 702
31 747
588 134
282 789
440 311
288 152
146 90
153 34
429 558
480 503
657 441
336 735
754 698
340 362
619 51
229 693
426 557
699 683
780 322
708 502
773 470
555 559
682 288
765 294
87 647
629 483
208 649
503 96
681 10
322 583
294 505
549 264
9 167
725 57
183 120
699 389
580 677
526 60
646 586
290 556
490 540
553 723
187 284
71 657
199 55
383 483
81 637
145 169
510 416
726 8
454 91
406 140
38 127
260 216
475 180
259 413
223 701
495 747
443 154
425 376
513 723
153 681
204 746
721 549
44 623
541 600
102 385
584 59
777 438
631 448
552 720
437 571
337 104
393 675
212 738
709 144
115 616
123 799
636 520
606 426
238 203
152 271
695 164
764 175
784 746
537 540
307 60
346 336
357 666
476 507
370 716
429 301
545 319
545 151
22 660
265 602
67 483
163 434
191 382
331 261
242 493
158 637
702 247
686 706
712 317
297 105
790 601
549 336
429 729
83 87
755 165
791 341
156 185
158 728
679 26
504 428
130 395
351 651
667 306
590 161
434 210
60 330
189 678
302 270
425 344
758 482
230 122
625 184
146 392
20 180
333 544
346 589
139 23
497 431
746 307
32 722
566 703
128 99
81 158
670 272
766 510
117 748
609 469
260 347
123 140
22 353
461 232
282 458
567 35
694 600
181 482
389 342
218 3
600 247
419 720
11 617
415 192
502 552
616 737
52 204
201 481
213 201
128 439
470 694
342 677
588 602
301 73
266 590
3 528
559 706
236 548
362 655
699 646
450 535
793 412
563 472
231 340
288 603
328 164
350 183
609 142
529 185
604 559
629 652
165 199
79 227
155 346
654 741
145 605
157 355
783 209
621 196
618 144
126 324
786 708
58 426
202 675
322 614
517 518
231 741
92 506
635 239
433 341
216 594
317 704
351 504
150 325
513 440
106 320
635 744
339 78
608 45
398 385
25 176
674 164
138 70
46 200
154 102
238 736
722 434
10 340
222 430
170 232
630 536
22 380
293 351
61 155
402 656
685 107
338 110
182 16
382 338
241 93
557 254
242 26
25 306
677 79
266 625
644 72
672 776
549 560
122 614
116 472
363 557
162 712
159 781
404 128
601 544
739 605
257 193
726 619
299 194
217 611
718 518
10 408
591 747
484 9
312 302
44 194
669 615
664 529
630 278
241 607
351 423
498 471
133 573
37 495
88 223
358 36
404 117
129 517
426 603
604 796
793 668
581 210
37 15
355 1
607 659
172 489
648 746
715 420
37 628
766 31
62 355
763 100
673 56
783 648
44 301
229 472
364 330
172 499
187 207
289 708
596 51
445 545
722 303
603 514
779 64
119 166
769 319
251 709
195 161
196 394
799 677
343 82
99 541
476 783
745 644
608 601
308 22
367 315
0 340
167 655
234 642
617 718
403 668
351 341
340 7
765 325
617 651
323 30
458 430
529 795
490 696
697 695
489 196
200 737
682 96
565 458
186 18
577 542
310 66
346 571
100 165
543 193
419 579
262 221
523 317
758 427
256 34
0 242
239 642
4 300
204 265
198 176
393 378
247 788
79 720
726 111
631 144
419 170
56 389
192 385
233 308
263 174
137 744
629 351
466 695
140 743
610 141
633 106
131 597
452 567
621 546
654 219
135 748
225 757
197 687
37 142
265 561
647 35
33 648
298 129
269 223
675 643
34 558
507 553
81 277
458 154
683 339
644 609
570 470
468 464
795 417
372 188
503 517
753 128
471 425
278 667
125 270
221 247
96 88
492 310
398 793
746 262
402 756
611 447
9 480
64 153
587 147
23 25
114 746
403 532
46 736
570 372
115 46
18 730
496 747
777 716
713 629
264 591
511 310
301 561
733 270
241 689
587 34
576 264
523 559
537 387
765 603
548 681
238 228
712 757
491 158
279 465
750 469
744 121
619 573
140 244
82 234
8 35
584 672
686 666
601 661
3 525
414 39
170 62
423 777
448 117
737 794
286 629
638 66
146 783
126 379
427 696
528 492
525 678
449 75
28 668
120 296
432 245
331 174
140 65
752 790
261 498
166 54
520 99
656 358
445 253
11 313
95 678
729 136
50 530
117 171
121 112
644 29
610 283
274 375
725 267
197 634
530 739
228 153
575 389
161 381
727 641
330 333
265 34
487 290
401 383
552 44
794 377
96 650
413 148
258 292
351 175
348 505
68 340
54 471
490 745
413 560
503 261
469 265
422 22
143 447
25 325
602 549
649 37
768 29
523 665
446 203
704 734
250 641
552 5
360 170
468 527
261 266
565 390
750 319
206 691
294 67
436 689
703 548
692 82
40 420
280 286
326 532
640 303
672 378
774 519
449 466
546 294
603 185
230 346
770 42
446 664
614 748
603 798
399 405
94 527
569 182
733 439
734 137
621 613
639 401
95 736
366 708
685 17
108 761
622 646
282 67
258 467
499 26
781 458
60 233
412 45
566 723
90 439
86 760
204 30
71 776
388 481
394 335
718 315
721 685
645 148
33 113
388 450
249 348
245 708
481 646
599 6
430 684
550 661
359 626
73 311
179 640
774 345
0 272
425 537
17 202
306 643
274 608
526 131
256 225
552 412
71 528
518 423
526 640
260 179
338 421
481 483
563 306
359 253
213 679
611 706
455 760
404 29
261 81
597 449
429 566
510 104
166 55
701 285
317 331
184 670
620 392
740 693
784 307
659 250
752 637
387 590
439 129
288 617
656 224
508 653
445 401
134 694
468 52
225 795
92 750
685 205
10 176
139 795
78 405
696 83
36 729
200 729
731 405
734 90
455 400
765 27
157 172
53 277
791 297
626 55
309 327
78 362
258 598
545 195
799 366
222 755
598 699
521 761
382 477
222 380
728 353
568 672
1 530
587 467
477 30
638 359
39 773
735 85
368 597
653 465
199 209
492 607
192 737
631 422
359 613
128 708
579 735
507 302
206 565
709 729
28 398
772 5
217 415
636 643
281 720
80 79
21 58
279 696
387 586
425 558
536 657
109 741
620 495
664 52
114 789
235 78
576 757
285 640
166 489
179 271
593 103
214 342
685 561
72 658
600 319
621 759
101 379
732 209
298 637
203 568
68 258
328 219
701 532
97 560
752 100
43 515
341 46
537 556
361 98
746 327
713 362
199 471
497 400
160 639
759 33
369 496
361 731
460 322
478 480
761 105
497 149
707 751
636 163
776 242
495 83
412 715
252 514
73 210
511 652
26 532
768 349
551 235
575 557
330 12
404 785
516 252
72 331
558 281
456 227
607 734
622 552
673 228
209 533
684 130
115 722
101 107
542 699
98 524
54 791
318 667
632 51
209 331
76 527
78 656
774 762
337 740
323 326
483 687
16 418
493 89
414 673
310 627
130 763
592 758
43 676
759 117
403 761
469 272
82 573
473 778
121 575
387 128
660 273
296 610
642 222
391 142
623 796
672 678
357 323
221 405
58 781
481 218
100 559
429 564
468 298
354 15
219 681
74 267
487 79
395 109
635 420
546 419
381 482
501 56
101 373
569 369
784 328
162 11
348 488
490 539
556 392
521 597
612 57
158 348
183 328
574 653
523 432
292 572
191 575
762 673
553 746
291 196
247 377
520 351
244 463
223 213
637 258
607 88
673 448
455 701
169 391
122 229
419 53
435 677
614 20
54 456
8 164
537 702
244 49
733 745
26 502
782 455
29 767
193 659
127 372
279 589
23 543
183 286
388 313
245 734
444 520
150 733
160 568
358 441
737 72
742 271
277 222
672 305
238 749
643 289
791 60
346 294
232 347
304 343
512 662
332 10
322 504
745 42
610 195
732 387
205 579
776 743
475 27
440 558
597 159
544 508
662 264
751 334
349 238
663 562
36 409
447 566
112 393
151 524
552 245
462 256
454 242
601 506
167 361
507 217
136 733
18 594
579 359
18 32
441 332
261 450
759 691
422 792
224 59
221 718
443 557
274 116
342 587
752 140
126 411
104 514
645 349
245 288
213 485
791 595
346 707
446 718
423 538
445 790
638 595
475 389
202 698
429 407
490 501
470 209
257 14
665 134
135 215
720 314
203 429
286 214
153 722
214 55
414 519
606 434
564 643
765 705
667 450
267 707
206 346
613 313
719 754
280 607
259 194
760 329
322 608
439 594
582 698
88 79
465 109
422 525
542 425
579 755
395 148
145 433
217 243
230 461
213 538
187 566
450 308
588 230
694 236
303 277
720 41
318 648
16 234
741 355
343 558
136 310
188 333
479 790
732 716
21 755
563 341
252 216
322 273
499 167
186 315
262 64
477 268
339 701
546 417
404 765
473 85
128 688
586 634
264 765
100 535
419 57
91 428
492 308
485 307
581 121
477 517
318 353
240 438
435 744
540 311
160 27
577 594
423 192
637 457
765 50
633 406
424 226
37 367
252 69
382 425
690 252
462 488
73 631
241 729
496 71
632 482
650 759
761 185
568 573
312 676
13 672
724 313
389 176
387 746
525 649
86 566
605 292
494 672
464 223
103 568
198 479
117 164
621 247
436 122
247 257
404 329
350 491
86 76
304 618
287 738
1 623
404 745
439 249
345 715
540 208
152 783
68 186
679 241
123 577
320 495
532 593
435 93
145 307
440 513
15 551
83 454
332 283
656 442
370 567
216 183
277 521
508 556
622 550
541 233
592 76
510 356
371 336
610 497
119 599
251 454
379 694
563 573
85 779
159 585
140 2
799 717
368 197
750 235
754 589
469 770
640 15
81 241
586 166
282 128
598 630
678 269
378 362
388 302
772 403
298 427
178 476
240 66
585 119
230 620
250 218
719 701
411 646
371 27
149 453
22 303
407 93
390 728
50 637
105 300
191 96
143 115
799 34
384 281
688 300
228 62
595 13
649 433
746 93
735 314
608 638
461 746
780 159
441 353
365 515
108 594
496 6
685 335
42 126
637 372
60 479
347 483
368 509
583 600
244 408
201 15
585 203
748 179
670 757
533 177
659 42
67 640
36 534
578 583
295 430
70 580
340 344
791 188
734 188
479 614
365 497
425 366
565 336
416 654
609 393
314 299
155 57
603 519
419 741
764 723
215 132
237 390
674 191
412 18
564 750
647 28
515 616
757 152
353 27
348 224
93 477
588 642
537 25
494 792
738 691
185 538
789 175
622 547
205 432
79 112
262 582
726 152
681 774
223 750
44 208
562 738
654 80
275 37
46 238
537 403
763 553
65 729
260 44
308 570
539 382
494 2
236 421
686 761
601 613
658 81
34 39
468 68
739 16
29 135
56 676
240 341
748 518
96 199
490 463
98 217
673 178
24 382
36 444
658 774
238 130
625 63
82 722
229 394
133 499
389 333
285 686
591 326
529 236
662 468
225 728
240 411
687 781
272 217
791 761
66 111
791 67
623 565
137 427
539 633
1 745
142 690
533 502
409 693
87 779
264 785
503 777
476 703
45 328
303 780
380 688
739 712
550 88
301 174
674 586
212 289
118 274
243 490
468 686
411 616
505 664
553 71
770 434
284 152
258 727
327 673
598 361
279 711
298 666
274 632
132 705
423 640
411 516
798 680
344 40
762 47
475 440
298 132
330 788
197 607
120 612
426 645
583 217
146 776
595 45
313 545
695 418
793 194
791 458
565 708
696 38
304 760
242 565
167 242
663 160
23 650
729 377
32 339
12 766
315 774
234 352
227 729
195 672
757 522
244 410
585 535
592 744
681 674
85 152
410 724
388 242
591 561
665 282
113 229
690 554
676 4
355 375
569 44
760 498
772 765
523 149
720 231
462 212
757 137
440 291
110 321
316 341
304 590
10 267
415 492
98 233
514 257
479 213
594 292
474 710
465 215
392 338
695 411
586 64
703 613
248 527
584 693
95 384
10 183
556 427
501 136
93 377
284 134
671 31
599 26
373 448
307 182
696 184
577 306
259 291
475 672
9 743
611 377
59 575
755 795
390 730
234 745
374 574
520 519
575 80
230 398
114 695
795 187
614 648
275 580
295 548
92 614
134 2
667 309
54 275
613 721
448 552
299 706
481 165
440 136
372 348
348 220
761 463
770 274
678 666
148 628
497 680
523 502
319 37
12 645
116 711
510 440
500 30
227 493
218 499
725 274
356 281
736 103
585 0
690 267
559 653
312 263
591 406
572 34
334 759
298 109
286 615
561 138
511 288
536 79
631 607
530 309
641 783
203 447
599 553
775 574
550 642
283 177
389 725
741 462
21 136
572 395
455 338
102 263
409 537
307 285
778 679
472 797
613 778
167 213
359 185
580 753
743 33
729 664
264 269
241 136
286 662
670 331
626 344
598 752
358 253
273 427
474 761
697 716
73 201
201 195
426 470
595 9
648 491
790 71
694 96
326 112
659 718
233 143
626 135
363 351
543 723
767 789
435 48
743 782
626 236
29 429
424 625
719 67
37 612
179 734
492 172
5 83
635 226
167 246
109 776
101 729
502 386
325 729
319 501
143 65
788 480
4 573
307 530
202 409
185 262
291 387
80 375
658 132
131 330
722 299
576 652
733 155
27 71
770 85
11 55
97 442
476 10
213 541
634 579
344 682
186 236
190 200
540 108
35 696
370 32
607 121
695 281
538 730
112 744
173 728
678 446
221 767
93 505
296 524
425 234
40 188
439 766
222 159
92 642
201 646
602 262
551 28
327 26
340 628
359 684
256 142
593 774
509 358
320 791
756 707
275 568
325 390
9 243
294 160
147 665
135 94
141 307
760 622
32 212
625 49
486 580
52 535
151 44
581 102
65 91
724 413
669 456
81 787
54 742
175 286
683 291
714 557
199 714
643 783
140 606
255 159
576 140
565 579
347 413
769 7
633 559
48 210
713 704
151 773
580 622
699 311
656 240
729 677
275 334
459 757
460 754
666 420
729 370
516 655
545 696
147 564
78 418
236 183
788 45
269 0
558 414
45 63
678 281
337 771
507 34
567 785
639 152
84 41
47 618
411 218
465 362
690 531
272 378
724 701
98 328
261 702
96 61
595 265
616 568
433 608
725 259
414 685
594 647
792 694
790 616
81 504
215 137
243 710
365 595
287 102
35 632
353 447
53 539
798 171
733 125
548 540
265 313
745 761
605 412
166 484
183 503
701 114
603 381
417 489
375 323
703 728
290 6
433 752
58 187
17 753
361 497
113 563
765 148
302 636
743 557
763 604
495 785
464 145
7 86
3 109
416 380
406 107
443 243
34 623
664 614
395 488
48 316
632 604
778 156
235 755
548 518
737 391
259 93
749 252
208 781
665 253
504 344
635 79
291 468
64 401
754 52
144 291
448 621
77 795
365 493
44 28
587 434
209 767
310 675
567 765
607 337
692 710
166 276
627 236
736 124
49 373
470 763
656 334
216 635
690 506
128 75
383 515
355 628
240 25
68 572
533 497
677 746
367 53
398 145
462 39
743 461
58 335
158 326
103 50
260 227
60 534
296 759
610 95
558 446
639 84
311 405
200 315
246 253
772 540
782 443
511 193
237 574
158 731
228 590
513 551
420 661
261 359
120 554
87 781
205 49
693 80
95 261
298 718
365 765
18 178
221 188
553 285
615 373
346 664
266 393
440 580
225 656
692 21
46 276
21 758
101 660
633 561
417 104
186 103
739 33
59 121
763 33
21 706
169 265
635 414
587 380
328 90
795 450
529 604
129 45
423 300
444 336
526 103
319 561
461 123
73 397
155 467
404 445
131 623
380 196
707 616
584 241
58 317
62 702
349 416
353 355
156 540
277 279
787 554
68 619
761 788
149 795
267 41
664 773
208 729
272 495
526 135
584 54
183 82
339 725
597 338
446 165
698 28
317 71
568 556
371 431
336 256
428 241
51 457
76 784
703 119
86 39
47 230
161 465
320 706
383 464
316 445
739 797
307 579
684 756
191 462
521 191
583 563
42 770
164 209
518 54
73 440
744 570
277 707
282 708
680 220
702 501
353 661
401 665
493 42
453 537
618 384
464 236
19 402
216 496
358 621
114 72
159 738
630 156
608 760
447 167
501 609
629 179
657 415
569 579
46 65
260 381
733 431
740 491
117 79
378 485
558 217
312 702
417 517
339 473
129 192
467 225
431 142
96 514
345 617
630 447
530 58
378 114
498 185
622 242
53 484
761 300
270 537
143 694
728 316
104 245
337 76
610 292
155 305
236 715
349 400
773 492
610 625
259 99
450 353
529 294
406 447
302 340
718 204
496 144
787 283
783 773
730 609
672 176
70 10
714 77
430 350
557 199
669 550
204 748
208 560
642 577
174 743
231 375
339 229
769 348
51 563
385 646
411 624
101 713
429 8
226 774
248 105
492 651
379 416
258 266
278 257
172 606
587 460
173 479
352 43
222 70
614 277
330 369
310 662
561 597
260 383
86 233
476 644
368 48
363 86
640 600
611 405
410 444
435 782
147 290
354 617
251 243
591 533
726 612
603 30
161 180
197 119
693 144
198 330
199 636
277 229
642 741
88 375
263 223
269 309
400 103
615 283
571 406
520 279
598 64
535 71
15 721
339 751
749 505
261 751
582 153
509 538
765 515
7 445
401 317
615 326
687 294
65 745
307 704
170 155
182 254
183 263
447 229
148 8
611 560
632 353
788 224
144 398
79 226
107 323
246 574
669 108
67 325
17 581
755 155
216 45
355 662
76 215
116 226
476 540
376 467
11 621
682 539
292 541
207 63
779 602
226 646
637 172
65 734
256 315
53 771
59 461
245 461
52 589
299 592
762 780
426 296
57 185
50 118
355 469
62 431
585 605
381 321
570 510
384 223
404 47
432 322
402 697
298 125
371 255
771 7
565 693
575 124
625 683
585 517
381 748
534 357
576 218
517 387
511 413
62 107
135 375
56 342
88 287
286 38
293 445
388 4
773 783
319 713
696 544
573 533
124 421
373 363
419 694
395 38
172 97
715 82
42 325
578 85
548 286
322 291
679 645
737 711
327 582
270 417
239 705
283 671
372 94
617 278
56 530
611 746
581 45
622 287
539 517
799 488
750 595
119 287
384 646
306 524
257 776
627 14
492 617
654 468
433 444
768 550
388 714
3 518
2 205
732 640
436 773
180 721
450 335
567 283
488 759
431 131
155 124
764 209
471 411
16 769
292 245
516 440
517 73
51 141
254 157
177 431
684 108
235 271
96 549
74 633
191 553
216 327
694 736
535 453
483 720
240 634
92 91
115 717
764 3
545 646
209 492
267 632
784 758
200 380
688 14
202 349
219 353
713 131
390 303
336 764
396 725
590 84
326 291
263 56
171 178
292 473
127 532
227 260
523 264
706 321
149 180
499 218
112 638
535 570
283 230
666 426
39 206
389 375
577 2
701 765
11 160
615 790
442 265
315 463
360 87
734 314
341 741
435 271
728 299
474 513
542 4
709 681
315 166
374 714
376 454
495 155
315 791
761 375
397 677
111 595
177 518
183 443
302 196
708 533
434 252
130 616
771 50
549 653
135 69
163 624
305 205
367 189
17 393
621 493
304 341
787 702
33 583
16 458
171 535
148 144
398 65
111 536
555 351
166 153
178 490
6 412
765 324
122 654
342 184
252 572
471 337
675 785
305 471
407 427
646 757
399 150
555 135
276 699
700 568
553 670
782 541
244 114
596 599
335 90
566 180
306 21
519 382
724 82
427 305
508 238
740 184
366 255
358 478
780 408
277 254
231 447
457 660
71 177
318 1
767 351
608 126
77 184
31 361
145 109
779 545
521 336
532 148
26 416
619 666
281 370
589 571
424 685
717 733
30 797
741 639
24 374
253 231
706 783
505 536
393 638
792 288
45 395
349 281
292 496
202 190
790 783
187 170
784 76
679 598
94 20
363 313
774 587
744 195
176 411
204 655
388 763
333 437
77 322
80 169
772 46
686 152
411 92
233 205
521 712
556 758
64 591
357 685
394 383
460 461
706 666
132 743
10 196
268 134
66 304
237 175
437 724
148 560
672 204
364 613
431 620
491 575
377 692
785 603
188 172
229 713
661 32
342 740
31 599
528 329
644 773
343 665
288 766
84 721
696 376
517 313
152 141
661 41
623 543
273 443
611 435
270 147
392 72
504 170
454 772
77 460
456 158
342 9
627 795
669 384
636 486
492 749
650 222
237 728
642 676
114 265
717 532
321 553
436 779
269 547
457 29
603 546
799 637
41 693
783 694
658 97
312 615
705 7
794 303
129 551
309 609
446 266
255 286
401 153
633 15
498 238
677 192
157 738
643 30
594 339
592 282
475 670
745 84
548 416
790 93
395 144
169 728
139 493
12 344
41 487
603 149
661 120
256 620
129 490
695 600
21 316
279 432
610 181
763 759
689 137
568 232
206 742
683 732
467 466
413 518
169 439
790 36
411 366
721 518
170 706
341 74
295 177
392 274
688 18
143 238
206 230
433 471
226 161
683 494
27 167
430 166
632 598
444 117
243 140
401 13
435 507
531 357
287 711
466 135
353 424
16 255
39 456
103 684
728 252
693 767
766 187
555 273
651 31
797 234
664 37
354 352
18 84
480 411
280 700
743 609
425 739
419 30
46 397
206 764
603 537
29 237
223 436
777 188
161 521
486 56
41 418
658 455
497 644
2 318
63 535
541 779
594 421
355 425
645 592
372 624
292 281
799 483
748 666
178 39
275 692
787 765
468 416
571 484
391 782
703 624
746 239
191 585
416 675
383 302
392 765
735 718
469 271
748 210
683 362
495 513
731 6
68 112
479 77
348 554
338 768
258 701
158 777
319 6
528 785
357 429
452 142
487 339
198 528
272 105
341 268
316 792
713 290
36 52
495 299
623 203
70 454
51 436
322 316
704 252
47 158
772 509
14 396
225 115
700 619
657 515
361 95
638 270
777 186
509 798
168 721
407 255
426 231
346 367
531 33
281 22
399 796
580 581
391 717
169 223
497 710
163 483
296 437
367 49
626 288
438 471
728 508
434 63
269 738
454 593
202 478
438 155
248 173
392 327
417 25
545 160
238 443
682 167
247 289
121 381
344 169
675 488
725 191
21 602
516 217
776 217
36 368
330 667
265 776
249 108
309 616
167 712
334 693
143 601
221 434
722 685
652 114
339 299
568 371
74 157
313 370
300 482
500 390
654 726
508 179
177 29
147 158
549 435
475 1
643 685
418 174
168 70
137 268
618 613
779 752
231 54
664 709
747 391
628 689
196 43
740 330
734 446
412 226
691 654
61 696
33 727
490 106
477 325
418 404
430 649
305 122
369 201
528 199
289 277
101 65
412 81
384 643
596 665
417 158
23 137
539 192
616 545
442 449
695 727
461 295
475 616
656 785
668 627
310 503
567 155
57 723
68 44
132 661
13 340
256 747
284 777
497 107
254 790
686 660
400 52
610 785
539 613
598 796
197 139
548 350
441 285
479 576
132 396
717 87
162 64
14 668
88 198
443 676
411 221
374 734
99 102
257 668
680 775
71 57
728 528
554 671
253 321
722 642
765 605
527 429
71 258
257 251
516 123
675 449
764 661
67 105
743 20
122 269
649 770
797 756
149 4
590 459
101 715
195 303
703 10
266 629
335 403
69 35
588 82
452 437
323 423
782 373
709 661
53 416
798 207
156 157
633 646
695 715
220 347
152 33
374 546
666 154
711 24
133 252
460 386
338 105
383 649
466 601
701 797
319 107
7 437
294 292
283 1
148 265
499 15
486 16
59 386
498 392
608 60
769 612
422 539
506 294
524 28
704 787
266 566
59 51
132 513
7 158
176 276
576 312
772 313
110 695
573 243
91 418
709 280
232 38
27 676
602 374
607 532
747 660
648 73
417 741
748 555
507 704
128 638
554 543
743 339
427 82
626 328
585 622
383 231
440 168
569 523
56 14
327 270
306 293
790 554
72 488
663 138
344 423
465 338
538 161
452 690
0 631
721 118
752 693
515 136
58 451
610 117
565 512
732 53
267 412
687 794
680 116
531 623
9 540
576 25
302 677
482 34
582 366
483 240
84 237
231 526
438 428
455 135
774 773
487 633
491 249
292 727
323 680
79 711
676 436
223 190
723 31
520 488
40 347
193 342
107 405
147 685
356 292
798 768
36 779
338 302
659 446
71 143
316 549
620 210
653 92
527 432
775 374
330 552
671 362
156 70
613 429
228 526
515 576
268 282
463 386
724 719
106 563
797 61
391 316
272 92
626 481
311 316
642 159
636 17
158 82
451 790
323 202
85 383
560 328
361 655
125 752
722 513
109 10
76 523
298 467
290 738
194 712
492 179
445 502
514 189
233 760
346 708
488 134
247 737
409 4
672 518
258 788
528 767
202 477
754 100
587 472
643 281
635 416
541 613
482 314
9 534
26 575
236 524
58 741
335 473
656 451
631 9
233 686
577 100
464 53
287 190
143 606
637 327
507 575
597 493
569 642
516 658
736 434
454 35
453 119
134 556
279 127
51 589
417 300
550 598
295 460
492 633
762 207
593 637
186 756
174 518
613 124
428 760
244 423
672 31
377 121
120 535
47 265
262 794
308 407
626 569
272 569
723 483
106 337
776 289
246 675
662 35
666 313
33 373
638 100
687 778
86 457
493 705
679 791
757 367
68 151
746 133
347 680
464 644
421 589
601 175
602 196
32 726
496 356
725 531
588 98
781 94
578 612
175 710
145 590
147 511
368 112
427 459
365 448
111 767
627 511
574 479
281 360
117 193
681 193
139 121
141 209
675 160
12 59
323 479
677 261
338 42
589 705
311 261
213 185
431 606
748 732
707 125
181 702
742 324
332 620
144 713
722 225
349 660
784 28
787 463
86 473
106 486
199 277
139 111
443 40
543 240
517 534
456 569
479 734
112 367
724 220
75 361
186 794
742 356
655 482
794 97
217 792
780 548
306 129
378 409
141 247
709 247
791 378
563 313
573 566
777 583
463 656
777 81
248 90
105 674
265 369
665 93
184 113
549 649
352 575
598 168
760 264
355 697
747 182
413 51
398 437
587 495
669 12
232 535
109 755
583 5
608 192
40 302
12 234
680 188
217 79
793 373
50 552
638 274
371 624
507 621
95 211
62 589
146 221
409 232
519 45
162 425
731 263
334 788
394 643
724 198
620 578
145 159
186 650
272 529
699 72
180 267
395 749
158 388
372 568
603 740
86 602
171 126
168 191
727 435
637 507
615 306
271 24
419 294
10 738
130 496
