800 4780 2400
16 15 10 21 10 16 11 21 17 7 17 7 10 11 23 14 18 22 16 7 6 10 8 22 5 7 6 15 18 8 19 12 25 11 12 24 20 7 8 8 6 19 8 7 18 9 17 14 7 15 24 5 9 10 14 5 15 11 13 15 20 16 22 18 21 24 15 24 12 10 24 13 20 9 24 23 21 7 8 25 10 13 9 9 11 16 22 5 7 7 18 19 7 12 10 25 11 8 21 8 11 22 20 22 19 16 5 15 17 17 12 13 9 22 16 17 8 13 22 10 14 21 8 24 23 25 20 5 19 11 15 21 8 16 25 11 8 6 12 5 8 6 9 25 19 8 25 21 10 6 14 14 13 15 24 18 8 6 22 19 10 23 5 18 10 13 14 11 11 14 17 25 15 13 6 14 14 8 16 22 12 15 18 5 12 24 6 10 23 24 22 13 13 22 6 19 25 24 25 14 19 13 18 13 19 22 18 11 5 25 7 16 11 15 25 8 7 15 7 16 25 13 22 7 19 19 6 13 16 15 19 5 15 14 22 24 16 25 6 11 25 24 7 9 5 23 11 17 11 6 20 9 8 24 15 20 13 8 5 9 25 14 5 24 14 11 23 11 14 16 24 7 7 25 21 6 11 18 16 14 25 21 22 22 15 19 7 12 8 19 12 18 11 19 24 5 18 24 24 14 10 16 15 15 7 7 17 6 11 10 15 14 14 17 19 10 20 10 8 23 25 23 10 19 9 12 20 24 23 14 12 10 14 23 21 6 7 13 21 25 21 21 20 16 5 5 5 16 15 22 9 11 16 7 15 16 13 21 24 21 24 11 23 18 25 14 15 10 15 13 15 23 21 5 25 10 19 9 19 11 25 23 24 18 10 10 16 11 15 13 20 16 23 18 10 15 19 21 8 10 24 24 13 13 19 18 15 8 7 25 20 7 5 11 11 24 16 21 5 23 24 9 17 22 16 5 19 25 10 6 6 19 16 9 17 22 24 6 7 19 21 24 16 5 18 22 14 7 16 11 18 17 23 9 23 16 19 7 22 21 13 15 7 20 7 15 12 16 8 17 24 25 8 12 17 19 6 20 7 7 11 13 5 15 17 25 14 9 12 19 23 12 23 21 11 11 8 19 7 20 14 18 15 20 22 9 12 8 16 17 25 12 9 7 5 6 8 20 9 20 19 20 5 14 19 14 20 5 5 6 14 5 5 9 23 17 6 11 11 13 5 7 9 19 11 13 7 20 24 5 17 19 19 11 12 20 19 12 23 15 17 11 17 7 7 13 7 18 9 19 15 9 13 7 7 11 19 8 11 17 24 6 16 8 20 19 16 15 15 9 17 17 16 6 7 20 24 5 19 24 14 25 5 16 9 8 14 25 14 18 17 20 18 22 13 22 15 20 23 8 19 6 11 19 21 18 25 23 13 24 5 25 10 9 11 23 9 14 10 5 22 6 15 11 9 6 21 23 6 17 8 8 21 17 8 17 14 16 23 15 5 14 13 20 13 17 25 16 17 17 11 11 19 19 8 11 8 13 10 20 21 20 15 15 5 7 14 18 13 7 10 14 16 7 23 15 9 11 21 13 10 19 8 13 13 11 10 5 20 9 8 21 10 16 5 9 5 14 11 23 7 5 10 23 17 22 16 17 15 21 24 18 21 17 20 21 17 15 20 6 7 5 18 12 7 7 11 25 10 25 5 18 7 14 19 23 17 20 5 11 11 7 20 18 9 5 12 19 11 18 20 9 13 17 14 8 10 25 16 6 10 9 25 19 14 6 24 13 16 13 15 22 13 8 6 13 24 22 22 10
3 16 5 12 9 11 13 15 19 20 16 8 13 5 9 9 5 12 11 12 5 17 16 12 3 7 20 15 17 20 15 10 15 18 3 4 11 12 17 14 13 20 17 13 15 13 12 16 15 12 20 9 11 4 18 3 4 14 10 5 4 16 5 6 19 18 11 10 6 15 13 14 11 19 12 12 9 11 10 18 9 15 10 16 14 10 11 17 10 4 4 20 15 8 3 11 9 10 16 3 14 14 4 13 14 4 3 15 7 3 10 16 5 10 15 20 8 8 12 11 5 6 16 17 14 7 9 16 5 17 11 7 16 19 12 4 16 12 12 8 4 13 16 9 6 14 17 8 11 19 8 6 14 8 17 14 14 19 8 20 19 13 16 12 20 10 12 10 10 5 16 12 13 10 18 14 6 6 16 16 9 20 5 5 4 13 17 13 14 3 10 19 5 9 18 4 16 16 3 7 7 20 10 14 20 7 20 15 12 3 19 20 5 12 13 7 4 14 12 18 14 13 6 15 16 5 20 20 15 5 15 8 3 5 7 18 10 14 12 9 10 6 12 11 4 15 10 8 6 17 16 13 3 11 13 18 8 14 10 12 13 20 12 4 15 11 12 14 4 8 4 13 8 11 13 17 8 17 15 8 9 4 4 20 18 15 5 13 20 9 19 9 15 6 7 8 16 12 17 15 12 9 9 17 4 17 20 10 3 12 12 19 6 18 7 7 10 19 13 5 17 16 13 8 18 3 19 7 10 7 5 19 13 4 20 10 19 19 11 16 20 20 7 6 7 10 12 20 13 16 14 11 9 11 12 19 3 14 12 6 12 16 4 15 11 15 18 12 15 14 3 4 3 13 6 17 10 6 13 16 7 18 13 3 15 10 19 16 3 5 7 3 12 12 12 12 12 7 20 8 9 13 16 16 13 18 13 18 18 7 9 13 17 11 12 15 13 17 3 17 3 13 6 20 20 14 9 12 16 20 10 15 5 14 11 18 9 18 9 7 8 11 3 13 4 8 4 15 13 8 7 9 5 12 3 11 15 14 15 6 5 10 10 17 11 14 4 13 20 20 12 19 17 16 5 8 8 15 17 19 14 3 15 3 14 13 3 15 20 14 9 13 8 18 12 9 10 9 13 19 13 12 12 12 4 9 12 8 9 8 11 8 7 13 12 11 5 11 12 4 16 13 19 6 5 7 5 11 9 4 14 8 14 15 6 16 16 7 12 7 8 14 13 3 18 5 5 4 7 18 3 19 3 13 9 4 3 4 20 8 3 5 15 13 3 19 19 16 8 5 20 8 6 16 19 17 5 10 6 10 10 6 15 11 5 4 18 6 14 12 14 10 11 16 13 10 18 13 4 19 14 5 11 14 13 20 16 3 9 8 13 10 17 15 9 15 18 9 13 8 20 10 6 5 3 12 3 10 20 3 17 9 13 11 19 6 17 11 11 3 20 13 5 18 12 4 20 11 15 18 10 13 5 4 17 9 10 12 9 9 20 20 7 20 15 12 14 15 19 13 7 9 18 4 10 3 12 18 13 6 6 4 9 3 20 10 16 17 6 4 14 5 5 3 7 10 8 5 20 3 10 17 7 18 11 18 8 5 7 13 20 3 18 12 3 12 6 4 15 11 13 6 20 12 14 15 3 3 9 4 12 6 6 8 9 15 10 12 11 14 8 16 9 19 15 12 7 4 10 15 4 14 10 19 18 18 11 14 6 16 16 5 4 4 15 18 19 3 5 11 14 13 11 7 18 20 20 14 14 9 11 16 18 13 6 8 18 13 17 3 18 19 6 14 12 4 9 13 10 18
273 105
235 68
74 405
631 698
686 499
379 792
148 39
109 548
242 338
328 189
411 27
103 597
717 53
760 88
417 501
676 761
424 455
58 264
250 216
677 271
343 719
116 544
170 796
355 128
263 143
283 548
3 163
679 45
11 507
247 767
780 43
502 23
711 502
346 584
519 70
394 564
672 470
324 296
269 472
710 681
505 199
692 287
205 33
557 569
151 253
174 797
234 715
762 271
311 714
232 777
300 17
40 744
313 392
423 468
210 371
188 397
461 503
633 395
382 552
686 623
502 737
636 704
567 720
740 706
378 178
230 240
348 555
515 421
774 418
271 732
404 32
155 740
9 407
387 683
199 160
597 36
463 794
136 163
131 85
280 456
396 571
627 171
128 582
461 608
569 187
193 502
321 764
466 788
215 240
571 543
186 95
317 405
252 661
595 607
602 750
117 292
746 376
662 334
51 422
91 45
582 377
496 73
484 61
195 349
497 95
91 767
565 437
371 763
134 206
501 377
185 516
537 166
498 156
186 214
411 796
588 59
706 688
757 118
469 244
455 657
697 747
441 751
53 771
788 302
641 440
293 337
17 747
533 514
618 640
441 323
523 469
132 582
216 219
505 286
355 383
686 770
463 596
156 402
428 274
47 458
269 713
231 610
157 63
606 95
704 717
386 274
724 745
465 427
58 235
531 167
567 530
662 564
750 386
546 287
727 189
658 119
2 603
490 166
567 334
427 239
223 397
347 333
560 217
364 239
190 760
101 186
110 557
82 762
743 755
582 505
187 634
689 558
444 166
676 403
287 333
99 638
363 455
465 60
638 99
383 39
384 581
276 226
366 283
170 539
487 56
610 312
290 438
189 130
444 716
152 255
386 719
77 438
505 397
130 771
686 147
139 558
40 262
604 686
435 398
712 417
623 708
333 278
656 789
432 288
670 177
416 501
332 465
259 171
656 272
748 385
689 360
506 324
520 120
383 442
120 138
162 656
466 395
562 282
414 178
109 224
277 434
387 400
541 81
644 562
153 583
661 431
137 645
428 513
508 141
0 345
661 737
202 662
710 42
100 262
325 699
301 532
492 507
296 281
94 118
253 375
720 133
566 719
361 708
330 67
414 398
443 60
625 691
84 323
249 721
189 303
329 250
308 250
632 664
200 496
154 67
168 249
631 664
728 463
360 626
437 66
359 566
338 291
694 288
392 394
506 251
259 51
752 447
277 365
728 613
258 50
291 634
528 568
149 669
91 8
708 454
382 347
191 143
183 57
339 744
575 687
624 42
212 620
410 657
242 766
237 94
213 73
307 46
373 365
707 245
738 751
195 338
2 131
456 330
359 55
33 72
208 421
263 688
313 455
628 734
290 405
410 621
251 728
242 102
682 62
543 757
501 532
111 688
365 512
771 438
86 19
349 258
98 578
40 628
125 391
187 313
50 46
475 680
266 53
206 183
268 606
788 323
415 725
64 501
532 229
578 181
578 474
719 120
332 456
100 177
266 704
557 775
739 181
326 783
85 297
487 739
210 132
748 277
579 314
700 638
80 107
675 333
376 668
400 402
43 445
396 201
763 601
202 221
157 579
131 625
173 764
67 603
20 166
647 37
497 51
369 214
244 156
190 376
517 66
295 426
342 229
355 231
639 103
315 715
56 792
635 615
562 242
498 572
184 493
48 299
678 39
553 445
61 240
386 204
353 383
19 630
269 791
291 489
51 739
312 231
605 532
725 462
94 365
437 45
426 499
779 680
481 763
516 728
54 349
454 364
47 440
303 678
327 774
97 178
729 314
431 79
35 715
720 354
630 391
377 678
299 176
486 256
387 348
528 558
624 590
725 688
251 42
708 718
133 267
181 502
320 91
250 562
524 593
522 696
782 142
473 709
196 137
245 458
272 92
74 252
650 27
323 798
257 495
26 362
542 14
594 432
475 591
338 528
542 440
376 31
496 724
504 440
70 193
673 448
255 157
750 255
355 331
140 253
50 309
287 773
188 644
739 13
492 398
148 466
688 112
763 694
301 193
391 644
684 735
341 775
32 389
123 102
560 248
606 710
57 659
680 142
76 237
653 246
164 542
488 523
241 679
539 127
413 510
674 740
309 154
34 483
645 610
541 197
294 77
558 230
382 26
659 246
300 188
688 368
458 562
193 113
768 444
24 548
28 772
687 151
527 41
343 104
379 523
18 523
597 142
312 108
602 776
584 757
45 487
596 407
104 142
472 389
553 61
423 684
63 258
565 798
713 212
555 28
725 591
596 637
742 623
263 129
348 790
713 529
534 335
597 19
359 502
277 417
350 606
663 689
142 730
409 156
448 327
311 92
545 258
632 464
404 130
440 514
571 513
342 752
395 734
710 604
562 450
268 155
493 58
217 341
161 133
139 597
268 461
535 658
733 88
283 85
432 642
111 27
754 291
157 747
413 524
647 373
53 212
415 374
778 625
783 736
63 580
567 479
188 299
668 434
390 132
376 674
498 741
34 92
234 606
533 491
363 432
470 642
384 709
697 688
57 306
430 306
430 289
729 130
794 759
640 419
339 254
666 554
201 479
26 294
454 128
488 415
59 580
393 626
506 91
385 239
693 145
470 786
395 652
214 187
312 407
38 75
550 798
489 357
10 632
323 9
517 211
538 303
38 494
690 640
323 632
56 587
242 372
760 553
350 18
716 308
747 10
542 250
537 491
794 47
303 379
782 352
538 239
82 445
164 80
53 351
206 377
221 339
683 270
137 445
70 748
254 571
609 74
444 375
797 355
642 702
408 441
16 94
427 34
464 191
324 285
410 656
264 41
48 748
726 549
518 651
593 557
205 318
769 278
364 134
648 323
618 416
116 475
440 703
53 488
441 669
206 693
319 59
561 70
516 664
55 199
665 276
777 703
201 659
248 340
717 310
74 213
158 697
458 480
456 422
727 408
667 348
3 542
415 405
476 261
484 618
156 287
703 198
660 473
744 222
171 602
553 387
577 322
714 383
537 442
757 211
279 713
422 755
521 486
335 239
760 134
640 176
250 97
783 341
516 129
718 557
473 735
573 603
596 559
653 321
712 592
563 129
15 90
790 215
721 124
377 650
385 585
42 588
667 594
189 480
183 656
597 764
700 749
610 324
48 380
445 593
33 336
527 699
475 369
606 498
463 119
632 557
159 765
777 24
677 594
539 413
538 205
785 473
595 698
65 717
720 102
337 478
63 49
665 572
272 568
443 723
385 346
170 450
95 250
782 516
458 684
407 241
100 524
783 591
318 548
337 270
145 586
702 649
767 546
573 416
762 767
767 697
761 271
681 459
107 526
128 275
640 297
280 721
347 296
30 446
54 567
105 202
424 272
79 798
165 448
462 638
439 151
22 455
358 688
127 467
41 217
292 190
348 596
501 503
120 132
509 83
222 429
212 563
481 791
430 3
464 626
708 447
703 11
456 232
455 571
271 475
561 347
493 363
667 612
448 104
276 192
702 216
263 539
29 319
679 317
123 744
83 483
576 780
430 134
211 58
639 291
133 396
263 141
195 650
549 592
76 448
741 106
592 432
569 108
646 408
513 218
350 214
267 424
29 59
137 231
173 370
795 469
200 243
708 370
227 498
99 485
582 447
249 283
456 295
206 327
441 515
466 348
323 725
717 543
69 55
470 37
299 417
605 162
137 443
37 135
73 645
412 489
677 369
341 161
227 238
98 274
748 228
652 90
329 129
335 445
611 245
286 327
90 537
121 317
164 128
21 709
521 786
111 380
577 202
590 93
637 542
617 636
234 565
747 717
114 395
50 54
395 334
288 298
202 562
260 519
423 186
218 355
546 328
272 43
10 706
571 428
491 745
454 559
416 636
359 536
220 369
480 695
129 395
105 134
283 32
694 343
620 366
576 426
540 636
222 106
327 788
98 165
631 677
548 228
510 194
729 125
65 723
409 364
685 216
783 764
144 287
164 751
260 369
14 244
734 125
46 303
96 248
38 317
398 595
475 292
374 216
29 171
791 324
710 31
85 132
770 91
522 90
496 728
400 699
267 585
149 461
24 528
680 531
496 662
767 698
275 751
104 58
166 237
377 439
670 757
285 681
250 563
5 246
8 391
468 406
521 511
600 544
722 243
499 324
204 608
246 546
237 64
744 479
327 58
721 106
290 383
87 34
458 382
371 5
713 200
586 219
651 185
100 351
153 355
597 414
747 81
633 617
444 298
175 231
493 170
507 320
62 305
274 429
240 385
29 77
511 697
405 450
119 352
416 760
91 134
624 278
420 683
441 500
69 684
486 591
792 707
613 757
702 783
664 353
490 164
718 385
193 545
793 183
229 773
682 732
276 216
40 269
705 87
762 794
481 597
210 704
147 141
343 633
239 622
422 443
34 189
37 190
782 655
365 544
289 222
390 694
69 38
432 34
37 20
78 516
506 212
314 296
400 140
258 335
178 601
439 641
604 700
711 724
723 647
685 664
705 638
557 445
312 632
516 242
445 136
26 454
793 512
760 213
20 790
211 254
733 60
301 206
733 747
358 613
345 622
392 371
254 98
798 23
26 796
206 21
628 46
575 569
147 235
318 508
287 696
2 233
192 653
424 476
412 588
182 518
186 134
534 398
440 351
600 534
652 126
343 791
636 286
326 355
775 438
88 659
605 333
199 784
571 21
320 537
699 791
179 149
63 274
254 636
275 147
113 549
700 314
754 743
79 213
395 56
56 173
387 21
501 568
257 357
461 422
454 543
34 300
221 24
129 489
709 17
48 677
254 176
17 755
753 371
756 736
245 383
207 706
521 588
577 389
720 274
169 491
689 774
166 383
382 379
225 561
303 363
266 26
323 291
40 562
29 54
670 358
715 20
129 688
589 363
149 303
202 670
729 248
77 9
17 443
585 303
143 203
795 333
705 447
100 148
184 455
267 36
688 261
787 319
705 158
257 73
552 783
458 371
623 300
741 371
296 775
596 185
406 668
666 733
784 776
675 496
767 251
758 473
657 468
788 384
269 514
374 86
748 203
780 476
563 560
599 127
240 1
16 762
526 306
44 576
339 548
283 628
421 780
648 462
546 46
362 485
468 141
262 217
614 561
646 134
340 520
139 559
545 345
233 451
434 102
140 327
88 557
63 769
710 234
363 448
421 647
761 135
670 498
244 116
755 82
412 171
121 204
121 750
414 5
779 281
125 618
605 257
627 728
292 625
382 666
725 155
335 155
294 759
422 409
479 351
512 93
549 340
683 631
303 671
593 660
392 400
269 537
299 1
29 546
710 728
573 588
402 311
324 403
715 582
78 325
637 148
46 254
639 424
90 6
448 578
624 95
208 127
266 40
581 300
736 273
268 579
333 3
562 480
181 348
152 521
162 240
250 527
240 263
224 755
433 375
242 189
653 154
275 439
64 617
285 514
504 363
521 576
576 303
155 305
775 597
358 91
632 34
799 457
27 523
583 340
427 269
111 369
780 710
514 124
475 524
706 160
480 284
14 735
127 688
656 293
65 732
138 124
227 226
217 694
723 65
405 306
111 622
503 465
176 100
663 207
684 153
520 408
428 244
357 202
639 257
205 612
255 607
751 375
477 25
246 300
723 136
134 223
290 500
796 577
319 530
707 494
717 294
433 764
610 255
443 20
653 792
476 430
13 119
197 789
144 311
250 402
245 289
432 426
403 473
53 322
125 163
636 294
441 665
768 733
146 222
709 140
390 211
17 503
624 204
348 795
565 584
664 379
75 654
574 87
97 188
287 418
639 682
236 357
128 763
136 257
261 253
629 396
478 321
654 656
158 495
315 569
193 447
609 716
409 712
446 717
239 135
721 709
311 509
456 498
634 556
669 22
723 401
688 419
674 484
600 22
381 103
573 667
408 331
52 135
176 702
190 602
262 561
131 450
81 738
403 131
241 714
536 512
796 425
270 246
611 121
178 603
495 61
50 619
529 505
320 494
442 118
158 639
474 182
765 179
616 287
163 228
239 765
262 496
502 347
362 74
678 392
132 128
107 472
262 227
414 666
483 709
658 351
270 697
18 284
335 703
244 74
507 91
231 608
556 323
791 775
485 691
149 651
372 742
143 688
169 246
211 317
2 179
260 491
158 16
170 622
493 560
214 439
254 417
796 424
209 147
197 437
146 419
229 2
649 284
204 351
266 743
46 328
299 266
252 206
734 592
684 119
705 118
503 651
514 716
212 630
102 260
2 749
728 146
509 768
243 51
236 358
440 140
417 42
206 470
88 490
562 471
488 774
160 86
742 723
150 190
712 486
303 425
599 691
749 18
345 750
363 597
708 42
494 637
509 240
570 273
727 212
684 689
185 606
47 86
94 710
278 239
505 537
198 698
95 125
756 223
52 753
447 249
372 220
542 120
157 495
586 93
618 750
183 790
625 465
751 197
639 592
209 116
491 629
408 162
756 243
523 10
577 159
755 25
704 202
521 305
511 364
750 409
211 247
448 323
174 225
82 302
244 648
280 507
389 315
639 34
179 128
671 388
557 34
572 449
69 369
197 561
113 730
465 790
443 112
781 793
145 167
51 593
154 531
222 694
526 777
432 757
482 587
436 248
4 67
795 740
56 202
397 481
596 639
568 420
175 759
306 133
109 483
505 486
758 196
385 620
328 400
693 450
614 398
486 746
444 88
66 501
781 321
621 101
508 584
104 336
587 112
140 24
574 351
293 126
275 358
122 799
309 633
574 468
25 79
499 418
653 762
500 314
168 718
7 299
309 678
195 661
331 684
314 670
115 438
483 156
198 720
107 305
787 74
165 348
3 311
670 81
685 662
380 317
142 3
626 288
42 661
380 295
227 280
236 291
220 129
415 762
8 365
287 61
450 173
778 551
414 340
417 663
537 100
3 654
250 214
765 396
612 782
708 123
444 718
134 190
498 49
761 455
296 381
441 79
364 327
551 692
415 375
140 570
557 51
269 651
101 79
746 129
160 421
420 2
664 769
385 602
103 646
491 760
760 400
224 217
451 87
469 633
102 570
582 131
324 187
616 643
545 2
683 793
148 779
671 487
149 458
68 11
705 741
485 671
193 473
676 312
445 616
281 661
629 567
254 420
674 438
24 266
94 26
740 194
544 333
597 637
417 465
278 646
481 535
757 219
440 542
539 528
81 481
570 24
513 231
488 562
582 247
513 25
514 406
149 230
139 208
720 14
409 746
193 46
92 189
14 471
131 644
564 560
72 640
724 567
749 247
294 330
30 302
635 319
693 102
18 750
677 8
299 511
650 431
505 673
473 649
73 613
25 440
591 363
402 154
647 785
522 45
223 594
222 751
323 370
8 791
324 98
403 614
144 81
23 150
39 558
747 494
589 259
686 507
409 258
138 239
94 719
702 187
38 409
657 435
230 552
708 84
760 434
64 547
325 426
661 588
335 289
280 641
0 309
282 708
617 596
741 122
319 66
697 453
672 617
178 292
328 414
618 370
659 576
51 64
247 743
332 634
625 376
521 641
519 114
654 219
745 536
740 244
229 121
670 541
591 269
10 454
85 221
661 467
527 327
337 755
762 641
711 361
389 243
242 135
775 287
52 308
82 327
323 349
570 447
380 17
439 781
738 287
269 741
202 493
786 644
645 394
379 691
408 609
279 743
179 230
532 233
23 521
700 242
686 376
580 74
357 227
543 347
160 718
62 0
357 30
377 65
470 551
520 413
220 165
664 718
601 123
120 654
127 349
429 467
88 642
536 11
139 740
299 115
271 756
175 117
322 316
703 458
418 380
338 654
329 774
625 443
382 636
633 302
661 72
290 421
456 799
396 794
360 573
436 21
154 264
516 263
393 284
608 671
105 132
179 466
397 254
223 262
272 424
185 498
260 334
265 655
304 464
282 404
499 523
724 352
760 577
285 400
694 750
443 246
84 724
759 113
171 695
48 486
172 191
275 270
128 539
434 432
464 664
173 564
12 694
29 424
282 191
387 575
225 639
515 535
260 786
163 521
394 506
783 237
431 301
355 467
479 762
36 603
455 144
528 712
656 215
198 654
377 626
749 645
751 420
678 533
558 48
434 82
486 569
93 316
77 589
521 444
315 327
180 111
563 454
770 477
219 637
455 552
641 294
648 517
473 89
431 396
769 677
395 758
488 757
769 385
690 432
10 603
169 799
390 397
566 672
744 357
450 488
219 553
696 334
284 452
551 294
339 583
594 634
2 13
29 793
655 115
668 71
275 224
416 668
11 237
203 714
458 394
359 704
133 466
112 5
700 687
677 535
139 234
511 442
208 175
2 132
562 13
39 682
372 639
475 523
131 758
646 161
543 518
770 678
571 20
672 506
61 411
156 58
14 122
560 191
81 548
781 531
330 21
689 0
179 698
773 3
183 61
357 739
668 554
488 167
560 451
194 532
588 333
598 569
82 709
728 109
63 548
341 308
196 71
501 223
215 687
568 149
484 538
786 398
710 313
411 744
60 538
174 224
688 130
663 655
691 455
514 376
484 507
585 669
781 480
391 610
510 380
604 393
151 776
552 399
615 367
787 651
581 318
265 666
282 443
699 384
600 567
508 9
515 465
411 579
50 6
620 753
789 712
624 265
301 325
492 764
305 233
460 0
459 738
306 268
307 269
127 767
176 214
266 502
261 474
283 175
439 760
218 331
142 82
25 67
655 516
185 599
661 179
611 369
719 276
160 321
101 188
524 482
131 408
680 405
321 669
355 121
61 754
617 459
419 233
668 21
70 74
488 426
59 112
456 207
644 3
639 211
281 599
96 104
585 138
517 485
171 356
53 18
427 199
47 303
250 118
555 55
504 491
666 374
748 159
597 259
65 302
522 651
752 277
68 54
133 450
133 441
310 416
358 117
265 502
689 286
365 313
486 74
14 765
468 716
753 577
36 656
678 266
137 113
402 262
113 571
237 414
270 229
54 754
410 350
163 393
216 322
642 548
711 688
605 44
454 506
535 597
758 446
167 419
247 663
300 366
273 554
613 165
250 691
561 116
126 785
74 797
421 781
152 306
132 467
2 502
714 663
234 777
20 192
634 207
760 8
682 214
474 338
383 95
169 313
782 752
437 322
610 413
562 35
408 271
585 719
120 640
3 166
773 406
48 356
353 129
427 238
301 157
140 504
400 312
54 128
73 44
287 789
758 479
725 357
655 496
493 52
352 510
470 751
633 334
31 697
353 367
356 88
94 462
484 51
338 39
481 493
77 495
602 592
204 756
35 163
278 610
297 662
722 341
381 711
612 69
767 287
366 664
332 733
750 485
225 410
575 315
257 192
352 586
76 289
223 578
183 645
768 544
430 751
109 317
145 54
517 94
563 300
248 130
400 208
81 706
124 776
689 323
182 484
654 393
660 27
732 292
48 284
447 28
515 68
631 259
589 144
545 752
459 592
106 142
53 28
272 692
464 221
794 278
245 733
505 186
722 583
43 515
73 219
5 640
131 790
166 447
318 782
113 404
88 680
657 720
137 413
559 23
419 536
240 422
493 141
785 686
162 407
715 572
268 742
741 199
86 357
473 622
172 761
197 393
109 684
415 2
703 569
109 466
498 230
347 523
109 508
316 216
138 197
97 174
798 51
479 189
746 558
512 567
724 1
390 303
788 69
226 143
565 407
596 26
86 781
434 370
508 497
413 124
719 27
125 375
308 750
72 424
633 261
258 419
324 102
711 567
89 738
502 349
247 283
142 139
340 610
121 68
86 737
385 325
125 795
168 448
682 11
614 710
298 798
424 172
166 792
599 741
124 529
395 548
274 606
680 189
345 222
24 435
795 598
273 561
745 405
616 30
753 446
522 783
262 182
765 626
645 114
363 680
255 154
204 545
207 652
137 426
713 493
615 151
44 116
19 524
746 442
519 423
615 654
230 165
688 262
317 706
280 115
611 186
201 693
537 782
479 176
97 750
567 150
83 262
155 96
536 382
6 522
454 766
389 753
366 783
254 591
3 496
222 374
97 731
586 538
96 451
694 192
763 489
542 107
487 316
214 547
344 65
86 460
40 120
404 644
733 431
341 498
9 506
716 141
197 210
675 149
499 498
148 489
108 317
633 696
98 207
436 661
685 306
106 121
11 417
351 640
316 156
47 15
548 20
669 88
452 404
468 112
583 460
145 612
466 344
210 335
723 693
654 163
314 262
311 180
195 13
565 747
52 600
520 693
264 675
116 197
679 84
219 213
482 274
295 271
200 535
570 95
799 689
566 69
284 740
81 774
438 255
791 659
347 463
301 593
713 175
783 598
562 219
697 51
182 538
246 555
732 552
142 230
524 51
572 306
135 407
419 790
440 228
747 336
250 29
703 100
275 21
120 422
388 591
796 259
685 497
710 411
791 548
766 385
100 744
261 330
140 67
677 581
137 38
751 682
247 520
119 473
330 765
245 666
355 181
770 137
513 335
40 683
434 513
393 655
540 796
796 615
317 284
520 144
77 211
649 783
158 642
409 6
756 566
380 649
258 455
165 438
461 481
753 449
527 217
136 128
359 85
710 118
761 699
485 618
318 671
230 726
524 61
324 630
685 382
181 295
91 479
754 489
193 253
462 420
233 362
448 723
753 189
619 672
241 579
321 140
599 252
364 377
366 20
213 617
80 439
35 516
586 419
408 374
500 506
345 707
705 523
731 4
183 290
751 575
104 113
107 774
111 535
440 550
91 392
310 194
14 71
484 720
647 310
793 267
270 11
256 46
432 495
89 21
356 721
452 267
704 332
720 300
268 577
677 750
34 293
25 586
383 596
318 424
162 729
201 443
439 462
203 135
683 261
512 596
260 750
647 46
255 743
550 399
715 342
512 190
723 579
545 455
520 779
312 594
40 391
110 111
193 505
6 481
152 616
257 524
700 389
496 556
456 219
776 274
24 90
190 524
612 236
322 390
796 702
126 521
324 9
289 676
626 459
477 626
647 650
648 374
367 575
523 607
536 39
717 505
63 586
528 389
788 380
283 226
282 667
520 46
61 111
336 433
283 785
736 31
371 764
555 780
252 308
161 557
349 242
103 516
181 692
789 394
227 182
529 431
500 664
276 143
692 573
737 653
39 380
344 641
669 359
37 10
791 575
277 165
771 377
317 622
230 16
775 623
416 125
507 256
384 537
333 264
75 548
192 136
756 745
512 295
738 25
329 589
674 669
505 443
525 699
233 329
25 0
401 160
579 586
342 161
529 686
575 614
9 521
694 645
308 682
363 221
620 694
693 339
720 648
584 44
675 787
636 632
335 306
693 395
720 33
722 20
551 664
476 400
74 614
342 799
52 98
429 13
288 790
538 237
398 331
746 94
795 584
340 287
429 29
659 580
542 733
83 118
353 114
32 215
757 483
143 317
529 516
359 487
774 770
327 101
629 259
574 763
443 318
444 461
433 53
198 115
58 561
296 599
77 277
177 240
229 263
515 369
61 358
202 722
633 600
703 506
560 379
194 618
460 432
403 39
746 550
233 337
433 162
78 211
747 350
668 244
84 610
657 516
538 129
642 558
96 705
491 252
302 196
132 637
658 649
227 274
507 246
662 405
288 428
742 642
65 739
552 41
788 95
422 8
183 106
716 323
195 20
183 53
742 683
179 677
589 280
448 430
639 392
727 670
731 692
16 118
713 742
796 786
750 513
119 573
600 143
420 192
676 171
121 647
635 669
689 356
147 497
510 796
202 416
28 565
374 462
308 791
477 53
219 4
405 202
112 337
30 436
520 269
32 115
299 775
10 716
192 599
556 216
134 499
394 403
518 713
298 398
158 10
49 201
418 517
223 381
556 344
199 684
182 754
60 574
286 655
372 494
212 159
92 73
329 786
241 585
652 287
492 706
716 117
406 52
287 744
183 633
506 24
463 672
132 692
333 161
294 112
719 208
577 376
187 566
605 412
157 347
748 570
380 194
720 683
300 748
226 77
94 753
340 789
400 88
349 619
16 538
491 147
585 444
746 385
769 718
459 476
165 455
716 158
706 264
669 367
731 598
532 72
618 315
384 635
42 96
31 190
281 291
528 192
341 484
569 445
57 154
63 789
442 196
487 764
503 59
387 245
570 108
385 130
296 30
412 291
794 608
635 267
28 666
628 448
382 679
18 653
605 778
447 229
16 447
492 451
259 507
459 12
423 361
463 764
146 627
737 115
127 792
238 128
206 679
432 647
614 343
694 519
373 180
503 792
691 366
210 525
201 101
693 418
299 622
754 636
247 81
650 552
732 397
596 300
519 558
150 642
532 248
54 20
22 348
64 278
144 50
300 568
476 206
125 493
511 611
655 183
691 495
219 425
172 145
771 461
774 331
634 175
187 342
159 128
486 471
681 310
760 510
42 128
200 86
424 73
178 262
774 791
94 248
337 522
759 584
359 387
448 769
14 218
349 359
567 111
752 413
183 191
789 319
287 654
610 517
754 467
638 313
471 431
32 226
730 737
143 796
217 383
501 41
56 163
770 560
99 642
0 766
766 333
169 595
571 348
230 97
754 352
549 768
221 138
197 151
521 95
67 150
244 321
651 780
237 111
636 523
370 81
297 163
644 722
246 153
646 669
108 216
617 215
665 316
711 167
210 72
641 600
557 30
653 168
456 21
322 129
713 21
583 409
3 353
594 512
184 140
203 737
523 526
136 599
319 527
689 333
5 666
188 365
619 81
749 339
344 626
609 642
669 330
637 764
382 209
102 67
114 182
688 75
443 260
566 596
346 205
214 108
605 36
356 383
43 121
128 369
364 781
330 198
786 783
643 456
387 250
210 685
451 792
268 451
755 750
618 494
767 141
306 664
573 320
736 258
556 568
709 695
83 336
454 351
398 330
150 397
307 745
515 436
424 258
272 339
511 85
625 399
254 178
179 703
778 217
218 604
371 387
149 761
323 386
525 797
28 148
76 443
619 687
98 196
413 320
316 243
460 546
790 390
476 197
391 475
699 425
620 72
339 326
463 547
229 126
630 347
568 397
28 343
262 8
567 72
424 381
681 694
185 276
264 784
770 5
100 311
134 726
722 452
23 605
59 551
620 167
174 428
601 215
205 683
239 763
8 570
505 76
64 733
204 239
476 108
733 418
71 201
563 271
132 390
63 496
676 190
77 783
405 445
789 74
230 258
233 420
412 477
390 68
357 196
76 713
711 464
528 155
302 487
760 739
42 222
327 418
348 288
446 209
659 722
256 497
87 435
169 337
627 145
286 689
84 129
555 237
644 752
692 517
29 347
82 529
573 724
573 148
518 653
119 504
429 307
338 733
220 708
159 0
221 486
769 208
645 333
569 709
596 14
162 26
466 39
662 782
671 518
555 724
523 582
534 394
741 174
337 391
314 729
426 227
630 247
561 754
145 206
195 792
457 298
213 220
485 205
680 505
194 101
260 97
461 87
293 507
629 782
72 180
540 130
305 730
417 601
10 387
101 407
501 356
62 378
135 43
634 253
353 475
142 441
548 111
596 268
732 500
798 18
407 716
784 700
371 649
647 612
586 493
448 319
370 378
51 639
151 2
265 155
437 620
484 626
747 410
418 559
92 33
160 424
171 401
7 47
32 335
375 734
300 212
288 776
533 380
17 95
283 477
275 152
474 38
401 353
789 267
709 654
64 355
666 520
337 68
484 502
544 600
626 707
225 556
587 150
303 434
727 739
45 177
472 712
762 228
623 760
321 165
364 798
421 434
508 74
479 379
391 490
260 118
332 646
617 387
441 302
333 178
514 290
414 577
377 73
93 782
149 709
454 41
793 747
6 697
356 741
756 109
407 754
702 754
253 354
646 660
49 606
166 757
701 279
250 715
796 338
343 480
94 687
451 521
52 725
791 285
754 125
654 485
783 365
409 49
30 609
651 413
126 292
365 406
702 524
424 383
615 389
93 166
467 610
411 158
303 0
580 333
102 717
74 105
777 601
104 527
490 151
308 355
750 646
208 40
317 150
94 265
536 703
388 671
667 674
238 793
161 167
540 389
107 189
449 529
566 717
416 535
424 305
106 654
119 628
193 142
472 192
228 119
565 662
45 87
120 440
768 385
125 32
534 226
753 318
764 303
483 723
667 775
43 45
56 68
494 787
359 348
271 74
692 641
518 98
72 385
613 254
85 504
602 153
19 765
21 760
664 623
313 761
438 218
364 432
703 190
766 29
700 650
617 716
720 546
602 42
372 132
627 465
629 227
113 57
218 186
350 232
776 505
364 218
746 248
143 1
597 31
372 162
39 186
609 20
736 187
182 656
86 409
101 89
446 110
228 538
43 738
509 260
125 724
154 547
428 599
112 143
149 216
471 333
412 528
444 641
213 358
116 10
658 471
796 313
330 346
267 145
330 391
752 719
751 48
286 636
352 343
127 314
173 129
623 391
532 754
589 260
647 166
202 505
471 409
249 95
182 246
597 49
83 502
98 62
108 420
204 103
48 60
561 233
420 637
23 558
473 526
749 639
49 128
744 612
507 465
330 799
322 620
763 333
639 474
121 152
516 37
228 456
252 585
267 557
214 40
348 329
336 693
506 405
701 767
13 528
585 450
93 375
268 663
399 268
543 590
39 743
354 39
326 408
166 425
143 119
469 233
728 394
166 176
355 369
631 360
68 626
667 795
740 264
474 602
586 654
505 314
744 227
288 455
442 74
622 533
440 784
318 202
113 147
674 641
579 783
273 195
388 718
95 532
275 417
133 13
423 493
601 785
708 526
300 160
557 211
480 355
297 592
167 684
644 640
398 213
501 667
592 558
406 79
132 418
94 602
387 218
128 338
528 144
345 350
13 496
431 419
450 274
252 41
570 380
181 681
204 588
643 444
458 635
11 626
3 368
796 428
582 689
746 473
335 364
350 514
228 681
621 163
151 736
610 37
377 764
324 347
652 611
256 373
190 454
507 369
509 473
285 234
484 614
332 459
390 794
224 768
559 376
593 354
127 760
627 683
510 669
462 122
102 348
144 489
214 122
98 605
681 477
441 520
337 134
101 489
258 141
228 782
403 423
335 298
624 439
554 488
600 314
561 208
457 219
428 201
617 730
436 183
458 790
535 548
652 666
0 721
2 647
535 52
663 161
732 285
253 33
311 15
610 11
38 616
446 118
786 56
9 110
159 705
135 588
449 221
223 695
590 417
522 509
574 703
374 15
127 114
706 624
474 715
602 326
772 188
412 315
510 456
258 607
615 634
633 188
32 444
251 789
36 625
243 760
261 525
787 243
314 585
433 587
515 300
654 442
429 719
371 583
35 311
65 664
234 460
644 390
683 468
685 96
745 788
214 47
712 336
744 786
434 559
746 187
174 390
574 311
85 34
339 351
773 753
690 6
343 767
794 521
35 194
619 463
738 297
272 754
59 243
619 9
258 295
523 34
272 74
505 87
765 116
671 472
234 54
187 395
0 584
589 718
711 656
284 666
454 747
72 524
147 69
84 361
758 442
658 31
403 601
548 368
194 470
3 555
18 380
642 49
697 348
627 463
678 153
640 158
507 393
616 210
148 286
40 275
15 51
135 101
563 3
195 204
346 399
460 556
234 465
418 792
268 354
796 469
597 705
45 436
13 536
474 526
564 125
746 137
119 447
158 85
506 228
507 696
685 606
57 62
404 634
210 635
775 99
505 306
702 34
779 456
681 175
551 645
375 198
137 222
496 271
219 167
250 438
666 63
466 353
697 778
131 360
200 616
425 22
528 216
464 717
599 414
4 233
740 317
458 215
306 670
754 492
65 753
631 762
16 788
482 687
782 209
451 56
441 220
366 216
388 15
755 164
87 422
364 87
214 7
247 454
195 568
765 135
492 161
621 110
394 172
453 776
567 493
58 278
81 569
290 446
381 773
279 629
86 799
33 312
138 129
535 701
582 590
323 498
329 304
328 663
357 163
169 70
120 47
753 759
479 720
456 604
734 654
607 745
406 671
374 225
794 316
324 482
407 762
768 315
352 107
749 518
645 467
789 280
105 712
329 599
469 586
799 151
424 627
659 189
574 108
134 45
441 130
66 14
301 72
326 676
682 488
511 747
752 303
591 465
745 254
235 199
307 215
753 655
769 252
435 85
543 391
341 133
646 420
64 240
771 489
550 155
647 51
753 391
704 267
729 155
695 40
654 797
597 76
613 141
308 254
40 381
388 454
516 553
37 470
381 661
335 228
776 290
22 203
23 406
590 44
339 660
269 660
471 158
55 272
607 599
719 393
635 465
398 254
696 729
713 227
699 749
788 176
40 135
237 757
497 117
694 633
248 410
194 353
304 239
655 459
712 769
409 263
336 639
743 24
683 144
171 320
281 588
201 792
609 225
743 132
166 252
208 131
444 145
744 582
565 322
490 425
657 183
243 361
776 170
283 713
607 628
97 285
29 496
189 232
374 622
27 168
318 584
201 16
443 120
208 139
628 147
712 8
760 744
695 477
583 29
541 155
13 485
172 113
524 553
574 768
174 47
792 449
242 565
342 442
704 666
681 462
463 154
419 211
778 283
480 73
206 33
553 298
171 106
492 281
132 741
303 200
776 174
780 304
743 183
338 497
420 285
540 285
765 407
515 581
690 266
288 689
35 32
147 429
354 374
345 524
675 708
109 737
672 327
679 431
556 569
38 495
649 313
30 238
567 462
773 126
57 726
571 474
262 371
524 251
718 265
133 32
706 0
471 598
459 768
189 496
118 315
11 206
451 340
232 277
738 713
181 472
26 265
748 588
698 274
79 573
219 25
361 434
152 621
106 620
211 620
388 287
49 30
129 460
595 80
84 750
313 712
407 255
662 392
718 114
236 590
523 666
598 512
383 708
113 196
730 692
416 531
273 354
74 364
209 325
755 473
631 446
269 72
46 36
331 342
253 20
387 123
738 53
196 31
406 149
146 125
145 336
247 575
44 133
213 93
216 672
603 481
556 389
761 6
586 109
792 608
503 591
475 352
629 749
443 261
499 137
520 155
152 105
340 202
135 301
168 558
221 125
428 613
40 169
314 426
185 224
419 784
232 422
300 475
361 571
743 83
53 94
528 560
714 221
784 239
155 408
398 482
665 53
757 435
650 116
201 347
163 172
434 269
120 577
452 63
545 17
740 198
120 457
441 142
304 475
613 504
41 644
246 788
369 461
554 309
746 360
243 201
63 753
330 511
732 392
42 432
589 257
539 301
637 52
245 44
397 111
429 426
24 307
365 562
725 594
284 360
415 488
697 624
13 599
600 126
269 498
246 178
783 346
33 716
222 40
649 7
384 101
548 279
745 497
213 57
705 557
142 85
767 417
92 314
341 188
442 376
407 88
203 21
663 712
492 756
616 727
721 105
688 683
429 495
651 506
755 554
125 568
519 356
499 458
368 767
71 4
90 298
705 316
220 490
444 746
340 280
273 161
586 144
332 593
172 580
648 1
299 3
644 681
786 47
678 45
433 108
252 132
620 760
239 282
426 170
344 601
799 148
504 471
659 452
563 782
56 108
552 749
735 307
269 301
682 131
450 177
540 70
671 424
704 15
551 703
297 703
336 599
721 39
519 290
435 219
457 524
0 715
604 420
614 302
780 404
355 665
251 616
15 558
329 128
197 626
511 740
253 656
327 686
246 80
492 555
389 74
95 31
493 595
498 526
705 560
139 80
29 411
741 209
306 327
771 217
105 277
416 431
168 109
676 693
472 248
779 730
258 172
539 227
17 754
740 112
669 205
19 375
121 561
373 160
0 169
266 398
446 64
370 194
514 246
358 503
472 531
170 200
475 398
11 343
737 615
167 223
509 485
325 569
515 370
248 579
721 196
782 203
491 543
472 771
423 208
24 130
71 36
130 676
515 677
308 95
716 152
618 423
570 655
727 596
414 753
299 700
742 219
372 390
498 105
732 398
69 343
0 254
560 678
20 279
428 773
672 28
250 519
301 607
133 621
538 732
505 409
128 78
410 296
400 607
112 531
580 402
685 5
449 603
726 771
86 508
247 669
31 98
131 166
56 567
799 440
495 561
671 657
155 212
278 412
485 387
376 259
542 463
113 35
650 129
448 95
249 475
667 402
534 125
199 677
588 270
524 776
470 359
493 713
444 427
104 640
492 581
364 517
627 451
333 395
449 563
67 66
330 229
567 658
8 617
705 192
137 417
168 57
654 650
677 696
585 438
551 601
722 176
122 230
643 429
249 494
485 251
471 628
790 593
795 152
437 380
303 44
717 268
444 401
397 577
253 385
781 533
681 670
31 605
198 22
59 742
363 559
743 458
93 593
351 386
169 676
721 290
201 576
319 390
186 547
418 232
174 512
242 277
567 124
777 196
775 725
217 585
320 505
666 324
516 663
292 535
358 584
282 148
324 648
297 788
46 587
689 102
335 229
479 164
675 45
189 40
572 408
737 591
65 135
375 354
70 634
732 489
136 70
291 600
366 411
573 751
46 795
182 619
610 774
201 675
83 20
384 605
533 668
453 740
729 646
537 622
697 760
456 571
258 764
309 163
185 761
352 657
762 256
496 531
277 73
231 597
587 498
304 180
417 251
778 761
540 672
258 759
684 658
428 53
485 560
30 773
34 241
520 67
379 82
53 285
397 413
674 111
392 7
279 130
512 788
638 23
734 397
91 368
316 223
739 327
675 289
553 759
20 115
646 120
256 181
170 782
413 187
197 665
429 400
106 391
165 59
394 308
583 600
356 731
769 307
448 295
665 240
427 644
605 54
551 572
73 114
126 353
275 772
463 79
335 346
503 11
613 258
206 332
306 575
85 247
481 142
220 221
329 412
524 770
348 283
395 147
586 337
783 796
328 174
617 394
669 770
396 737
388 155
686 102
348 690
166 583
586 737
298 124
449 9
661 9
546 554
687 69
352 316
658 604
64 420
368 226
740 545
653 636
460 713
5 439
784 149
473 358
0 698
619 145
224 575
539 297
723 298
143 591
368 61
347 159
618 461
155 523
657 654
755 624
10 87
457 417
689 157
91 75
245 725
128 666
491 304
695 186
796 742
749 581
374 445
218 143
252 61
398 134
319 272
157 500
51 210
407 470
148 619
582 33
497 135
223 771
59 399
756 513
216 461
703 498
59 699
695 672
22 707
471 209
559 278
486 100
126 405
380 544
768 198
361 439
360 251
177 627
673 84
232 165
783 640
793 548
323 537
529 263
182 729
242 285
177 565
292 397
176 753
50 540
486 531
350 272
379 721
289 629
192 725
104 206
600 373
712 618
433 516
341 598
263 450
653 617
511 655
718 537
252 765
638 197
510 408
560 362
121 670
498 698
670 547
696 764
638 584
688 83
142 251
174 669
599 65
420 165
338 60
57 793
176 533
243 713
349 545
342 728
191 111
530 710
508 680
186 170
503 125
75 652
580 607
440 617
751 693
600 775
567 196
58 146
180 44
386 59
468 715
371 771
238 53
320 268
194 323
304 633
523 664
415 301
166 404
534 451
248 537
421 408
96 181
127 623
162 605
563 390
487 460
766 488
430 585
14 414
387 1
638 24
706 716
372 712
192 45
91 145
735 217
47 187
76 493
389 784
491 367
99 53
496 372
410 653
148 563
39 508
262 11
118 702
674 515
526 785
40 374
745 290
752 780
765 136
771 272
437 783
215 342
178 159
774 214
393 704
508 230
536 571
242 250
276 297
188 776
626 735
162 663
678 782
238 689
47 720
723 106
641 119
492 405
321 660
119 442
12 296
86 663
552 678
453 703
375 319
197 538
0 675
246 654
114 171
143 241
611 695
361 338
9 194
337 541
149 77
171 41
694 42
749 144
44 719
276 437
480 451
704 557
252 772
577 307
716 112
759 503
721 78
745 566
101 724
667 195
209 224
713 523
708 118
645 694
313 431
196 61
59 100
600 655
646 786
278 440
695 635
755 498
277 24
288 359
227 286
306 397
467 312
346 373
106 59
249 101
608 290
462 318
417 693
210 323
310 171
741 82
270 618
563 694
142 774
188 271
765 673
63 553
216 453
716 397
106 368
120 320
606 434
456 275
401 227
321 29
616 676
760 787
385 608
778 647
534 407
730 13
296 559
534 138
157 292
593 399
476 210
424 331
637 13
398 387
104 366
353 579
289 596
728 353
776 18
22 389
528 458
697 494
556 536
309 143
718 657
96 317
276 39
418 788
117 779
78 33
559 582
550 707
752 196
627 768
323 250
673 116
279 783
653 35
519 405
286 784
482 646
353 73
618 127
390 291
44 777
551 323
379 589
467 179
677 342
181 303
441 417
261 320
280 720
187 512
140 305
326 34
493 290
455 187
49 389
33 125
707 572
258 646
781 441
518 380
359 501
685 650
741 309
26 771
262 61
462 162
789 731
253 756
62 86
72 93
130 709
605 280
223 668
304 520
592 424
235 657
787 376
438 231
80 185
307 379
555 532
365 518
676 495
473 648
82 89
183 762
361 600
0 627
282 783
288 358
217 561
182 24
245 593
673 549
88 685
49 107
414 776
781 713
455 475
8 601
489 511
676 99
430 10
52 593
774 594
728 710
291 305
429 253
725 1
781 271
599 540
26 766
570 489
630 798
382 298
755 180
262 241
133 530
49 218
463 698
643 112
519 530
672 170
453 163
3 737
41 148
361 300
631 263
251 105
397 672
553 206
98 336
697 269
23 343
740 284
560 395
738 199
183 548
505 27
636 772
274 678
625 289
262 317
111 266
205 565
69 50
681 112
52 418
610 710
468 780
658 527
2 327
673 685
558 729
373 348
289 459
578 56
164 523
301 454
656 387
605 2
328 542
759 249
352 367
727 594
417 49
764 308
147 654
105 308
609 534
503 345
188 95
60 65
634 80
315 661
605 388
658 305
514 114
669 220
196 25
45 454
131 445
329 489
544 428
258 763
550 695
525 565
198 779
216 264
171 708
793 334
512 448
250 198
228 475
329 762
703 743
206 407
721 649
142 708
481 217
366 786
447 342
474 688
712 76
388 1
221 36
378 717
649 364
229 405
708 410
596 195
540 567
258 35
288 488
486 12
535 660
643 268
545 32
562 136
643 298
737 54
291 59
741 345
359 13
790 28
298 791
578 784
238 631
215 88
442 218
511 514
40 365
664 400
152 305
108 724
788 294
248 244
312 797
573 492
708 610
355 256
769 76
706 704
718 544
661 125
653 263
725 602
505 717
464 764
515 415
225 280
458 474
570 786
633 793
395 697
320 722
341 553
294 347
580 797
217 192
315 432
410 255
430 635
188 493
9 689
291 727
231 79
458 489
235 224
328 444
57 120
256 720
288 330
654 54
786 332
555 487
178 715
737 280
134 311
79 346
168 82
356 394
80 280
579 624
779 580
625 569
133 59
520 276
471 244
353 79
29 188
209 239
645 726
420 742
490 149
209 526
545 424
240 65
693 116
200 327
217 54
377 536
307 1
741 773
644 520
466 156
183 537
478 588
333 154
431 246
723 142
314 781
301 799
410 147
55 568
707 696
768 214
539 9
602 81
12 330
35 230
330 713
759 650
340 518
62 428
338 713
547 765
429 701
517 20
5 118
356 181
740 148
225 329
691 760
713 246
507 326
505 32
643 194
676 374
729 118
613 737
492 329
435 674
637 127
595 318
720 182
19 392
536 513
625 400
87 582
296 72
47 342
230 443
124 339
384 549
21 711
757 359
751 229
554 415
187 796
