800 4779 2400
19 20 11 12 24 13 25 5 14 14 5 20 17 9 18 9 7 24 16 6 9 12 11 6 13 21 21 25 7 17 13 22 17 13 23 20 6 22 11 21 14 24 19 25 22 19 25 5 8 15 18 6 24 17 22 15 24 24 20 9 22 19 19 8 9 20 13 15 16 16 11 11 21 12 24 12 11 20 21 5 18 7 8 25 23 19 10 11 19 7 17 16 15 20 9 22 10 10 16 14 19 8 10 10 14 13 6 11 17 22 15 22 22 25 23 7 10 19 13 10 25 7 11 22 17 14 21 24 11 5 5 16 18 14 15 25 19 17 25 10 6 7 24 19 24 22 15 7 16 7 24 11 6 19 8 25 17 19 20 5 9 6 25 7 24 24 21 12 10 19 21 18 24 23 14 13 5 22 20 6 10 6 12 22 10 5 13 8 5 12 5 21 8 6 17 14 24 6 16 12 24 14 6 20 15 5 19 25 8 22 25 8 11 24 16 20 6 5 8 10 13 9 13 19 24 10 6 8 7 15 17 22 14 5 5 20 23 11 12 8 18 13 6 19 6 20 18 20 13 13 13 19 11 16 19 8 21 17 13 10 22 21 15 8 23 11 9 25 5 5 9 14 8 25 22 10 24 13 11 12 15 10 19 22 23 17 11 9 24 19 19 14 18 15 23 5 17 6 16 21 7 14 9 17 11 12 5 21 8 23 16 12 13 13 25 7 5 22 11 24 22 10 12 20 8 22 21 5 25 23 20 14 21 23 12 17 15 22 25 11 24 6 7 22 10 14 21 12 23 16 19 5 15 6 17 12 17 24 15 23 16 11 25 8 14 12 15 13 7 25 11 12 17 18 23 21 17 6 19 22 10 11 6 6 24 19 21 6 20 9 5 19 5 21 14 25 22 7 23 23 24 25 5 7 14 25 12 10 15 24 17 10 22 23 17 23 11 7 15 21 5 20 15 9 6 6 10 9 17 17 19 25 17 15 12 8 24 8 25 24 16 5 17 7 7 9 5 12 11 9 17 15 17 18 18 11 23 16 7 18 14 9 5 5 19 22 12 19 21 17 25 12 20 16 11 17 6 10 14 25 25 24 9 8 24 8 12 15 25 15 14 15 10 17 5 11 5 16 11 24 5 22 10 24 11 18 15 10 17 21 25 25 20 22 20 12 14 22 11 9 10 21 12 20 21 24 17 10 15 9 9 11 11 24 10 11 6 8 13 10 11 14 11 7 22 10 21 25 21 21 8 20 6 17 21 16 8 17 24 11 7 22 5 22 25 24 13 9 10 11 5 22 22 14 15 22 19 20 5 22 8 14 18 12 19 12 8 6 21 21 20 5 8 17 15 7 15 9 10 20 16 20 13 18 5 8 13 16 7 6 9 17 24 12 19 6 22 6 25 16 17 19 10 17 13 7 21 6 5 17 5 8 20 10 8 19 8 12 9 25 9 7 12 22 6 13 13 9 10 18 21 6 9 5 19 7 23 14 21 25 20 25 5 13 14 9 19 15 11 22 22 11 15 24 17 17 12 23 9 22 14 13 17 25 25 11 6 10 16 8 17 20 10 15 23 14 21 13 17 13 23 16 21 25 15 25 15 13 25 12 25 5 16 7 10 17 9 25 18 20 23 20 16 14 18 8 16 17 20 18 14 9 6 19 8 23 14 8 17 25 15 24 5 19 23 9 17 8 20 12 11 15 20 5 9 5 25 11 6 9 15 15 21 18 5 24 17 5 18 12 19 16 21 12 10 9 7 10 16 25 12 20 20 23 19 13 9 13 11 6 6 15 9 25 7 16 16 9 19 25
3 9 3 11 8 3 8 8 7 18 7 11 15 9 14 11 3 7 4 13 9 20 5 8 15 7 17 11 3 7 8 17 9 7 9 13 18 18 19 14 18 20 8 3 4 15 13 20 8 15 10 5 5 7 3 14 17 20 17 12 14 5 11 20 4 12 14 4 4 3 13 15 4 5 13 10 19 4 7 15 14 13 12 16 5 19 15 11 17 14 19 12 13 15 19 8 7 8 16 14 11 6 17 4 3 9 17 20 4 13 4 15 5 11 10 11 13 5 12 19 14 12 15 6 5 13 3 19 18 14 4 8 11 18 11 16 10 6 5 10 14 6 14 13 14 17 10 7 7 8 12 19 4 4 11 8 13 12 6 7 15 7 8 18 12 20 12 18 11 8 13 4 8 3 3 14 9 9 15 20 7 7 10 4 9 16 19 6 17 13 15 8 15 15 13 12 5 4 6 15 19 12 7 20 5 11 16 8 11 13 15 16 17 6 10 13 3 7 20 16 19 19 19 19 14 7 7 10 13 10 18 18 9 12 18 6 9 6 13 17 17 4 9 8 7 9 3 16 3 10 8 20 16 16 8 18 10 4 9 19 13 14 13 19 18 20 13 19 10 6 19 13 11 12 4 15 14 8 11 11 4 8 8 11 6 12 9 3 4 18 18 3 3 12 17 11 3 11 14 15 6 4 9 14 8 17 3 10 7 17 14 11 14 19 17 8 5 18 5 6 4 6 18 7 18 19 10 6 11 7 8 13 13 4 4 20 4 5 11 8 11 10 6 14 4 9 3 4 14 11 9 5 8 10 17 13 15 11 9 3 18 11 15 20 7 5 15 3 6 17 7 20 15 10 16 5 5 6 11 8 3 19 12 5 4 12 9 18 20 13 9 4 15 6 16 9 13 12 6 3 9 19 20 11 12 8 4 9 11 5 19 8 19 10 19 15 4 15 17 16 7 8 5 16 7 10 19 17 18 4 11 6 14 14 18 15 5 15 20 18 11 17 9 5 14 6 9 9 7 10 18 18 8 5 17 15 9 15 19 14 13 12 9 7 4 7 20 10 18 3 10 5 13 17 9 13 14 10 19 10 15 9 8 17 5 3 9 18 19 7 19 17 15 13 14 10 3 4 4 13 20 9 4 3 10 9 8 12 14 12 14 6 13 19 13 5 9 12 9 6 9 19 13 7 20 19 17 10 20 11 12 12 15 4 9 13 10 6 19 7 14 10 11 18 15 9 19 17 7 20 8 5 15 4 9 9 10 11 20 4 20 11 6 11 19 7 19 10 17 17 12 11 4 16 8 20 5 20 14 7 13 13 13 5 7 20 5 7 3 7 17 15 12 14 6 7 17 7 4 18 11 15 5 15 5 6 10 12 17 5 19 4 20 18 11 17 3 13 20 16 9 4 18 14 6 17 13 20 14 13 10 16 16 6 14 19 11 11 9 4 14 7 12 14 20 18 20 19 8 11 5 17 19 3 7 3 3 5 13 15 18 13 17 5 3 14 15 4 9 19 11 4 15 12 11 20 16 5 7 3 20 7 14 9 9 9 7 11 20 7 11 7 12 10 12 9 9 18 3 4 17 19 4 6 19 14 10 4 17 18 12 9 13 11 14 18 4 20 11 14 4 17 10 6 20 18 4 13 16 20 12 5 6 18 5 7 17 17 10 5 9 12 6 17 9 9 13 5 15 4 16 14 7 19 7 12 7 5 4 5 18 5 15 11 12 5 17 13 13 7 11 17 4 5 6 13 20 16 7 10 3 5 6 3 13 17 16 6 13 13 3 13 14 20 17 19 9 7 5 8
384 680
523 324
628 305
577 329
25 158
279 535
9 658
71 745
418 702
101 195
260 576
761 467
731 23
762 662
164 442
436 629
241 744
468 690
184 154
175 401
644 313
636 671
650 473
499 538
406 255
378 499
388 284
621 754
531 606
422 309
721 107
540 633
471 111
690 465
675 217
387 514
649 553
661 611
455 31
765 473
20 378
641 120
152 37
671 321
309 159
142 262
264 91
14 168
693 392
193 719
553 316
503 160
594 197
74 283
570 636
91 748
397 289
662 285
356 261
344 391
655 633
693 94
1 592
61 493
635 440
357 628
326 161
788 417
75 294
515 397
790 587
688 101
403 389
5 617
424 334
51 172
795 604
518 330
506 721
785 778
286 557
742 601
437 740
248 36
453 385
685 781
235 719
618 26
137 360
353 483
253 116
183 111
512 360
263 225
661 246
353 263
732 741
348 768
232 284
373 685
70 489
363 323
468 676
360 390
711 707
477 57
454 693
566 347
675 688
278 90
795 315
19 190
272 415
599 164
523 359
680 212
467 419
507 514
263 357
527 770
464 705
84 547
118 199
27 791
634 419
771 322
708 323
280 370
614 290
666 166
379 515
274 490
26 788
672 369
12 341
718 288
397 457
422 528
60 375
183 309
290 390
62 79
713 410
378 24
176 301
731 75
713 333
137 36
5 528
353 254
43 389
580 786
34 705
212 240
54 469
24 747
181 384
568 235
213 374
72 5
716 158
49 152
762 89
724 62
796 348
393 106
727 656
492 596
535 89
740 543
518 154
421 204
492 29
371 28
316 362
443 129
678 182
84 177
212 616
413 463
526 287
365 303
94 332
579 568
9 685
554 567
750 615
788 378
310 469
127 153
747 760
393 131
685 63
578 76
737 430
105 529
234 92
741 416
434 215
278 669
202 458
753 119
330 392
516 444
471 464
498 774
498 624
774 347
363 388
700 467
315 174
611 726
457 125
84 283
334 713
144 559
539 187
422 704
234 145
463 601
299 768
549 524
275 482
105 391
114 118
519 747
287 799
696 178
783 726
584 60
694 335
170 519
232 331
645 84
355 216
347 263
493 647
322 713
123 197
674 209
262 480
767 378
280 120
452 251
5 486
20 491
377 287
515 102
424 520
767 611
365 643
593 497
336 369
419 677
430 394
468 123
269 791
798 690
720 567
653 307
729 15
326 118
322 454
141 64
266 594
757 595
426 630
586 655
623 31
742 308
616 436
612 324
694 178
664 406
157 358
178 226
356 253
310 387
726 537
700 740
281 216
49 592
752 258
685 376
606 47
113 311
197 257
535 77
31 633
254 502
430 199
269 263
627 40
117 113
719 190
719 620
124 138
87 230
157 55
646 783
391 551
154 774
72 530
746 619
125 64
640 782
660 255
490 617
342 99
177 161
607 339
219 761
363 273
150 298
553 720
87 692
182 404
397 671
76 209
236 133
706 739
770 384
92 115
526 188
20 724
181 445
794 420
514 192
24 99
67 387
790 376
106 495
423 572
482 17
739 484
73 461
403 319
687 506
730 15
657 642
151 173
441 279
79 711
421 185
583 753
587 418
16 755
324 176
690 519
92 178
628 367
236 567
259 657
84 672
765 315
122 437
18 718
768 522
671 533
486 690
343 777
131 61
695 262
207 677
260 649
419 92
273 323
537 491
414 405
742 278
737 787
200 396
478 530
410 683
623 15
444 470
787 292
10 773
208 696
323 530
393 649
632 724
107 584
39 68
175 66
520 298
294 97
89 508
423 573
416 205
433 197
101 669
212 371
620 494
323 544
475 19
37 531
402 731
688 473
51 86
470 542
295 326
746 782
764 357
429 521
342 11
352 304
496 131
702 248
482 384
549 465
470 154
629 599
364 773
92 689
416 411
709 506
136 137
703 593
384 468
450 189
243 793
545 100
669 797
105 786
30 16
50 621
437 766
251 65
108 450
584 408
160 57
438 379
164 420
553 182
23 570
235 335
356 547
208 559
237 452
483 676
430 712
43 472
257 3
111 270
109 472
636 392
786 702
357 563
794 619
581 14
202 67
774 606
710 367
111 354
573 253
128 429
676 456
101 770
641 452
588 462
212 200
422 238
492 285
508 88
597 523
72 557
790 494
590 380
393 683
666 503
274 69
182 285
128 262
285 750
619 40
387 363
668 571
359 76
727 478
736 584
611 315
707 658
8 661
81 219
394 403
616 523
371 765
322 560
565 97
150 414
392 509
624 94
75 45
23 32
603 727
571 284
75 648
703 614
563 672
348 135
477 71
733 111
680 523
60 421
76 94
642 612
471 518
478 793
292 387
494 172
700 7
492 51
133 201
206 566
757 92
601 469
151 425
62 590
237 548
734 100
528 328
385 555
473 542
284 196
338 622
337 230
97 118
357 776
405 705
142 174
15 355
250 194
11 511
249 663
120 475
7 43
359 675
292 482
5 475
453 295
326 437
252 26
673 196
479 385
396 715
322 708
639 546
490 167
648 322
430 773
699 156
607 198
523 419
493 163
674 545
600 791
460 678
221 464
244 314
614 275
213 758
242 409
390 76
432 254
364 180
110 220
646 33
163 712
228 223
724 297
270 90
430 569
461 117
372 560
495 658
174 170
593 408
155 124
212 576
414 790
410 569
11 51
320 312
756 177
394 23
208 173
45 354
44 306
423 40
61 192
553 70
643 388
462 578
73 77
465 405
733 39
178 518
315 44
501 370
609 490
315 646
478 727
780 386
747 257
202 671
740 202
563 774
472 480
518 322
404 526
556 392
765 560
614 525
724 659
309 343
697 312
169 408
176 232
490 456
522 386
698 188
714 155
644 403
358 194
303 393
664 456
449 145
630 154
11 273
411 666
750 246
766 293
736 318
210 489
173 492
387 511
192 170
302 531
436 65
475 415
689 658
342 762
740 185
165 535
149 724
294 185
236 759
289 391
711 214
548 152
672 427
37 112
547 633
544 617
560 713
486 634
476 171
567 125
302 198
215 660
327 261
577 674
243 409
338 269
524 717
194 329
152 612
413 618
48 733
574 736
93 291
340 259
425 30
413 660
141 545
448 481
487 254
709 445
474 160
103 363
518 774
281 118
380 401
505 88
699 277
123 278
77 296
531 293
587 51
34 489
692 720
429 631
572 300
244 543
528 30
88 136
336 62
457 501
179 671
110 736
359 679
83 218
32 408
490 764
376 586
220 356
375 278
722 320
554 263
494 745
684 264
13 627
75 713
21 607
139 343
256 679
314 336
297 145
620 716
263 303
271 394
514 441
144 222
284 737
715 616
687 361
316 772
63 488
332 25
3 397
575 447
587 280
56 98
605 291
288 711
797 610
756 103
717 550
720 242
36 370
297 215
478 575
386 668
277 138
204 341
138 440
156 741
739 402
738 399
463 249
690 335
511 99
554 135
330 716
616 398
794 405
653 725
742 423
338 38
745 238
295 342
268 222
260 218
556 415
55 446
395 695
278 477
140 712
279 579
515 153
556 680
452 754
296 433
118 467
439 28
219 750
790 384
734 641
377 428
608 539
79 613
325 213
73 604
596 288
780 779
527 344
745 260
426 19
473 313
384 355
468 767
266 41
645 701
336 527
403 292
113 693
482 719
201 739
361 288
135 239
179 784
788 359
116 623
764 588
443 497
263 76
380 10
653 758
703 561
611 747
617 662
180 790
152 195
130 641
19 246
289 179
790 274
255 462
524 176
112 467
690 180
365 29
548 608
614 528
228 143
527 348
10 241
331 49
264 153
154 1
208 356
339 383
251 7
212 768
121 224
600 687
284 170
333 466
67 634
494 584
621 556
336 723
503 257
73 85
462 787
526 25
658 299
322 54
541 708
588 519
416 159
78 29
682 670
108 574
150 659
472 54
711 428
321 289
217 641
230 697
94 541
419 486
575 160
389 478
342 384
760 396
757 134
311 634
88 411
175 173
501 485
513 218
468 460
563 75
146 285
18 720
54 658
613 89
228 57
184 613
160 795
369 476
456 134
359 59
16 509
568 508
192 85
426 310
517 338
291 766
341 359
279 89
518 128
524 145
719 440
757 305
582 581
693 128
466 118
759 163
588 12
35 169
435 500
585 710
714 713
398 697
146 218
745 173
544 485
275 559
756 625
519 733
27 492
779 123
750 264
470 261
49 416
187 624
283 28
107 4
248 335
211 764
312 713
500 532
519 613
132 774
185 500
134 35
670 660
646 559
277 398
225 555
28 771
492 127
5 344
510 539
54 562
371 185
781 134
792 665
328 79
451 752
317 641
665 672
237 738
244 648
186 676
409 140
25 481
623 293
636 16
726 260
180 169
488 227
611 776
294 51
511 126
111 477
491 714
406 736
304 306
129 687
171 752
196 569
210 610
483 340
402 172
695 371
523 212
512 590
702 634
213 569
616 310
706 143
651 500
753 9
391 739
164 158
343 456
138 234
599 765
212 25
727 83
279 732
123 367
788 501
37 724
311 735
781 454
86 110
629 366
742 625
472 643
545 127
211 289
633 287
558 701
668 518
673 544
777 557
316 321
176 464
129 509
383 353
797 103
4 137
80 349
179 713
731 334
687 622
621 243
569 247
336 378
180 160
84 586
655 277
152 244
471 255
526 195
579 793
241 295
122 201
213 590
663 733
2 384
238 405
719 632
508 445
605 525
34 482
70 400
115 560
535 273
288 589
295 760
361 17
398 543
85 400
82 279
51 114
470 559
773 605
474 143
221 667
490 80
222 208
649 167
308 83
32 301
11 278
322 178
397 206
717 93
295 282
268 627
760 91
766 557
611 664
362 554
68 6
269 248
758 217
73 21
515 372
348 291
141 727
216 645
448 414
787 651
39 473
585 327
114 687
17 484
245 458
481 484
584 317
322 206
257 628
640 672
425 106
338 164
785 601
235 16
22 276
786 694
5 551
772 657
546 511
582 23
181 29
599 735
625 369
561 135
471 785
691 775
220 131
206 505
244 433
323 426
515 325
506 437
187 643
156 154
495 783
40 523
307 535
423 431
664 394
198 266
509 714
206 722
581 379
385 511
526 367
792 356
241 600
555 520
663 98
187 520
733 662
219 542
599 476
322 632
118 52
598 51
643 740
167 26
390 624
664 515
557 462
637 19
98 146
777 405
458 163
445 763
332 689
277 766
55 674
502 706
245 136
464 117
166 561
595 722
788 714
476 325
538 737
705 144
145 177
662 213
317 449
567 78
772 235
527 292
334 731
378 56
539 678
118 734
340 118
636 474
636 239
192 782
457 775
166 289
701 367
33 322
19 100
374 46
728 556
619 184
761 786
636 168
186 47
78 532
397 788
536 547
484 459
688 668
690 255
483 209
638 682
121 756
86 418
10 82
71 224
289 109
193 651
433 60
433 161
558 787
113 237
654 439
702 715
88 311
496 742
718 255
700 228
395 651
56 0
342 201
713 630
430 645
361 46
565 196
571 20
500 134
629 556
543 332
360 261
489 369
777 323
202 414
744 415
469 741
156 788
243 260
131 371
194 498
402 243
672 243
585 17
686 243
210 436
281 49
184 633
484 413
274 651
0 555
752 256
393 786
374 58
649 484
48 145
223 744
507 149
475 3
586 475
78 278
205 513
131 84
324 646
549 224
228 78
662 783
63 276
613 764
525 672
777 375
402 515
677 350
446 570
658 463
459 165
299 428
123 184
14 464
773 29
481 185
432 20
744 367
785 84
713 382
340 784
165 262
398 47
630 210
777 174
58 685
694 639
403 736
267 721
339 127
795 110
79 757
754 89
190 681
269 401
61 471
747 434
134 240
330 16
165 533
602 564
539 181
349 586
190 749
355 103
360 620
649 412
324 788
369 524
591 436
447 404
6 109
386 72
491 701
691 292
670 793
434 314
684 19
142 259
609 462
92 27
358 560
82 310
122 705
491 151
57 214
87 362
659 414
500 34
561 306
99 148
293 496
420 304
105 547
268 723
320 491
707 759
629 772
45 417
235 472
747 273
28 750
532 307
500 89
446 416
329 368
672 100
4 456
340 128
18 395
161 571
489 537
795 241
694 405
26 274
215 167
545 659
4 476
505 194
202 287
686 781
31 467
1 429
522 579
23 173
755 676
467 592
495 238
604 196
98 686
57 628
798 796
702 198
489 26
791 218
135 58
69 378
28 242
222 566
471 457
230 387
332 351
65 302
53 406
193 266
554 240
609 451
425 614
22 442
523 635
721 60
536 791
301 729
115 771
400 618
678 175
264 145
492 354
505 729
177 129
60 788
118 515
54 33
581 148
756 137
686 727
428 490
276 729
101 265
49 467
478 192
599 557
690 605
50 787
492 477
58 533
10 673
68 642
688 344
351 780
550 285
375 275
246 45
61 423
638 439
541 504
557 236
799 574
298 785
131 115
246 171
63 679
726 244
402 248
271 275
100 755
436 438
683 448
796 538
360 572
697 295
206 679
241 317
517 367
427 426
500 755
400 470
626 602
224 172
550 297
520 475
600 237
647 175
764 135
725 183
321 573
685 773
599 113
48 791
379 50
491 409
174 374
224 279
757 264
25 536
769 130
122 112
234 750
182 605
611 349
196 716
700 64
634 551
596 310
795 678
284 62
356 303
177 244
510 394
717 391
150 568
618 200
26 96
100 462
686 64
380 793
657 34
56 767
63 702
9 157
516 510
403 683
324 538
484 96
443 614
716 744
39 569
692 333
225 427
458 618
90 647
557 380
443 344
459 304
123 720
284 293
194 727
618 410
562 256
596 221
216 634
764 8
792 447
437 745
413 109
526 148
21 345
232 184
744 147
490 68
327 367
218 555
433 9
315 417
243 461
488 718
794 604
737 724
104 761
325 169
473 553
391 608
545 122
173 576
202 175
711 742
78 628
343 667
61 318
201 509
616 748
439 440
447 211
230 695
367 78
769 248
610 549
572 46
437 460
98 431
524 211
314 231
308 782
223 562
698 71
461 794
210 17
173 714
748 387
23 610
59 567
286 299
524 115
730 711
271 660
59 689
245 297
147 34
35 138
772 462
374 280
734 448
717 244
280 692
748 421
125 581
114 308
277 314
84 25
430 698
608 377
333 168
142 201
47 546
398 631
295 204
282 691
648 308
601 641
88 552
411 47
708 561
44 362
100 387
450 132
601 238
299 42
282 442
470 225
17 340
195 678
93 531
269 508
669 645
197 104
2 54
117 506
276 711
292 287
207 320
478 445
312 110
631 299
551 303
350 591
721 126
248 647
242 711
758 429
791 139
646 451
618 5
604 440
375 699
660 328
251 712
384 516
146 782
647 28
39 470
210 60
360 280
105 749
507 573
689 81
42 675
255 489
663 155
211 770
159 296
748 757
767 594
364 299
533 507
491 260
324 404
233 97
505 728
706 382
540 37
444 199
562 619
518 447
436 315
380 695
361 346
144 784
9 69
101 17
747 600
156 625
37 352
475 224
390 95
469 725
644 601
504 722
295 343
280 714
157 583
732 274
353 767
542 526
791 762
479 759
504 57
290 758
319 149
409 278
586 759
671 250
112 205
592 88
270 367
446 696
592 730
770 738
187 654
13 341
75 482
499 132
544 548
442 292
666 25
114 631
444 607
676 226
504 47
761 8
743 2
5 134
715 661
746 553
157 163
140 566
118 399
371 761
176 520
606 317
138 128
83 380
576 61
455 389
506 688
767 756
539 497
521 548
680 106
567 182
132 309
724 510
261 759
776 465
319 113
470 35
368 27
11 338
763 752
231 295
120 258
537 257
143 279
765 229
165 30
291 777
13 456
787 452
60 675
47 121
24 746
504 467
302 626
287 270
348 249
751 544
756 233
29 185
380 293
484 652
99 233
85 681
86 634
713 258
196 375
353 145
795 517
93 76
186 338
309 385
236 552
775 668
410 543
47 312
669 256
270 370
290 495
444 792
715 584
563 103
621 774
604 514
217 434
449 224
230 575
450 597
619 274
461 169
105 729
785 357
617 368
112 476
1 357
393 246
698 747
10 16
690 133
193 504
587 247
658 15
543 659
261 701
742 15
85 342
496 494
386 524
567 651
560 438
545 663
544 240
551 332
162 204
638 259
608 271
605 674
717 639
222 388
340 647
658 549
582 720
111 439
706 191
223 689
642 669
245 319
419 645
411 778
342 143
28 317
28 708
579 139
675 102
326 758
166 523
565 577
17 88
93 100
197 118
77 340
365 722
689 556
734 329
537 781
642 746
481 187
648 604
449 774
314 63
440 700
567 282
12 763
257 661
416 415
755 579
729 380
75 552
249 495
410 600
443 58
552 230
229 505
504 427
679 687
466 558
442 555
167 252
413 512
481 387
39 528
743 587
94 123
412 509
774 22
523 437
728 171
622 28
762 724
604 379
788 362
740 118
8 457
572 171
333 238
367 274
621 43
649 297
612 665
581 110
46 403
99 600
256 288
544 270
389 506
767 373
310 300
310 727
45 547
31 260
408 356
170 547
588 167
270 63
422 675
515 194
353 115
157 757
92 480
521 210
532 148
709 351
0 703
445 15
675 758
726 442
162 562
424 303
68 166
596 238
609 8
787 41
12 483
785 186
794 720
498 21
133 759
72 638
783 584
619 155
721 501
266 147
2 321
724 103
532 620
775 358
561 724
513 334
727 341
523 350
61 660
190 89
432 723
108 630
210 139
592 458
146 190
439 627
86 649
262 736
465 110
102 58
333 482
522 392
619 791
242 676
268 446
404 651
570 543
568 416
266 646
64 155
660 572
232 136
611 491
439 698
294 340
773 312
364 93
633 563
604 332
687 412
462 637
69 119
283 84
558 376
449 434
90 56
265 329
251 661
554 270
697 499
731 170
576 341
593 192
217 204
505 537
546 93
420 589
549 395
242 777
609 208
1 767
362 67
47 648
46 474
734 547
736 262
392 425
17 229
240 380
405 179
162 363
24 384
363 391
445 110
637 724
227 476
108 682
21 330
192 778
42 685
583 211
458 301
32 185
321 6
553 564
384 771
678 290
392 635
117 311
767 604
524 373
727 120
476 626
710 664
750 166
316 432
681 98
331 13
765 92
620 53
326 300
439 685
78 230
344 309
584 244
784 270
371 377
121 626
224 192
435 440
120 414
297 140
112 236
7 155
610 260
672 380
332 179
266 549
89 737
792 121
251 398
643 511
708 134
478 203
442 29
33 297
656 465
780 650
156 35
489 265
514 620
227 131
653 112
777 434
274 738
719 9
768 260
233 664
151 349
438 102
389 578
213 202
787 185
398 72
777 369
632 263
459 768
492 639
584 61
537 728
425 252
518 530
698 774
604 762
226 536
233 346
96 223
250 209
380 762
790 559
10 253
507 521
488 707
66 61
154 483
474 236
49 771
446 384
767 201
124 584
595 354
441 309
272 351
450 1
120 255
157 309
19 267
742 96
341 525
455 236
57 684
222 508
748 73
105 555
22 141
590 102
735 460
80 261
622 59
146 480
797 669
23 425
698 421
64 605
325 640
540 525
791 460
479 535
171 674
377 168
562 407
118 549
275 181
31 191
785 130
209 730
745 770
212 758
314 676
159 236
42 394
739 788
180 524
242 726
429 181
514 529
533 242
331 675
614 564
700 548
178 74
734 409
697 628
774 247
77 492
4 30
137 160
636 569
734 385
758 323
452 33
316 372
132 293
793 41
434 477
488 305
413 719
322 795
628 119
67 301
236 119
777 322
262 428
629 373
489 101
68 512
546 575
658 728
728 225
331 266
520 621
363 475
312 729
313 142
604 92
254 384
2 454
81 400
358 401
708 254
146 338
794 798
186 401
623 178
760 51
169 315
58 683
481 40
465 44
365 485
783 202
736 629
183 619
680 143
194 13
361 779
591 412
687 760
457 247
628 684
613 393
53 544
705 613
312 29
197 767
34 437
417 191
180 232
538 292
561 436
0 686
164 696
476 249
536 514
61 604
340 668
414 744
409 99
724 353
425 2
4 136
382 621
274 755
449 347
73 333
124 227
705 232
512 89
288 140
305 487
295 582
619 640
719 95
655 399
702 120
493 498
200 740
253 710
600 119
353 265
442 635
725 282
201 729
313 480
541 227
552 228
292 386
219 166
529 350
313 442
128 28
457 320
78 712
432 777
46 736
726 37
639 453
387 633
673 677
199 23
398 435
268 644
459 467
395 249
14 649
203 537
3 30
417 270
718 308
16 394
207 107
207 669
633 510
400 593
659 115
778 434
701 609
601 114
190 387
242 233
262 179
66 612
286 655
649 353
646 665
276 591
54 362
545 716
156 367
749 45
130 222
427 677
50 4
53 645
84 634
727 154
711 767
157 579
384 408
363 186
126 637
361 791
188 200
296 460
344 715
712 525
39 275
749 8
384 553
613 230
45 57
514 206
285 783
227 722
573 448
696 782
117 692
136 746
422 205
280 785
540 541
86 78
78 643
690 173
454 446
66 386
230 796
603 320
62 30
170 356
604 760
702 243
783 581
218 34
167 92
533 357
212 355
659 315
149 529
190 164
549 271
602 107
85 535
189 323
103 592
338 361
620 217
161 249
524 299
271 118
709 58
647 51
332 734
432 411
793 276
210 487
624 425
442 760
564 48
300 215
768 547
490 65
91 271
596 134
277 324
700 170
712 451
448 25
428 454
574 783
388 488
419 489
522 361
231 434
339 542
297 597
723 394
335 106
13 501
629 605
671 63
0 224
234 136
257 409
782 351
109 220
292 61
54 692
167 305
364 224
382 186
338 280
224 138
574 600
390 261
631 461
125 795
131 657
719 464
637 405
703 183
565 433
152 273
93 501
653 68
98 168
523 531
554 174
6 449
287 694
52 286
618 307
234 542
411 290
568 563
86 500
712 305
527 764
483 683
392 727
666 40
174 781
392 391
376 558
516 736
532 118
204 770
466 154
675 456
639 127
464 3
88 357
598 342
139 534
112 358
429 255
516 454
446 326
469 644
258 553
445 769
105 463
186 432
152 120
466 23
316 763
9 325
334 510
341 316
573 697
626 369
766 602
377 380
130 281
289 648
352 623
494 517
548 367
777 355
550 320
431 33
589 361
210 287
415 435
232 281
492 604
429 109
566 238
530 641
702 510
203 17
663 776
123 155
559 788
757 90
572 686
506 606
255 195
152 477
570 698
255 24
153 122
599 178
743 767
229 774
137 256
361 367
245 421
435 311
115 482
5 705
184 42
268 778
331 110
477 113
602 456
610 92
402 117
265 706
654 29
633 434
652 402
618 686
556 137
646 330
254 1
439 359
799 198
393 248
765 349
253 605
430 270
756 276
312 392
625 618
57 301
470 669
27 708
317 7
210 111
716 452
629 7
173 501
587 118
221 539
510 140
626 785
706 177
117 797
232 135
729 318
217 48
641 216
685 90
724 20
274 187
701 154
420 551
120 609
136 693
294 335
518 797
253 686
757 236
384 258
210 199
31 272
557 616
674 745
529 784
132 787
447 633
288 208
278 74
113 539
696 4
189 792
193 160
153 522
257 723
684 13
247 134
630 1
96 729
75 316
110 12
578 582
596 80
488 537
224 171
20 559
630 562
739 711
731 787
774 253
681 167
526 671
659 630
446 717
287 353
560 707
395 204
328 705
123 423
664 97
201 584
272 63
676 620
643 604
364 471
271 403
314 493
395 98
367 582
370 633
488 517
279 735
490 150
708 105
662 136
126 756
227 781
622 518
524 573
33 642
761 196
14 286
53 94
363 297
387 419
26 588
302 284
731 335
727 61
538 209
376 780
141 659
635 767
318 646
769 613
495 289
72 720
86 467
437 94
659 420
578 215
567 210
596 325
343 758
774 168
768 287
637 486
489 506
371 597
399 452
244 151
91 172
621 353
255 199
721 794
123 275
588 231
145 765
374 771
616 710
495 456
11 789
515 202
297 633
174 704
629 480
781 695
560 295
44 62
99 290
422 75
580 150
84 397
326 682
29 609
470 4
347 420
41 379
799 226
419 483
592 208
8 488
85 544
161 74
76 549
331 488
400 601
569 676
651 147
783 667
388 579
317 136
326 243
550 193
297 656
484 650
140 399
552 544
59 446
128 87
465 247
653 89
637 707
354 28
627 117
691 377
130 714
424 769
582 567
141 502
198 140
762 2
438 605
738 691
336 63
122 248
453 773
758 283
688 659
632 566
302 758
50 305
75 179
577 733
19 657
523 316
796 322
166 587
460 325
731 93
608 495
233 70
210 601
548 103
796 266
14 153
502 775
121 280
753 130
665 265
368 578
110 483
155 490
555 309
23 692
615 507
421 403
571 6
13 210
746 451
479 379
783 670
712 683
99 460
723 152
556 585
137 80
233 594
530 161
600 252
189 652
516 230
271 70
163 561
294 372
758 168
720 403
13 736
89 635
393 788
698 224
474 235
393 223
586 309
422 169
715 112
217 110
618 394
726 734
608 296
771 598
633 787
734 501
626 357
46 27
679 304
217 161
578 599
154 208
169 62
746 607
317 598
1 116
626 562
292 414
175 497
213 748
42 297
544 762
500 344
508 402
310 148
68 2
708 384
665 716
148 751
529 283
583 351
195 584
26 79
21 232
590 659
207 371
501 615
763 19
172 100
164 332
683 501
606 510
750 347
569 738
703 104
82 152
615 763
663 667
412 517
312 408
705 221
380 745
290 505
189 421
187 479
743 555
173 723
170 729
256 337
284 697
47 246
563 419
273 97
599 457
717 590
239 94
287 308
741 393
39 218
250 534
631 67
353 186
443 2
136 799
628 474
418 545
331 768
658 767
56 222
302 728
202 130
677 170
297 115
212 719
62 294
380 250
33 158
68 414
440 218
591 517
671 460
262 401
561 337
750 27
103 720
723 304
0 160
119 77
534 92
628 293
59 238
281 297
455 370
209 704
792 242
729 305
78 188
45 69
161 563
434 612
542 219
190 699
659 123
720 670
114 745
539 631
384 93
110 103
471 97
505 517
725 204
290 759
16 287
272 438
415 436
224 428
133 226
603 43
565 591
339 307
518 181
68 105
680 516
540 799
641 13
723 65
140 146
189 612
504 418
553 433
579 643
398 690
19 191
347 63
622 366
737 548
663 699
793 165
338 785
428 628
493 544
151 15
68 331
601 234
222 608
147 65
562 503
362 549
276 336
505 96
482 96
14 373
447 272
602 398
788 289
408 220
341 94
777 661
791 573
799 218
7 490
549 577
60 287
60 456
230 357
447 565
226 566
71 188
298 541
146 93
612 397
618 231
215 768
756 196
575 288
223 368
638 25
77 474
545 519
491 274
2 796
200 424
700 671
84 737
352 769
140 62
459 688
730 129
152 349
86 130
144 291
26 553
250 387
22 585
117 295
673 622
157 505
542 224
231 215
131 296
73 158
729 681
761 75
665 629
489 15
167 699
541 721
175 374
369 772
360 8
693 40
318 402
406 206
322 764
765 569
18 622
313 155
45 53
488 155
560 40
782 180
250 179
56 367
64 99
664 568
38 669
358 403
200 701
32 688
127 48
332 358
62 502
323 731
318 368
514 547
472 466
564 42
709 308
620 611
9 192
431 465
703 461
73 775
194 297
71 154
599 10
631 683
596 307
766 105
680 290
606 723
565 699
630 569
771 543
429 484
365 338
127 255
295 532
253 530
480 539
762 696
113 378
648 130
605 379
303 512
638 327
474 600
191 163
750 475
124 135
778 322
25 245
562 197
640 61
233 1
385 173
109 274
319 31
228 602
451 621
518 370
735 335
564 429
702 726
252 554
385 238
265 227
754 398
410 375
549 42
154 770
164 374
680 166
231 484
75 384
244 361
262 799
313 255
751 514
177 267
187 588
645 169
792 317
723 182
358 453
103 86
730 590
412 501
592 340
738 789
650 542
761 481
377 386
555 479
591 773
225 212
262 776
583 106
109 362
430 407
641 200
315 695
51 312
381 507
796 40
472 32
739 750
633 728
328 256
262 163
217 442
400 501
587 432
24 246
512 188
681 606
101 106
15 66
435 279
318 21
56 295
261 530
633 272
531 418
145 100
424 537
263 770
146 217
462 661
596 562
396 314
799 145
342 599
230 771
128 751
79 103
470 609
36 247
126 783
558 201
41 506
208 495
260 489
238 554
662 488
25 400
444 65
41 218
673 259
610 310
545 121
633 297
624 221
787 704
614 247
131 513
424 739
486 216
395 656
706 482
369 418
775 180
93 683
725 116
188 434
89 739
582 376
557 717
718 187
722 91
658 230
443 578
738 483
629 652
230 779
432 531
207 91
215 316
286 333
555 360
455 450
247 778
671 559
572 279
368 614
250 344
636 36
9 776
84 493
778 739
242 450
401 265
175 652
414 701
152 703
627 176
539 399
393 779
36 619
292 335
341 425
354 256
745 240
189 126
521 782
441 292
229 731
89 702
730 265
791 401
187 662
236 295
326 472
558 36
605 13
640 328
284 720
764 295
197 348
115 597
724 750
279 486
203 639
388 419
495 144
391 450
568 160
777 722
154 773
112 590
284 123
313 360
198 562
636 220
730 342
153 117
491 7
227 81
577 261
339 385
60 213
645 683
444 213
165 300
149 173
333 603
40 371
257 459
612 607
725 328
214 512
191 563
773 502
41 522
458 110
215 663
386 418
438 44
580 795
116 771
198 556
141 152
547 796
446 788
108 111
750 419
586 130
30 301
276 26
418 164
41 189
18 578
404 788
564 138
210 317
291 698
199 428
5 558
439 488
735 581
464 360
451 475
360 370
396 770
556 145
470 274
340 527
336 198
411 656
249 194
478 683
64 314
743 527
535 100
305 179
366 480
697 1
117 246
19 200
234 113
304 671
391 538
589 120
591 397
264 380
9 686
430 729
54 386
453 503
344 663
676 261
438 2
549 308
774 180
724 376
435 559
243 760
477 544
701 274
553 249
447 24
446 440
115 320
472 553
202 641
433 597
683 151
228 71
411 173
130 220
111 534
294 172
258 398
563 755
130 111
230 354
123 236
135 94
378 566
123 464
142 744
7 528
707 276
328 254
208 408
351 641
125 453
129 763
622 470
389 632
308 80
422 702
559 100
278 115
301 544
265 678
633 168
442 51
615 617
586 127
673 435
219 453
431 131
277 799
278 646
535 701
27 644
724 573
406 152
144 553
574 720
6 74
424 604
63 789
360 277
41 712
195 269
268 469
93 104
137 215
524 521
428 225
372 11
165 510
752 55
619 713
660 448
60 320
400 373
402 459
156 600
476 92
118 285
602 185
606 2
762 645
438 394
319 151
424 682
546 322
386 794
569 622
562 332
764 292
246 348
798 287
536 484
342 255
502 550
536 541
797 628
542 490
9 576
681 210
715 370
620 548
730 593
31 569
379 268
430 205
228 388
209 664
509 659
164 144
109 197
223 261
400 735
619 671
105 561
628 129
286 93
340 37
473 398
407 744
29 739
236 204
512 288
520 39
36 787
383 502
256 51
512 554
396 312
272 96
788 279
375 567
461 384
543 505
456 480
789 454
664 297
670 235
127 108
208 465
703 757
33 182
788 74
626 367
170 216
170 533
756 343
53 20
48 422
529 156
602 575
699 440
646 551
676 21
561 598
193 16
3 55
502 67
262 463
4 76
257 790
48 662
277 590
254 33
392 456
322 233
723 610
61 402
234 699
79 394
467 401
74 265
309 298
504 460
165 317
453 113
721 84
72 603
585 4
503 665
239 784
343 748
627 446
265 652
279 733
672 342
258 644
97 767
608 740
46 29
515 460
62 327
561 217
165 615
276 620
11 709
313 233
713 357
306 424
573 357
1 240
669 448
309 98
449 189
656 95
132 662
732 176
327 461
602 3
414 627
381 602
747 537
61 169
614 720
412 127
435 542
135 495
128 550
3 591
382 480
578 618
249 513
163 504
558 763
198 564
10 423
351 532
553 207
167 747
118 455
681 519
638 235
404 107
709 59
0 357
430 404
234 766
725 512
333 610
460 481
378 642
679 702
147 481
106 374
445 676
778 688
258 764
231 533
293 296
212 342
556 499
662 716
247 73
437 623
718 228
117 126
433 257
751 621
260 786
68 604
276 563
755 263
343 421
151 687
393 136
65 490
90 665
682 509
318 718
684 554
721 625
134 256
772 395
99 433
368 444
351 392
262 780
660 41
721 506
626 360
781 362
179 267
703 324
351 204
143 791
465 214
481 227
312 395
29 524
330 446
86 748
582 234
447 257
78 729
692 666
672 284
133 446
288 569
194 633
261 764
763 536
595 350
695 350
450 408
18 225
389 454
715 450
84 326
82 270
665 675
472 292
593 397
301 521
73 670
797 534
307 379
622 52
555 375
719 502
529 217
787 163
241 343
0 166
567 793
585 28
289 212
225 182
625 271
736 189
118 98
602 160
488 690
124 434
506 756
629 739
265 46
467 439
773 350
520 605
742 45
166 422
197 621
362 670
272 554
577 601
108 166
354 405
566 297
246 461
284 791
563 236
724 7
715 426
769 164
775 119
517 26
202 141
493 545
358 307
261 232
789 299
389 697
505 560
344 249
184 261
537 454
749 205
47 77
657 214
247 349
35 307
205 157
100 407
495 20
626 676
762 159
773 755
407 47
82 490
176 78
303 138
633 269
654 118
675 488
796 709
313 103
242 485
559 431
245 307
239 117
695 751
646 657
274 378
82 177
131 226
468 272
281 174
763 463
189 432
704 339
9 603
725 477
319 183
257 189
335 253
324 363
168 344
159 229
392 445
236 146
551 159
92 359
135 57
635 16
95 227
685 361
441 693
705 786
651 67
382 759
70 611
354 458
747 304
653 768
92 719
192 176
433 612
324 399
605 593
217 576
720 485
110 134
348 44
443 303
599 180
204 475
797 59
348 443
612 358
562 585
676 439
717 626
90 756
201 430
626 454
189 130
303 384
433 733
471 641
348 182
508 484
272 385
684 283
183 366
450 699
544 486
336 321
435 647
480 571
244 299
401 713
397 15
484 740
557 473
435 314
117 141
721 750
540 455
337 96
717 233
560 168
396 687
510 271
142 468
87 170
555 124
392 212
428 408
414 265
113 741
268 671
704 309
745 317
272 224
113 371
2 84
761 752
13 442
558 515
738 726
304 525
631 222
490 694
778 639
706 732
192 135
40 540
396 557
536 713
86 145
626 44
619 657
439 542
404 171
150 502
389 541
530 318
476 265
359 546
123 268
59 682
638 490
7 622
778 368
243 586
123 59
155 183
60 605
345 206
168 478
171 329
454 367
389 725
506 191
647 131
171 183
161 28
250 537
164 169
256 643
371 580
159 554
387 172
123 569
446 748
340 408
357 195
209 442
258 496
366 199
380 487
738 455
365 146
61 248
227 490
232 753
739 777
687 17
376 97
496 502
310 464
515 33
638 769
292 710
223 3
718 155
408 658
463 278
691 15
152 514
498 186
709 39
176 412
438 725
765 174
558 513
705 512
222 740
80 366
26 768
556 87
6 404
622 65
454 250
555 154
644 166
508 293
728 138
152 157
343 655
544 793
378 781
579 791
389 656
193 698
655 113
708 253
492 592
293 651
621 641
686 435
643 210
605 225
129 495
745 548
40 710
203 233
32 663
416 467
297 68
375 785
681 621
159 129
150 435
740 231
105 408
213 461
567 726
583 483
692 559
460 480
54 51
762 412
798 466
797 515
794 468
54 180
39 48
406 687
51 431
194 1
547 669
486 448
140 187
98 626
578 776
697 101
9 428
533 751
61 125
419 106
505 768
749 570
240 485
155 127
292 624
650 587
275 532
467 3
230 560
333 43
718 437
697 491
647 169
184 388
532 213
733 539
618 336
222 254
277 396
407 533
119 464
470 105
654 89
590 726
725 487
290 430
358 541
240 286
172 319
506 658
461 124
410 97
353 224
577 204
479 703
162 542
418 487
733 297
205 685
379 63
528 81
704 133
222 374
128 329
395 127
385 10
1 134
457 353
91 679
754 274
356 615
213 487
390 143
55 249
212 341
96 666
768 431
710 439
531 195
351 782
224 599
574 732
174 691
77 395
234 339
212 460
614 370
173 511
533 149
767 716
75 27
291 85
94 537
329 314
36 442
724 156
203 610
756 401
322 112
701 411
115 612
569 197
251 3
561 363
259 411
341 565
465 83
307 477
669 493
83 732
500 284
482 282
463 308
616 422
635 448
646 688
677 749
594 708
229 417
112 643
699 768
308 691
588 32
456 303
589 631
271 278
519 770
779 583
249 628
798 235
229 338
61 65
347 282
272 327
684 732
114 559
285 112
571 16
236 328
335 251
575 620
9 301
386 407
340 372
595 124
232 568
775 527
798 773
707 435
730 460
101 422
16 400
494 600
523 233
67 442
583 755
364 236
461 301
232 776
535 777
573 262
689 756
568 657
563 39
757 425
36 312
477 418
453 631
381 778
384 233
44 574
119 711
96 501
167 519
501 544
493 220
684 489
251 613
408 574
170 610
541 352
480 562
685 788
228 304
664 564
450 586
429 19
530 478
417 673
438 591
21 294
494 644
798 501
218 341
298 273
317 680
760 630
357 583
187 594
713 531
583 51
685 121
715 384
259 302
194 360
692 603
313 568
86 787
75 160
162 709
270 274
727 400
624 124
443 787
338 321
36 55
251 150
579 599
428 16
230 606
480 772
348 470
214 181
479 785
243 759
286 139
369 347
336 577
53 308
81 460
773 49
101 605
73 408
291 193
609 225
633 646
210 574
19 173
68 646
32 597
667 433
635 241
533 303
600 479
581 204
490 522
731 627
703 712
179 703
618 301
271 656
450 295
179 162
366 221
416 426
208 345
631 450
188 550
671 737
684 56
621 167
541 103
515 462
739 606
117 580
226 545
395 378
606 360
744 99
13 496
161 173
303 651
758 614
633 598
288 143
727 175
22 323
494 117
419 617
103 139
236 649
173 602
696 455
171 495
299 465
663 737
30 686
204 656
209 45
682 277
159 364
16 383
396 523
595 150
621 528
717 405
46 331
223 70
491 75
40 28
330 543
438 184
154 464
229 459
612 708
748 311
322 267
281 190
573 544
511 768
209 727
37 128
663 255
94 525
491 569
566 692
492 624
40 336
290 179
36 97
170 742
699 44
549 101
532 747
596 740
473 530
347 778
34 557
783 72
380 362
648 164
799 624
403 758
26 67
340 724
220 737
237 741
83 281
400 287
703 628
695 521
105 509
675 747
109 688
176 489
365 645
335 348
218 506
198 290
189 798
257 720
648 764
46 526
412 742
183 545
286 534
383 334
759 148
58 283
345 472
409 755
463 763
169 348
133 326
67 439
384 532
126 119
566 155
522 9
142 193
120 521
66 789
672 287
574 786
698 517
309 605
120 225
299 687
0 10
484 550
513 339
190 451
687 7
560 6
600 587
176 590
577 565
255 78
296 26
269 228
676 76
673 105
550 244
262 603
618 40
498 50
554 708
797 151
51 355
626 15
52 351
447 668
313 130
612 176
410 58
337 402
478 219
701 713
554 339
46 217
298 102
455 330
477 112
198 464
13 381
66 338
247 768
7 596
759 45
62 374
709 542
614 704
141 205
541 696
435 580
749 169
551 566
558 131
513 148
67 46
250 63
60 133
122 765
698 492
568 12
331 623
677 185
728 288
301 170
314 524
392 566
424 340
188 276
12 361
258 492
541 681
420 21
688 774
475 532
56 383
748 596
235 620
110 716
139 569
542 163
122 493
308 655
74 58
721 772
522 680
577 220
635 26
654 528
329 224
57 30
218 343
538 438
231 791
331 629
250 34
252 529
736 10
154 705
367 174
603 692
731 212
6 741
652 325
71 310
133 67
394 691
746 482
562 703
260 215
46 780
205 393
522 668
563 511
747 412
508 560
47 108
686 782
789 290
321 778
352 4
617 429
636 616
738 277
435 150
264 666
66 252
733 306
258 593
442 556
207 774
773 149
373 338
374 351
351 287
92 422
307 243
508 215
489 468
0 544
68 413
130 521
552 625
780 697
180 417
82 252
531 778
256 686
114 238
191 431
291 302
527 382
53 575
774 402
84 738
697 560
318 102
610 765
344 460
122 564
352 369
48 243
191 528
779 771
308 466
763 791
125 102
229 197
434 283
392 101
115 458
799 371
345 312
591 411
305 402
194 146
474 421
9 508
703 181
791 288
442 788
688 553
238 608
427 661
313 382
319 5
435 376
493 678
360 66
555 523
417 405
340 24
410 221
126 4
147 471
330 260
719 699
130 650
667 424
689 245
309 221
330 503
555 744
84 600
723 259
668 150
228 200
49 428
606 726
238 197
485 780
274 685
623 652
484 248
657 518
102 53
215 481
699 700
743 258
108 461
393 63
561 25
129 425
168 34
700 466
451 329
339 648
542 636
464 553
92 381
444 594
88 674
434 181
380 741
763 601
709 277
209 67
372 314
174 341
777 361
42 391
538 9
264 725
567 40
206 377
356 742
499 547
633 511
673 234
650 704
600 217
305 18
79 500
72 586
749 355
501 34
165 10
682 676
795 452
596 752
417 421
144 565
688 193
239 297
255 417
197 496
403 784
685 112
785 627
680 215
587 388
693 423
197 81
764 56
494 341
516 114
558 447
226 456
358 675
779 640
148 757
307 570
631 79
5 687
43 349
655 456
62 188
3 507
28 572
490 553
325 118
773 258
753 563
479 766
123 458
304 303
644 281
663 87
75 318
158 641
781 356
334 54
677 722
508 604
63 436
485 309
323 602
522 706
684 641
149 84
745 430
369 131
33 181
43 442
317 276
527 207
686 553
160 98
5 454
67 641
301 403
208 706
31 770
488 233
598 17
515 700
120 218
628 623
352 83
762 338
491 269
539 300
543 521
171 59
364 254
341 171
443 36
566 167
420 499
100 468
664 790
473 262
733 648
246 462
137 275
275 552
103 58
716 720
705 566
714 44
443 107
468 624
414 452
519 711
461 289
271 307
75 174
215 712
575 313
202 519
325 773
287 740
13 267
541 663
433 149
684 456
295 226
791 337
778 194
766 514
223 163
142 440
510 529
57 655
0 32
341 743
157 164
86 777
532 189
304 192
576 244
640 716
536 360
638 286
254 31
107 367
605 685
408 47
252 43
666 319
190 122
603 621
132 432
308 769
556 559
15 571
126 575
636 178
580 463
634 301
87 298
302 701
88 188
198 729
630 400
778 558
525 229
125 764
219 217
791 756
363 579
345 670
447 207
528 759
574 386
721 106
393 740
159 517
722 708
82 708
320 256
547 313
395 87
726 99
321 747
25 271
540 263
58 233
766 677
281 144
591 132
109 161
631 258
259 153
588 410
630 331
717 373
446 535
658 330
787 545
34 778
128 750
664 7
560 224
293 616
583 547
519 34
777 364
731 649
141 796
174 656
547 571
584 531
269 99
792 101
664 637
183 472
317 304
774 60
699 577
438 48
457 176
78 277
194 404
188 670
367 393
156 710
739 642
411 9
333 294
309 741
148 624
113 361
451 624
28 508
298 626
255 730
785 376
504 486
689 280
670 285
204 212
369 255
204 700
41 384
39 650
713 679
461 52
364 463
442 662
328 396
559 279
768 766
591 362
735 244
537 243
525 270
71 766
619 758
249 85
59 254
215 738
348 393
77 736
262 551
50 466
581 724
