800 4782 2400
12 17 15 19 24 18 15 25 5 6 10 17 23 20 22 11 13 8 9 6 10 5 14 23 10 7 10 12 12 21 18 22 25 17 5 7 16 6 8 19 9 11 10 9 23 22 12 24 22 17 22 9 19 8 9 6 12 5 19 25 18 25 23 22 20 22 16 15 14 22 6 21 14 25 14 25 8 21 15 13 19 17 7 24 10 20 10 24 5 5 20 24 8 16 6 22 11 19 23 21 5 23 8 21 11 25 5 24 17 24 22 25 7 17 23 6 15 11 13 6 23 10 25 7 15 17 9 7 19 21 8 10 16 16 17 8 10 16 5 17 19 5 25 9 18 20 7 16 25 19 20 8 12 11 20 19 13 25 17 16 23 7 15 23 22 24 18 23 5 13 5 24 9 16 12 20 25 25 12 12 24 16 19 19 14 15 14 23 22 7 23 18 22 19 22 10 21 11 19 6 15 9 5 25 7 21 11 5 9 7 10 16 10 20 20 16 6 15 21 20 23 25 22 8 16 13 8 19 15 11 23 16 25 20 5 8 7 25 11 25 12 6 11 21 18 8 15 20 9 7 19 7 14 11 6 16 16 24 20 13 14 20 6 13 18 15 10 24 24 9 11 17 8 11 19 24 25 11 20 6 17 19 22 25 6 18 8 12 15 8 9 5 9 6 7 21 22 21 13 20 11 16 19 18 23 12 14 16 5 15 25 23 10 23 9 8 9 13 14 14 8 21 18 21 5 5 18 8 14 16 10 18 15 15 8 9 13 22 5 22 8 18 8 22 16 7 6 21 10 10 18 5 5 18 10 16 23 23 12 5 24 25 24 16 23 14 11 11 16 11 19 19 20 25 22 14 13 21 20 22 5 14 15 5 10 6 5 18 25 16 23 24 13 22 23 20 17 23 23 8 7 24 5 9 12 7 16 22 14 18 5 10 17 19 8 18 14 8 5 8 13 18 15 7 5 9 14 22 15 8 16 12 24 11 14 15 8 6 16 5 9 20 8 16 7 14 25 21 17 24 22 16 8 14 25 18 11 7 8 22 5 16 23 19 6 11 20 6 15 20 16 10 18 24 18 11 24 8 16 10 12 12 24 8 5 5 12 9 18 15 8 13 25 14 11 5 6 9 10 25 18 24 10 24 15 18 13 21 22 23 25 16 5 11 21 9 16 7 13 12 24 9 18 6 18 20 25 17 25 6 24 17 25 19 16 19 17 12 17 23 7 25 20 6 9 11 11 13 22 18 7 12 8 18 11 10 16 10 15 12 7 20 20 10 25 17 23 16 19 21 21 7 16 23 18 19 10 24 5 19 22 15 25 17 16 12 10 12 13 5 10 19 17 17 21 13 11 8 18 11 16 6 23 18 20 10 18 18 16 21 18 10 13 5 21 5 13 8 20 5 13 11 20 9 25 7 18 12 17 23 13 22 12 17 13 9 17 25 25 13 8 10 11 5 23 18 19 14 10 16 25 12 15 6 25 24 18 20 23 15 20 11 25 19 19 25 16 23 20 5 24 11 22 18 22 19 23 5 23 16 13 25 7 7 6 19 5 5 22 16 7 20 23 14 21 23 10 8 9 25 14 19 7 15 8 19 12 20 6 15 7 15 5 15 16 5 19 24 6 18 23 10 20 20 15 8 6 23 7 12 25 25 9 25 22 19 9 9 8 20 19 14 17 10 15 16 13 11 16 8 24 8 7 5 21 8 12 21 8 10 21 5 25 20 13 8 6 18 16 13 25 10 16 6 17 22 7 25 24 17 17 18 22 23 16 16 5 8 7 16 9 7 10 21 17 6 19 12 13 17
3 15 4 6 7 16 8 19 13 18 12 5 4 13 10 10 16 5 10 12 6 10 20 5 4 3 6 12 18 6 10 12 10 20 7 8 19 9 18 18 4 11 4 12 16 16 9 20 13 4 8 9 11 4 8 19 6 10 14 14 11 14 7 16 19 20 7 7 12 11 14 13 12 19 11 9 17 4 10 5 5 20 3 4 20 3 11 10 5 3 6 15 7 11 9 17 15 16 7 19 10 18 12 13 16 14 20 6 19 4 12 12 15 11 14 13 7 19 12 20 15 13 16 6 10 17 19 17 14 10 13 13 9 18 6 6 4 20 6 5 17 13 5 19 14 10 19 20 4 9 15 13 3 10 4 14 4 8 13 3 9 8 16 19 17 16 10 7 4 18 5 10 12 5 6 18 13 9 13 19 19 6 8 5 20 18 4 6 20 8 5 19 3 19 11 18 6 4 15 6 19 17 15 3 5 17 13 8 8 16 14 4 17 7 13 20 9 14 6 5 3 20 13 19 11 3 7 20 4 9 7 9 19 17 4 6 8 7 12 14 19 8 7 15 13 20 13 12 12 6 19 9 5 11 20 13 14 13 4 15 9 12 8 4 9 4 15 6 20 20 11 6 13 4 19 11 15 16 4 12 7 18 19 12 9 9 11 15 20 8 20 4 20 4 18 11 11 6 20 19 9 19 6 6 5 13 11 9 3 10 4 16 14 10 12 3 18 8 8 8 5 7 18 20 15 13 14 14 3 8 15 13 13 13 10 9 3 13 17 19 16 17 12 11 4 16 10 12 16 3 13 8 11 8 15 11 4 18 9 12 9 13 20 7 9 8 20 16 13 14 18 14 6 18 17 7 14 11 14 20 14 11 9 9 8 15 15 6 12 8 9 3 5 3 9 15 13 3 9 17 5 17 14 3 12 13 9 7 9 16 16 19 13 5 11 8 12 4 17 20 19 11 18 4 3 9 12 9 10 8 13 19 16 8 10 14 19 9 5 5 16 17 14 16 6 10 19 8 16 15 10 18 20 10 13 9 9 20 5 3 17 17 6 3 6 11 7 17 4 19 11 15 13 18 9 20 8 10 14 9 7 19 17 18 10 19 18 20 19 10 10 4 19 9 19 10 4 3 9 11 14 12 20 20 4 20 19 7 6 8 8 15 12 14 7 9 6 18 4 17 9 16 19 6 5 20 13 13 5 14 7 13 6 17 12 13 4 13 4 16 11 4 18 20 8 15 15 16 15 7 20 20 8 16 7 16 18 13 7 14 6 15 18 12 16 15 9 17 4 15 18 13 8 11 19 20 15 18 17 4 6 12 9 20 8 14 14 17 7 18 16 15 17 16 20 10 3 6 11 12 13 10 4 6 11 20 5 6 3 12 17 12 3 9 13 10 17 8 13 9 17 4 19 4 3 20 7 5 9 10 11 6 20 7 20 16 20 17 3 8 6 17 4 11 16 12 4 11 10 12 18 10 18 13 15 10 5 9 13 3 6 4 20 18 3 5 11 5 15 6 11 20 6 8 6 13 8 16 19 4 8 9 20 15 19 12 11 20 19 3 3 18 8 19 11 5 3 7 18 11 9 15 17 12 18 18 16 4 17 20 12 9 8 9 4 7 15 9 19 19 16 3 7 11 12 13 12 16 13 17 11 17 5 8 14 14 12 15 19 10 9 4 4 14 17 13 18 9 20 16 13 18 17 20 10 18 7 5 14 6 6 5 17 15 16 4 4 8 12 7 17 4 7 15 16 11 6 14 5 20 5 20 5 15 5 20 9 15 19 10 18 20 20 10 18 3 19 15 18 13
29 587
203 538
755 301
22 663
480 43
380 266
728 450
187 594
579 255
160 314
478 447
725 749
484 624
256 574
628 346
556 67
235 462
113 327
608 737
142 96
352 600
747 61
686 476
262 667
186 584
3 237
462 494
485 350
249 305
618 52
9 568
620 116
374 452
522 405
668 6
761 689
114 208
519 588
754 501
144 416
96 309
765 332
555 543
569 745
586 332
591 767
741 70
783 333
754 222
158 494
30 639
77 24
598 147
202 630
334 593
508 259
673 609
146 434
773 761
611 676
183 291
546 443
94 278
333 28
224 361
260 764
621 262
609 633
677 265
455 77
520 671
628 420
411 513
439 22
59 127
172 199
370 529
793 540
411 201
190 569
590 467
464 600
628 206
272 113
585 182
396 718
152 588
214 12
526 557
202 649
406 516
473 21
169 327
313 488
430 271
634 112
146 206
275 366
718 349
250 341
41 409
310 256
11 38
711 650
460 485
678 675
62 304
531 596
498 731
541 723
307 6
226 500
238 197
758 725
512 243
303 232
650 121
542 62
720 515
328 468
311 355
238 576
168 486
178 281
103 54
270 128
37 54
601 37
168 531
330 456
592 621
434 790
92 435
393 720
222 240
129 747
83 266
694 286
453 499
405 14
770 229
108 672
251 345
220 266
250 663
39 494
348 354
741 184
676 452
14 386
382 63
608 196
613 472
471 571
620 216
586 214
58 95
316 669
372 42
68 599
115 231
45 649
137 80
700 366
157 7
561 711
313 239
260 271
96 177
550 371
747 52
708 458
121 634
544 603
700 541
680 186
531 95
384 645
457 193
502 440
517 619
263 795
7 312
342 129
39 725
653 413
515 330
369 55
307 271
799 698
355 283
60 187
383 227
330 545
269 759
755 275
620 611
400 65
787 655
761 250
594 649
721 671
99 638
333 528
571 715
97 17
147 360
435 754
435 233
380 657
349 646
327 581
164 733
259 299
474 22
523 472
168 210
578 169
10 304
538 457
87 584
525 751
7 49
583 551
673 113
581 795
85 662
252 392
476 314
46 337
656 160
574 470
446 333
532 538
347 175
232 221
257 715
512 759
433 747
391 649
162 140
259 385
227 610
664 714
492 798
175 343
143 35
336 250
148 138
67 734
188 575
178 387
428 745
229 398
24 25
451 660
377 601
134 367
19 175
145 771
526 608
522 151
389 25
311 754
699 744
723 470
614 744
312 62
355 786
357 445
409 456
64 697
298 413
694 766
321 75
44 506
398 280
775 683
471 120
289 658
97 516
458 727
536 568
464 743
22 389
207 487
3 83
12 569
382 693
256 267
66 36
715 464
182 708
95 273
692 626
467 564
160 475
230 123
754 345
270 337
575 591
274 131
328 719
148 583
670 292
739 645
285 194
104 409
235 792
770 516
668 316
59 301
774 713
416 8
97 207
62 362
551 511
498 32
670 330
292 510
710 740
326 78
63 499
244 334
731 204
187 369
634 428
608 321
473 625
323 771
174 569
141 639
352 238
559 43
8 597
29 422
90 229
533 589
580 210
373 540
333 377
259 51
479 191
138 427
166 370
10 559
341 703
190 393
301 241
265 119
343 464
120 498
386 514
423 221
276 308
605 88
229 716
713 258
556 354
677 264
469 293
343 408
675 540
251 104
504 355
40 657
749 218
98 669
410 244
505 617
691 5
273 374
175 143
211 186
321 277
412 217
383 162
137 8
141 39
749 358
454 745
560 657
351 674
305 647
721 69
652 504
659 77
494 38
747 769
90 717
360 84
532 742
737 202
309 490
348 617
694 539
218 276
48 750
554 451
393 196
454 446
404 774
260 792
601 9
119 758
192 9
4 232
103 658
452 379
123 718
92 728
684 696
731 234
665 262
384 303
781 597
162 486
632 610
601 112
104 615
495 373
172 325
740 707
291 234
514 583
444 761
366 297
470 273
498 376
248 158
3 165
532 554
535 267
107 486
224 353
38 143
329 685
415 422
621 466
539 382
397 711
443 678
583 353
579 117
754 67
323 259
316 425
343 637
496 292
314 194
294 401
557 738
725 476
471 762
74 404
360 382
527 412
762 28
175 508
97 34
80 29
600 199
686 64
131 252
404 345
317 508
708 578
418 93
286 613
112 201
471 131
253 711
137 584
712 420
405 94
711 719
306 436
294 360
623 743
700 330
33 460
52 219
239 376
530 596
436 624
172 521
650 157
610 79
791 43
36 764
762 506
680 792
34 750
257 180
17 479
105 786
437 622
184 185
547 406
320 239
384 404
13 554
304 763
617 340
511 622
132 39
223 92
312 597
298 174
34 500
11 353
139 0
392 345
547 32
44 583
541 790
406 256
8 704
385 242
52 293
182 534
610 292
299 238
173 558
586 761
258 752
541 112
105 151
560 636
556 579
40 306
756 330
739 207
528 412
6 496
98 568
359 378
770 438
193 631
769 575
571 594
91 358
234 581
699 201
520 561
380 127
538 649
148 243
674 151
290 694
622 670
686 353
302 176
29 243
228 470
10 652
494 778
551 157
398 311
99 460
274 275
300 125
407 327
415 520
189 143
147 237
722 328
110 415
745 320
523 797
710 141
85 32
727 263
445 588
145 138
557 391
401 102
636 109
99 656
395 426
771 582
201 52
361 252
268 728
529 503
18 700
39 662
428 497
295 178
360 441
642 688
719 244
107 518
780 662
397 275
477 510
683 234
539 617
162 736
265 657
404 633
53 384
555 340
709 254
589 235
737 277
43 771
175 547
598 615
576 365
473 416
713 512
133 757
6 756
196 534
459 328
449 251
600 116
791 777
53 502
309 794
111 579
233 204
217 728
535 329
230 60
593 522
678 448
99 262
7 585
325 182
264 167
451 14
490 370
35 325
508 147
575 590
153 629
652 599
751 303
577 123
17 702
262 241
450 564
292 280
200 41
589 109
522 90
131 579
737 336
34 536
405 550
617 173
790 223
543 669
327 59
763 257
387 738
70 480
442 145
303 610
118 430
421 316
356 699
156 73
761 613
166 573
327 8
706 238
306 228
601 39
33 668
799 609
379 467
655 425
707 143
759 246
703 316
580 545
573 219
543 59
787 81
527 50
775 104
113 726
173 467
102 469
512 777
600 185
129 213
634 649
521 75
0 372
147 332
339 793
710 484
140 698
386 635
416 799
760 761
105 241
249 570
399 510
460 15
540 442
517 253
445 65
96 559
44 413
25 536
604 533
278 469
426 195
6 785
728 585
614 89
456 11
398 149
115 271
477 567
245 250
346 678
226 175
241 516
635 18
567 502
266 292
98 559
665 639
631 771
104 189
332 33
69 289
759 503
321 200
660 99
166 497
217 604
83 402
74 258
781 189
309 289
175 639
91 314
508 363
520 137
257 659
36 355
608 447
765 614
691 265
384 390
554 520
571 299
604 516
455 747
73 539
264 155
756 328
88 47
287 30
594 358
427 36
774 299
771 363
774 737
113 208
590 333
172 23
323 143
156 627
427 642
245 116
720 173
561 574
786 634
5 230
474 307
455 676
345 136
240 12
460 29
251 552
228 253
626 632
345 355
303 706
465 143
440 653
558 754
179 498
405 311
564 736
28 494
242 748
798 213
627 635
681 495
274 35
96 293
62 354
184 326
183 555
295 619
277 493
523 499
483 424
370 265
186 0
635 625
362 662
782 798
108 27
150 776
458 407
253 368
153 118
635 195
644 731
71 799
291 690
696 550
193 283
736 165
794 151
152 503
27 600
412 161
151 709
320 82
646 663
239 365
143 511
468 56
275 303
262 4
407 78
637 360
386 101
277 110
592 124
275 223
456 18
172 791
236 551
635 638
357 238
411 155
552 281
57 326
415 738
698 657
255 466
368 155
303 522
472 475
284 355
747 227
75 496
416 324
175 751
769 182
256 622
458 375
403 69
379 439
646 297
123 297
581 704
569 719
108 179
55 72
727 165
97 475
216 160
626 795
413 647
606 655
40 691
734 710
188 18
734 407
538 681
476 123
655 382
605 77
125 413
669 286
422 576
493 25
521 350
68 724
533 304
732 194
304 437
664 658
505 578
573 48
161 612
220 274
163 383
566 241
529 565
142 171
94 639
254 11
523 21
650 530
328 277
462 543
390 345
167 32
120 239
385 49
380 543
468 63
760 368
724 152
340 260
216 684
561 678
382 572
519 92
184 265
716 114
124 330
209 37
86 321
798 54
60 356
449 614
540 512
277 663
456 240
630 649
232 547
333 685
571 225
748 558
60 595
138 720
706 166
306 301
490 118
781 227
167 208
783 733
503 583
235 60
363 394
504 124
533 106
356 211
106 74
671 612
437 660
741 309
151 479
289 381
454 410
71 789
583 693
719 250
208 469
10 703
355 544
625 484
407 305
51 575
479 792
684 34
251 37
590 509
607 216
390 45
211 317
83 704
47 490
144 274
305 334
204 106
117 272
619 576
75 694
427 764
313 5
267 270
404 319
793 575
343 29
239 248
731 536
698 770
343 514
401 275
445 429
360 119
493 766
60 467
129 485
438 21
587 656
158 724
203 180
506 201
113 783
19 633
310 390
427 58
257 157
47 82
787 320
312 97
209 309
355 325
366 186
638 325
720 570
237 757
97 139
316 645
767 632
607 185
115 517
291 99
726 407
326 698
326 91
453 214
743 656
792 233
613 554
666 256
427 303
71 390
498 56
256 175
245 372
562 608
251 535
610 178
617 608
9 50
461 497
135 260
781 774
521 613
390 317
225 585
56 269
687 405
97 630
487 33
133 39
119 667
148 120
74 23
732 366
5 120
517 414
39 562
438 318
110 776
656 175
757 619
257 127
82 238
196 206
639 775
490 413
36 41
716 778
357 14
173 155
223 109
167 84
444 166
748 579
727 796
509 15
392 100
467 249
578 719
0 663
474 655
434 649
753 248
417 177
333 798
188 720
767 210
754 700
589 514
394 107
719 422
353 36
747 664
449 304
442 410
732 602
538 581
301 53
559 237
633 278
635 417
426 164
696 651
501 58
146 410
557 159
114 416
469 282
628 148
20 744
768 83
503 98
699 687
185 596
350 229
737 439
29 477
741 379
679 315
16 644
163 657
536 639
309 287
514 162
596 316
352 506
646 504
524 340
455 672
194 484
694 97
475 477
77 289
119 483
359 52
711 392
634 480
706 187
408 538
169 464
672 190
612 301
544 724
618 620
739 636
374 410
354 289
31 185
62 791
740 405
289 563
704 565
775 499
518 438
419 562
102 375
493 268
504 218
773 80
222 19
320 287
414 148
798 748
331 27
252 627
47 268
71 679
54 430
196 397
9 461
116 731
78 604
478 493
216 577
638 618
392 602
738 402
32 281
568 2
165 633
766 144
516 475
472 697
185 516
797 154
477 448
787 180
373 79
631 109
379 535
470 799
479 430
651 25
13 701
3 56
603 547
597 645
230 477
13 51
381 569
109 504
584 131
50 693
22 223
323 73
81 691
734 458
106 585
231 510
213 687
623 218
436 627
774 566
365 6
509 665
356 623
99 646
686 482
271 659
122 744
235 157
556 588
347 416
634 78
685 2
537 459
696 505
484 772
110 600
619 436
609 492
100 697
15 131
379 451
639 558
758 172
601 792
145 527
258 711
306 8
620 319
250 271
620 295
302 565
366 627
652 204
64 730
19 113
199 749
450 294
8 710
256 656
461 8
129 782
364 368
624 12
402 222
236 171
253 658
349 647
455 32
469 561
100 185
396 792
82 54
597 127
302 93
20 652
276 359
603 690
672 257
29 453
326 527
614 531
769 198
5 576
347 728
204 25
346 192
795 518
156 327
44 324
296 166
280 141
517 291
741 216
743 34
785 508
765 73
298 394
11 511
441 190
102 44
506 630
121 5
183 223
61 308
100 165
491 620
778 4
520 508
658 461
500 229
766 663
208 219
330 309
732 42
666 422
344 522
328 164
111 92
592 559
618 206
614 291
574 640
353 608
745 444
680 302
656 317
202 418
534 783
536 460
214 121
377 8
18 449
121 649
393 156
85 558
69 626
290 31
758 641
554 312
699 65
461 480
639 713
480 453
587 254
679 337
773 646
372 193
771 133
301 80
59 71
76 15
17 245
221 400
747 512
431 609
101 793
386 459
470 457
704 717
627 581
169 112
474 138
348 430
436 382
420 777
780 622
777 549
122 135
85 651
303 760
230 129
111 157
334 497
448 121
793 89
524 715
371 199
497 716
744 298
384 396
392 779
69 259
200 9
154 194
765 733
499 204
275 80
534 376
33 1
183 780
153 249
743 658
448 123
566 734
552 671
597 387
478 97
161 473
772 240
570 220
409 142
441 610
461 542
89 418
557 95
416 427
797 603
678 231
753 671
129 169
108 194
274 344
603 563
163 296
687 531
431 571
241 50
223 795
616 246
606 90
322 117
382 564
170 415
147 392
330 75
342 138
151 404
586 526
438 45
299 727
151 418
197 193
775 401
536 500
651 65
274 360
615 414
455 59
636 265
95 305
490 411
186 664
519 631
596 498
389 498
717 101
338 455
708 150
231 713
388 494
597 265
791 292
400 302
326 56
493 469
788 206
454 145
691 485
743 655
442 324
496 477
444 467
57 418
272 511
192 509
295 768
170 182
397 377
64 745
239 142
748 105
649 86
230 597
70 183
143 705
35 646
582 450
788 593
502 103
197 469
81 374
778 777
443 643
290 539
652 430
226 449
411 264
9 522
794 419
19 389
496 193
16 488
140 402
30 385
339 559
243 36
65 627
359 101
697 212
719 33
145 2
476 568
103 135
741 469
126 740
336 34
766 216
218 509
634 338
98 239
493 769
472 782
628 749
584 35
95 110
217 641
121 576
385 361
204 522
342 35
538 171
552 583
362 209
194 68
563 609
719 224
409 423
438 185
14 298
231 32
751 793
683 258
338 284
443 583
305 502
593 470
771 412
285 719
657 24
459 257
602 665
412 636
399 157
332 204
380 337
789 245
235 787
519 398
795 64
490 522
377 628
626 328
312 349
68 258
306 610
687 116
176 490
748 655
29 450
443 257
231 266
755 71
313 649
247 365
518 624
207 599
435 648
327 262
635 756
17 655
796 184
729 528
343 304
703 241
119 260
446 177
361 637
631 697
725 66
117 407
263 384
335 171
293 782
126 766
384 216
92 189
43 745
709 308
306 339
682 161
366 766
61 407
549 408
788 659
450 68
272 155
714 246
650 528
340 478
752 531
544 522
175 487
118 783
101 509
747 212
670 442
644 470
394 351
333 401
194 457
243 391
393 618
3 708
277 706
520 107
764 577
545 645
795 45
244 456
550 491
205 331
620 278
400 236
443 318
606 473
289 669
606 316
412 175
536 584
398 721
424 50
702 756
706 62
494 786
354 333
289 240
274 220
506 50
148 548
342 640
197 397
22 712
678 230
406 690
51 331
482 129
318 302
719 664
720 773
330 539
731 722
287 384
748 712
84 215
94 89
321 347
247 542
362 598
252 663
711 517
434 221
607 673
636 776
603 424
670 164
748 508
48 684
590 167
764 515
776 475
483 301
741 738
671 583
580 710
672 233
294 268
186 345
388 369
606 558
461 256
746 193
122 237
457 604
754 634
754 449
419 542
192 664
412 235
247 230
11 584
269 336
756 466
318 256
444 359
355 714
756 538
602 402
423 49
753 269
239 797
410 454
254 230
764 477
438 554
36 434
235 488
357 522
743 106
315 494
499 474
53 228
240 275
671 60
683 663
620 275
65 37
250 561
232 318
791 394
359 556
679 210
193 708
349 113
530 469
409 555
700 66
253 356
327 101
574 293
462 121
612 631
756 273
238 365
640 484
641 511
215 672
760 523
437 39
748 695
16 71
77 156
561 111
655 430
77 687
776 661
785 732
477 756
327 135
419 155
479 578
291 510
756 108
544 543
435 54
681 354
758 58
178 47
570 699
59 546
162 707
206 373
794 674
687 268
431 317
640 270
102 600
253 425
121 199
653 162
166 278
778 267
735 29
787 277
526 683
230 44
691 199
730 193
714 596
659 359
197 405
653 694
172 165
623 407
214 200
455 108
59 464
332 395
419 85
269 242
693 699
558 740
731 634
82 694
231 629
41 771
144 646
728 701
627 54
770 11
56 342
154 378
93 253
149 754
571 347
452 415
439 42
359 462
766 215
528 780
782 719
564 683
70 434
195 110
291 46
396 487
292 614
300 799
303 273
388 475
74 452
52 77
268 304
430 558
43 684
448 652
215 50
590 287
198 780
545 295
338 152
349 110
488 576
612 189
230 488
597 787
679 336
139 655
453 676
6 642
390 208
24 228
339 760
652 423
519 444
72 429
214 598
639 374
463 103
143 193
721 314
795 63
400 583
65 746
157 670
409 403
118 522
407 230
528 286
116 647
8 593
623 799
88 186
660 615
373 226
539 78
99 490
340 695
84 445
170 694
700 323
76 50
652 643
618 519
143 424
93 709
152 616
116 768
259 39
514 648
140 175
767 141
383 371
709 458
172 523
507 554
312 5
397 226
289 194
334 310
347 657
539 554
497 73
213 26
505 765
305 380
273 339
347 267
278 502
312 378
159 744
187 165
272 91
741 560
169 152
611 136
690 307
740 683
233 229
163 119
679 28
716 625
658 442
196 538
651 601
232 707
205 119
449 138
618 475
297 655
356 80
714 286
551 489
94 568
184 415
211 540
403 665
138 70
662 435
237 567
345 415
246 40
397 165
134 27
7 212
202 265
177 659
64 707
721 318
203 618
338 216
583 423
411 332
352 23
539 641
731 127
745 692
721 666
581 167
410 665
23 210
152 278
585 187
90 711
226 183
92 507
257 609
524 656
144 506
342 19
666 640
157 84
142 292
196 306
747 148
350 754
340 254
364 251
2 495
448 68
97 651
726 193
651 511
487 70
312 745
411 321
745 646
295 94
20 228
775 546
12 49
653 136
96 26
519 636
665 218
664 379
534 644
11 342
563 100
483 438
395 99
476 381
337 404
226 336
500 407
272 431
235 309
364 450
755 417
602 307
42 155
729 354
100 368
95 520
249 63
139 140
201 465
181 736
73 28
465 123
574 715
48 758
23 338
387 179
578 650
526 227
247 503
0 471
144 781
178 422
225 141
214 229
342 760
696 355
17 37
286 399
330 335
257 129
206 590
212 215
236 403
511 771
306 316
644 55
120 633
378 147
99 312
204 506
682 472
37 251
493 553
378 410
309 628
500 390
740 727
35 473
5 317
624 97
688 150
567 349
717 245
137 122
310 127
539 478
550 384
632 219
615 677
726 585
769 483
539 748
227 747
519 510
796 758
272 722
14 799
781 705
348 63
127 737
59 638
192 545
331 326
779 740
371 367
232 167
62 129
576 439
29 480
20 148
75 670
188 97
28 443
210 717
600 259
157 187
65 328
405 340
109 705
569 578
594 98
105 670
612 83
327 88
214 224
44 108
221 44
211 350
61 672
179 123
169 113
245 705
370 84
132 646
602 437
123 550
794 791
419 693
325 369
151 683
302 426
282 636
216 162
745 180
189 156
464 325
796 710
456 534
0 138
396 622
374 430
170 365
126 683
467 702
311 235
103 358
694 251
304 560
752 528
218 711
649 56
726 754
94 700
169 536
722 321
72 277
260 363
445 379
66 584
547 612
772 457
674 52
506 528
767 16
236 177
95 566
621 738
143 594
735 613
799 595
551 58
730 232
192 263
638 345
487 43
119 410
150 446
761 763
417 315
13 91
739 794
215 362
389 517
363 300
275 31
595 703
449 514
101 51
106 256
176 403
190 458
450 714
170 678
691 557
79 496
464 581
388 624
287 423
153 235
243 189
500 240
783 479
541 589
327 215
67 674
47 586
142 43
653 407
432 592
18 791
449 253
693 161
702 1
164 523
142 122
782 264
285 731
296 433
550 673
556 345
6 249
729 636
201 532
648 731
582 447
59 142
15 733
491 131
611 422
229 453
35 601
787 761
511 476
363 299
107 120
187 216
375 372
458 340
195 235
321 487
127 596
181 635
790 766
772 165
277 719
320 710
753 240
239 755
750 339
17 615
122 528
680 727
255 602
377 794
458 266
628 150
80 323
671 663
219 471
105 238
21 371
460 221
395 67
496 384
383 109
84 220
406 233
568 577
450 406
302 12
287 607
353 302
659 745
231 326
467 589
718 150
191 466
531 516
358 201
578 370
89 710
756 593
19 269
317 682
579 243
791 191
137 796
251 191
350 315
3 752
413 40
712 660
796 376
190 505
721 303
463 254
741 711
144 83
145 363
189 318
457 180
575 344
5 299
163 164
414 269
619 377
434 427
53 23
453 109
620 281
257 739
240 392
736 517
337 379
768 570
548 467
308 335
663 449
194 519
16 1
135 771
364 378
441 323
678 699
578 344
630 330
602 257
39 96
350 487
288 392
618 1
781 80
53 10
433 281
99 171
705 38
563 668
156 53
68 444
455 551
742 530
315 20
318 358
743 113
714 424
132 252
130 276
728 515
347 310
79 695
325 124
662 559
511 441
637 14
29 304
144 758
442 670
581 445
24 264
616 31
773 530
196 18
302 712
137 391
705 5
584 289
152 783
668 146
298 491
33 686
114 675
373 725
117 77
385 20
341 66
607 658
299 672
164 88
464 588
686 429
726 330
149 657
630 644
592 309
569 268
524 748
703 47
383 419
487 635
431 259
309 710
677 325
720 211
334 631
398 432
754 465
616 173
754 428
205 337
550 557
192 128
507 614
609 298
265 483
670 511
390 42
695 207
528 34
690 172
516 762
97 50
720 552
740 757
211 98
274 713
65 409
359 720
787 202
470 631
306 223
630 377
9 248
418 603
455 299
83 12
45 180
567 660
363 82
148 661
215 556
22 321
30 281
52 292
669 369
251 118
724 188
663 411
143 270
209 768
308 70
284 635
194 594
745 21
711 550
386 450
408 308
360 275
83 716
52 244
100 216
141 709
684 748
689 514
370 551
261 479
615 744
564 588
415 216
623 670
309 370
679 78
411 720
140 358
465 611
694 40
369 196
176 50
201 256
609 580
430 401
611 414
119 307
412 456
277 699
580 102
761 721
140 558
550 149
26 385
784 25
2 99
567 307
7 379
214 467
510 351
600 233
768 518
323 12
180 610
32 192
577 208
623 484
596 523
786 599
674 325
251 100
793 159
596 610
654 319
729 576
780 19
552 703
609 798
669 463
204 751
365 174
670 681
341 187
428 289
134 556
6 157
691 403
319 23
104 21
171 788
573 130
748 628
138 79
354 34
766 508
255 624
664 343
84 281
410 72
604 534
280 235
189 287
560 123
143 587
585 500
437 782
460 276
183 653
234 710
201 313
499 445
438 692
656 506
26 132
755 288
457 66
316 640
625 252
750 147
682 697
368 414
78 717
566 311
624 317
351 462
84 331
295 703
194 703
550 257
452 782
276 430
26 434
246 575
561 225
656 416
385 188
401 380
621 627
2 61
579 215
667 387
438 159
718 720
721 514
10 342
558 392
696 12
775 545
585 521
605 452
23 107
475 605
539 414
495 344
46 378
530 144
393 502
530 620
522 160
512 658
415 592
779 500
462 146
183 544
382 210
186 215
541 145
786 303
276 366
543 759
399 417
759 340
49 348
45 600
593 748
468 354
53 760
15 729
514 459
506 754
84 437
745 397
435 300
388 783
518 575
191 502
185 674
496 784
182 393
536 134
534 576
345 181
462 401
453 206
104 75
571 460
408 248
285 580
261 136
474 292
443 382
513 373
448 700
29 617
414 771
281 62
79 429
77 464
600 752
285 767
243 8
542 344
438 621
129 415
549 658
269 432
65 179
544 305
773 723
409 559
226 772
475 98
542 709
301 316
352 170
377 127
49 516
786 129
652 54
577 691
214 442
637 788
700 631
312 577
302 528
187 530
68 637
627 722
776 699
704 602
230 310
109 238
185 476
260 692
731 414
581 350
623 13
284 676
443 396
274 136
159 346
437 429
245 83
14 531
668 496
539 527
705 628
300 171
87 372
284 288
195 775
671 768
500 720
694 767
288 60
9 54
287 500
353 214
756 753
102 27
330 579
597 107
28 241
114 64
60 320
494 780
428 473
212 496
703 752
791 531
639 517
220 167
71 732
224 291
316 780
262 492
461 631
235 137
689 238
519 18
163 731
513 6
699 774
674 142
391 479
539 248
748 83
686 137
570 314
235 400
13 643
734 620
59 504
608 492
312 271
383 315
60 663
119 654
339 212
525 130
421 435
448 530
324 222
232 277
753 249
246 552
83 721
280 603
798 712
598 532
442 735
646 483
151 403
535 55
462 167
181 309
621 593
621 758
44 318
447 288
522 543
79 332
478 7
499 174
105 294
607 156
661 694
553 137
678 782
446 26
55 543
170 611
699 391
285 55
114 726
754 233
240 432
700 509
77 600
368 332
429 396
430 492
650 557
217 152
316 88
511 165
552 164
606 796
255 86
732 197
706 771
696 225
227 254
385 128
226 141
657 113
720 230
607 31
393 333
781 42
34 108
110 109
783 20
131 428
75 415
507 170
423 106
643 231
676 203
191 721
309 646
518 357
52 612
473 527
634 62
767 704
235 517
638 107
107 133
592 663
570 127
391 443
412 747
40 111
468 671
183 697
373 325
413 738
204 394
181 719
606 521
166 594
192 266
470 678
116 663
91 460
148 170
658 197
152 741
736 765
771 505
442 406
339 779
764 463
182 614
481 413
573 55
20 684
190 258
349 344
360 115
755 84
446 102
191 306
442 709
702 374
566 242
562 29
649 412
158 186
719 590
19 356
0 153
297 574
221 18
617 582
464 757
138 262
480 354
693 710
210 340
120 624
696 725
50 648
446 244
346 733
75 534
798 700
387 224
48 436
746 675
294 666
109 112
437 523
794 5
232 73
512 114
270 627
613 475
672 499
65 366
623 601
412 38
565 146
126 420
108 341
255 429
514 609
680 127
696 681
33 152
602 74
611 402
179 459
361 678
581 69
180 745
314 375
703 383
291 696
120 714
323 560
148 78
602 391
723 429
256 287
584 103
627 395
610 368
512 148
382 634
689 784
764 353
510 687
179 767
778 554
62 349
115 723
487 239
230 153
356 15
467 345
762 571
491 290
585 116
633 609
405 325
713 480
526 532
74 50
678 473
283 77
106 631
283 652
395 214
607 414
456 192
155 796
387 61
475 364
471 662
133 411
422 142
320 588
47 160
243 87
1 188
730 643
646 414
231 360
600 562
624 517
719 268
15 26
730 585
688 116
285 673
523 761
553 213
76 778
279 726
23 534
652 281
650 147
132 527
622 297
491 440
338 214
582 281
502 658
367 477
459 785
475 734
404 200
724 30
677 748
631 555
140 114
758 90
304 497
76 278
414 229
485 128
654 58
251 390
787 384
334 418
227 100
502 232
643 641
711 200
658 586
245 64
252 360
738 263
133 34
639 793
148 664
296 585
232 662
505 316
301 319
505 359
468 487
96 420
39 143
148 570
148 347
673 590
551 765
711 81
755 672
265 29
335 450
30 84
652 193
423 301
420 248
140 773
76 117
277 430
263 179
693 51
479 156
376 439
5 472
471 577
440 708
61 166
219 677
93 375
621 690
435 192
131 468
562 154
456 521
407 735
661 55
407 501
327 471
2 457
749 575
203 624
628 479
373 12
756 167
11 87
154 72
780 56
82 578
300 233
198 512
79 487
34 277
88 581
395 513
604 242
511 362
703 605
30 263
291 734
54 422
379 36
636 362
701 754
197 530
668 420
707 136
13 366
337 460
61 645
503 160
407 461
4 706
118 729
612 131
264 151
732 631
208 781
661 438
219 287
437 292
393 349
632 520
695 564
724 337
497 510
471 125
444 568
298 416
797 206
762 677
407 782
185 351
572 283
326 273
716 747
447 389
74 598
40 618
328 222
745 498
795 180
101 790
709 554
525 330
401 365
488 307
612 624
753 599
782 53
523 706
643 80
172 160
326 537
345 101
110 188
229 38
673 641
461 711
472 325
20 241
282 700
658 43
655 680
750 237
669 553
490 516
585 65
446 215
790 533
379 508
212 242
722 553
510 508
751 727
219 556
363 746
520 80
327 569
205 257
472 250
569 393
37 111
793 548
472 277
654 296
410 388
364 135
721 392
712 52
361 206
216 266
396 256
757 412
750 464
551 122
689 728
70 18
713 207
786 281
29 491
559 344
309 771
18 525
510 283
735 233
52 724
285 27
729 21
519 389
649 340
543 253
594 605
551 340
402 578
520 339
789 333
664 631
67 91
270 0
494 597
490 795
365 53
26 320
255 197
431 277
36 292
377 203
746 749
124 587
210 88
166 755
190 528
409 368
374 709
705 791
475 675
647 82
216 757
114 355
362 452
725 240
32 732
511 153
292 689
167 265
399 278
253 656
606 575
389 329
782 754
92 466
776 660
531 797
746 115
673 431
769 203
723 102
217 730
745 433
450 60
333 387
543 760
146 590
196 175
483 372
17 167
304 626
780 690
412 172
649 548
605 381
378 103
18 52
156 612
520 188
460 658
448 764
553 540
561 616
53 476
300 353
16 777
370 235
351 770
709 756
766 368
255 122
609 603
510 176
744 277
377 758
157 29
313 247
527 651
131 423
605 358
139 640
0 213
7 740
91 745
463 174
230 332
467 616
152 103
179 544
744 492
12 82
535 260
288 515
624 158
203 91
548 478
138 216
648 695
768 164
261 370
28 358
633 325
342 12
653 397
587 379
104 106
13 671
468 415
203 251
579 349
79 582
298 606
58 556
304 507
323 98
568 118
309 106
177 698
130 23
499 641
26 398
720 713
136 57
396 562
554 504
535 211
435 408
82 234
27 73
493 338
52 377
32 714
31 385
638 178
474 93
341 305
736 555
467 294
725 377
657 183
6 446
561 486
69 264
581 656
610 229
632 469
357 308
697 465
321 151
532 482
734 284
178 185
442 264
401 709
23 660
209 279
348 600
87 718
225 596
310 358
529 553
5 38
390 344
399 199
275 381
624 534
161 523
755 266
212 689
307 260
749 780
612 759
764 121
171 263
50 260
135 328
428 603
541 64
419 529
213 504
513 575
183 768
728 59
424 165
462 634
252 683
127 637
622 657
614 317
487 651
449 252
79 28
3 340
384 783
478 646
361 738
519 68
600 476
191 580
510 216
787 561
719 575
86 320
597 571
484 133
523 376
553 384
341 248
333 176
621 513
246 349
110 663
290 199
176 612
181 293
197 115
413 267
379 134
662 261
283 671
743 151
216 728
641 164
318 171
492 172
153 50
146 261
356 241
276 243
61 429
598 612
631 375
200 659
432 725
414 755
739 624
495 251
187 459
758 746
11 229
257 443
167 75
137 562
274 24
655 230
225 563
674 750
77 261
56 565
461 784
312 315
70 47
166 626
551 596
485 748
472 239
191 46
610 454
647 182
514 725
693 377
358 778
549 678
246 600
733 196
401 660
21 119
736 443
2 110
282 682
185 708
197 421
131 749
17 24
94 319
770 347
313 291
224 47
591 21
678 681
559 32
344 723
639 370
176 197
268 248
646 248
164 179
34 693
437 533
27 461
657 555
741 780
510 763
311 788
361 455
666 382
305 186
721 622
6 539
275 579
733 410
735 12
594 408
106 369
13 496
504 692
725 577
535 80
648 564
504 170
18 769
506 780
677 558
13 28
143 374
515 749
181 107
508 145
285 351
231 76
247 74
597 707
175 41
28 578
542 720
482 725
358 78
303 529
796 695
388 443
395 277
609 781
719 414
26 231
167 775
3 279
564 174
776 649
206 133
595 59
626 686
130 268
215 457
640 319
122 695
98 353
30 634
342 294
152 43
176 491
401 167
396 313
788 760
685 542
308 29
352 204
496 648
728 362
672 679
156 615
470 311
633 351
475 413
150 258
119 420
378 718
615 702
71 326
142 743
456 499
515 608
445 407
439 602
545 476
109 732
576 124
198 181
485 603
254 785
429 464
538 485
550 393
401 586
67 775
115 758
383 584
411 101
215 473
719 7
136 38
438 65
205 698
225 631
141 132
612 594
754 172
224 382
746 154
630 654
236 615
552 81
501 209
738 755
122 423
125 488
202 274
159 654
19 428
643 75
83 616
242 39
234 582
413 415
564 413
661 317
616 141
237 267
622 213
491 273
225 90
479 324
27 150
706 597
167 96
647 56
437 114
651 292
691 175
406 268
580 482
550 277
200 489
25 650
726 154
290 658
288 384
141 542
767 357
176 258
189 477
654 665
542 579
725 280
202 678
104 469
587 41
263 561
84 409
461 87
231 305
359 533
62 490
258 151
249 213
256 217
697 499
178 765
303 329
613 663
700 189
21 12
292 344
798 331
586 386
354 227
32 367
442 777
704 102
491 17
559 357
659 652
233 329
338 554
505 197
385 728
779 224
345 267
256 127
219 223
118 526
780 613
403 750
752 537
100 712
139 701
553 677
180 152
678 606
281 475
188 607
115 785
794 224
146 468
603 363
456 125
90 109
148 129
654 313
398 424
507 25
171 724
100 230
251 675
794 795
432 66
244 789
93 676
787 109
439 153
734 121
132 237
124 584
91 185
392 180
612 264
243 492
730 198
361 575
595 356
483 489
492 296
77 680
354 752
9 581
31 195
316 305
657 231
213 49
571 57
269 113
672 764
741 611
11 297
373 587
693 658
316 240
695 547
78 551
519 686
32 759
646 69
20 448
505 320
666 203
619 124
613 339
637 91
536 95
261 401
534 281
781 305
548 536
469 618
347 308
471 373
74 115
286 408
2 463
65 584
192 757
792 658
24 341
739 57
57 483
348 468
617 349
354 782
315 34
64 122
575 777
797 547
0 563
674 148
478 389
577 15
468 191
359 249
260 498
790 96
102 681
509 725
331 568
164 499
539 134
327 563
71 145
173 555
528 463
26 355
487 612
711 97
767 535
618 165
780 324
730 33
119 383
59 692
510 657
749 759
629 608
549 382
660 608
395 448
55 403
339 115
314 381
767 51
548 492
613 562
341 533
32 314
595 747
278 727
126 122
436 132
623 119
723 505
612 357
676 457
785 99
771 417
96 357
378 337
15 377
540 278
698 151
599 456
480 276
741 46
411 669
19 239
750 305
295 139
628 632
392 615
714 439
21 173
549 354
607 562
216 37
577 516
565 42
235 729
189 656
185 728
567 610
423 684
788 63
565 380
799 240
589 731
558 413
326 51
647 686
652 69
470 699
166 97
3 117
573 776
764 752
663 335
583 552
770 397
472 271
322 277
216 614
582 718
399 354
253 701
375 468
609 575
455 446
734 176
698 688
12 336
288 1
711 604
213 18
479 480
196 370
271 461
669 71
351 354
461 624
525 301
705 439
199 353
232 254
748 533
676 583
666 150
693 13
47 403
706 212
116 322
439 176
731 780
518 577
199 8
17 151
432 11
15 577
160 113
439 0
392 405
383 281
492 67
793 72
265 399
221 241
303 387
34 355
152 614
195 51
397 386
588 633
408 449
501 703
171 429
641 98
266 340
143 589
226 669
566 251
37 13
733 386
231 358
698 171
179 584
278 41
792 235
78 733
31 214
86 256
763 216
61 396
137 685
381 255
53 593
202 404
745 127
251 82
62 203
756 611
361 189
520 16
41 328
506 656
245 368
494 442
378 260
605 650
177 636
491 682
163 697
161 710
256 39
1 727
778 338
674 235
622 276
148 133
392 767
667 421
385 487
596 55
399 47
28 54
626 662
498 382
502 55
653 210
372 485
181 463
58 515
287 713
394 475
61 87
439 178
202 374
368 276
699 377
417 618
216 131
23 169
785 376
221 761
270 649
119 229
229 695
453 298
637 293
702 393
517 557
530 592
318 444
746 274
150 200
682 46
268 296
333 740
482 48
576 276
83 265
516 624
324 27
362 667
470 24
773 32
571 457
103 173
225 359
637 769
496 242
51 229
220 437
6 226
645 792
516 323
541 463
593 771
580 542
727 228
768 399
528 74
13 183
266 329
598 795
153 355
266 744
781 155
445 76
104 595
321 7
464 635
668 392
524 72
702 711
308 542
790 315
67 599
761 395
356 613
205 117
625 566
39 733
231 383
215 321
328 121
27 434
366 375
120 750
164 132
338 395
768 400
163 81
365 451
380 547
193 559
343 51
389 181
707 243
612 657
741 205
514 270
775 761
57 40
744 459
323 29
770 482
606 110
626 342
227 692
347 534
20 453
16 785
675 8
777 556
13 463
577 642
482 423
773 650
632 483
147 444
241 198
705 653
590 646
418 373
204 594
387 450
486 676
498 585
319 511
722 9
643 254
628 539
170 586
241 514
221 611
17 536
24 331
684 182
334 234
612 170
737 140
521 389
217 526
284 538
393 106
312 329
237 527
98 48
366 356
729 530
750 622
204 468
761 676
127 40
743 356
65 435
667 179
625 611
724 719
698 325
138 422
435 76
223 293
564 287
666 223
319 252
750 245
233 237
749 362
595 469
15 715
217 130
561 774
99 606
785 742
234 81
61 671
447 778
303 7
654 703
556 180
81 168
90 151
530 0
362 333
72 433
639 736
363 229
633 613
82 490
230 534
317 235
231 615
530 519
478 246
33 529
362 613
401 462
343 554
501 443
548 448
577 571
298 792
771 109
682 445
659 586
522 764
787 744
427 302
737 26
495 714
517 478
782 321
669 48
220 524
609 147
357 276
529 659
34 78
601 517
532 5
177 304
478 416
749 505
459 3
63 397
149 732
468 328
403 559
667 203
763 538
169 362
272 461
609 273
728 31
5 1
307 555
621 157
667 345
313 555
354 721
497 741
50 629
176 581
303 294
43 584
546 104
612 719
243 275
25 641
626 181
147 505
439 646
199 424
204 650
784 0
615 621
783 769
394 679
712 767
309 315
709 397
399 528
405 213
514 148
308 761
59 732
596 425
751 186
31 381
580 715
653 512
666 612
368 74
360 202
682 448
443 104
681 368
317 770
449 418
560 197
12 164
525 184
29 201
271 313
117 44
684 788
313 439
242 642
587 505
505 315
322 70
608 606
712 299
387 588
51 172
757 43
765 243
718 676
528 14
360 747
232 36
234 651
427 602
108 203
464 182
623 562
512 547
687 7
685 415
158 272
390 95
201 609
299 404
322 129
616 682
39 100
530 462
605 573
703 53
205 28
275 300
630 553
128 769
613 248
297 188
572 239
656 14
759 310
548 108
759 389
190 114
337 726
113 536
509 631
530 752
361 440
249 552
276 714
788 658
46 224
226 267
468 203
638 625
477 494
608 440
767 565
376 516
211 146
26 150
64 230
595 686
0 335
584 583
430 185
689 591
3 39
677 666
634 508
737 81
222 261
478 402
98 79
120 325
294 87
677 572
429 339
751 345
39 445
185 69
431 757
602 132
503 210
306 255
614 247
310 625
560 532
570 674
408 263
239 742
625 605
754 352
515 235
601 108
6 442
747 53
36 788
451 365
530 437
79 163
194 746
130 482
188 482
712 650
68 397
194 578
334 212
253 320
685 729
63 415
13 570
90 237
416 661
223 642
781 580
710 39
146 173
777 102
424 420
552 422
433 20
620 542
281 151
207 658
316 142
417 66
718 798
690 682
532 523
80 747
212 492
596 677
713 408
262 71
680 270
615 472
423 388
775 410
590 402
309 495
748 774
210 588
102 291
633 793
453 504
549 52
618 688
477 663
508 362
534 416
433 60
209 542
166 479
548 609
672 757
184 328
639 249
239 718
723 542
774 683
292 74
10 485
551 160
240 66
641 638
274 462
580 693
338 643
110 160
726 766
75 748
399 611
421 170
630 257
139 69
737 735
736 737
748 552
203 332
33 287
258 322
729 222
359 303
389 210
651 268
355 635
598 48
755 508
558 452
729 503
241 142
61 394
121 712
68 67
191 659
475 351
678 597
428 362
282 458
37 402
462 589
532 376
707 339
770 49
525 285
62 503
294 379
424 616
209 703
521 147
202 517
480 272
549 676
136 554
351 36
11 725
651 167
452 226
407 186
40 361
772 408
47 77
170 422
517 173
605 700
768 40
777 661
80 574
243 152
188 421
709 559
412 449
321 229
653 723
594 784
478 528
366 452
685 153
646 543
513 310
481 757
592 764
294 525
598 520
543 408
668 553
178 100
334 275
479 734
433 652
544 4
370 21
229 433
31 351
72 755
401 38
441 667
322 614
485 157
56 83
790 4
125 40
157 702
63 564
493 501
89 561
661 7
448 639
363 579
646 513
432 666
623 732
278 92
239 70
643 467
771 517
199 382
407 666
295 394
568 374
337 114
394 89
175 768
363 533
782 604
692 113
195 58
283 617
629 184
686 346
226 199
161 221
89 796
46 752
10 687
322 508
546 335
704 240
650 773
519 502
221 766
129 317
326 127
157 263
159 559
521 735
658 738
241 193
405 784
705 210
32 443
597 324
666 21
472 600
556 469
37 63
632 552
744 49
221 587
681 223
749 526
486 740
366 326
670 221
249 176
741 492
457 146
629 67
371 290
307 505
153 16
557 749
539 550
650 516
653 134
484 648
664 157
99 644
555 18
237 760
402 152
36 604
718 501
440 797
195 156
388 266
794 474
182 404
715 21
434 154
203 161
351 742
405 397
332 169
344 410
311 673
493 527
427 526
523 276
667 184
669 444
689 657
60 438
221 629
546 650
653 313
305 57
400 283
9 467
272 103
612 171
479 378
634 383
485 409
111 122
128 750
173 465
599 282
444 665
264 681
40 635
354 158
32 726
590 496
577 711
432 105
598 92
565 397
532 189
768 112
703 106
556 769
592 635
379 753
132 142
275 540
83 4
581 548
488 243
337 25
400 319
255 189
144 98
311 795
195 517
295 163
247 636
415 603
665 531
193 500
658 676
553 664
334 445
32 551
13 788
599 131
367 763
522 558
320 357
274 661
168 310
182 162
56 96
102 326
423 180
691 433
312 742
104 513
792 145
790 673
231 689
44 186
752 759
157 719
425 233
666 778
452 363
443 123
698 139
334 549
174 347
196 379
202 648
249 764
184 680
29 40
448 471
174 604
63 419
28 56
152 420
203 204
734 517
583 106
435 610
728 460
734 783
145 461
711 153
446 515
667 540
446 557
594 626
796 527
122 306
503 725
43 295
282 341
799 619
114 106
191 657
524 575
293 451
775 360
743 564
607 407
678 688
184 240
602 352
249 186
757 105
487 230
780 508
239 184
187 480
639 679
487 655
776 671
359 328
682 514
321 261
546 310
369 762
547 723
7 59
718 115
259 348
609 315
72 746
30 52
196 93
275 617
238 479
37 47
373 137
602 355
657 215
686 471
68 786
250 670
669 84
562 778
173 772
289 730
493 481
684 132
395 88
602 446
297 467
607 17
337 43
675 777
156 744
775 482
184 252
201 122
501 120
206 158
115 463
303 791
418 173
517 699
104 611
131 399
358 551
169 763
317 435
474 21
239 270
40 307
731 457
734 467
6 683
656 16
378 555
134 619
166 584
696 431
548 601
193 349
122 26
503 585
604 708
62 237
512 411
67 243
88 419
644 508
474 113
512 774
629 170
449 335
261 399
217 410
380 715
196 547
554 345
756 132
487 149
339 129
757 66
