500 2975 1500
5 23 10 20 10 23 16 15 11 24 18 22 25 20 15 10 5 21 22 15 13 7 22 9 8 12 5 15 24 11 19 8 15 15 18 5 21 5 25 5 23 19 15 15 14 20 8 16 15 5 25 10 17 19 11 18 25 21 21 25 7 25 6 23 12 14 14 18 10 5 5 8 10 7 25 24 15 12 23 23 25 25 14 17 16 14 7 7 22 24 22 15 25 18 18 16 20 6 16 5 22 23 20 13 19 11 14 20 16 6 7 13 22 12 8 12 17 7 25 19 10 14 21 25 6 5 11 5 8 11 11 14 19 18 20 21 7 23 5 10 12 21 16 18 17 21 6 15 19 23 21 24 12 17 5 16 15 5 11 20 18 24 5 10 17 14 16 5 18 17 10 14 5 17 25 25 7 9 13 12 11 24 10 13 6 22 13 11 21 12 6 5 20 23 21 19 13 17 23 25 7 25 17 18 24 24 16 14 9 6 12 15 20 9 7 19 12 19 15 18 19 24 25 21 23 5 18 5 11 14 24 24 9 9 20 10 10 12 19 25 17 24 15 16 17 16 7 14 18 25 11 20 25 17 13 21 12 18 9 12 17 16 6 17 22 6 24 6 23 6 13 6 18 12 21 6 15 17 19 22 9 10 18 16 17 21 14 22 21 18 5 11 10 18 21 6 24 10 25 19 12 20 24 21 23 22 21 14 25 20 17 9 9 5 9 20 6 11 16 17 25 13 16 13 14 19 12 8 5 9 6 23 10 24 14 14 18 5 22 20 21 17 16 6 18 11 15 13 14 6 13 7 10 19 5 17 24 15 9 15 14 6 17 24 5 24 9 17 24 6 9 19 16 25 21 23 11 6 7 24 12 5 24 23 12 5 18 12 9 5 12 7 17 11 6 12 25 24 22 24 10 15 23 25 16 11 24 19 21 9 15 22 21 6 23 25 20 15 22 12 24 11 5 17 13 24 15 18 14 8 22 19 8 19 9 5 23 20 25 7 11 14 10 14 14 22 6 20 25 20 9 24 5 19 25 18 10 17 24 22 23 20 24 6 13 20 20 20 21 15 5 5 9 18 11 19 6 19 22 7 17 24 8 25 13 15 14 25 20 25 15 17 7 13 20 17 23 17 10 9
3 15 3 7 16 9 10 12 6 18 5 11 10 11 5 4 17 15 3 11 16 12 4 10 11 18 13 14 11 10 18 3 10 3 9 7 9 7 10 13 3 12 20 13 3 9 17 20 20 11 12 6 19 8 9 16 12 14 6 19 7 18 16 8 16 18 3 16 15 20 4 5 13 6 5 3 10 3 20 6 14 8 4 4 20 14 13 6 6 18 20 20 18 5 8 6 12 10 17 13 14 8 20 15 9 16 3 6 8 15 7 19 18 5 12 6 12 20 19 20 5 17 12 19 17 12 16 6 13 3 11 17 6 8 15 13 13 20 9 13 17 8 7 19 14 12 8 12 16 13 10 19 8 7 14 7 9 13 14 4 7 7 20 12 4 16 10 13 8 18 5 10 19 6 18 13 5 4 17 5 13 13 20 8 6 16 14 16 15 17 9 3 10 4 9 15 6 11 19 19 18 20 11 17 7 6 17 19 3 11 11 14 20 16 12 9 11 12 19 20 20 19 8 20 20 6 12 9 19 11 10 3 15 8 14 18 6 4 8 7 5 12 15 11 8 4 14 6 4 14 19 9 20 4 12 4 3 4 13 15 5 20 12 4 16 15 14 5 3 7 9 9 17 15 15 5 8 19 8 8 10 6 6 12 11 9 5 9 9 12 10 10 15 9 13 8 4 12 12 11 19 20 8 12 15 4 13 19 9 7 13 14 18 13 10 5 5 10 16 17 12 7 17 15 10 9 15 16 11 3 19 3 13 9 10 16 20 17 7 11 16 12 5 3 5 5 9 6 5 19 3 19 20 9 12 8 6 19 8 14 17 15 7 3 3 8 15 13 12 5 12 17 9 12 3 5 11 17 5 4 5 3 8 9 18 11 11 8 13 6 13 11 11 14 15 3 11 17 14 14 13 13 10 16 15 11 13 13 12 18 6 13 17 17 3 19 7 8 15 18 17 8 20 9 16 6 4 12 20 4 3 16 7 4 9 12 15 13 5 8 14 16 7 3 3 20 12 17 8 7 9 5 7 6 17 7 19 6 17 5 6 3 8 14 17 19 6 7 20 5 13 8 7 5 17 14 7 11 15 9 15 12 20 20 7 3 18 16 20 12 19 9 20 16 16 6 3 11 3 15
275 457
214 389
32 475
205 457
239 409
169 396
96 413
120 437
44 195
158 190
50 254
220 400
215 486
32 462
61 328
132 375
258 313
127 432
0 187
189 412
210 343
181 261
103 221
266 442
229 458
60 312
110 388
20 251
175 326
249 449
199 375
108 256
191 264
248 327
298 394
224 400
136 137
225 235
279 285
293 343
219 287
231 445
264 492
86 441
143 331
201 410
62 450
202 454
457 497
382 421
408 450
139 235
257 394
134 355
237 401
258 428
184 294
179 442
45 335
303 408
92 447
321 390
37 211
259 480
111 332
25 148
83 334
456 459
195 308
73 176
3 457
455 478
2 388
60 246
135 355
30 66
410 477
249 465
323 398
1 10
352 368
472 490
109 153
21 189
78 438
70 337
312 416
81 308
165 249
89 413
215 403
235 385
216 481
26 388
273 425
243 444
350 417
117 396
292 470
297 442
366 438
93 98
163 424
192 324
176 210
55 193
291 499
393 451
19 232
43 105
355 498
230 322
251 495
331 358
58 317
8 296
122 429
228 369
120 328
21 258
205 451
193 472
166 263
42 238
39 390
141 429
67 224
56 130
225 392
183 197
91 499
147 379
35 457
137 284
175 440
106 304
407 445
12 88
268 433
308 477
189 246
152 248
240 441
87 340
414 498
175 389
289 364
181 214
267 270
300 381
402 480
64 490
178 263
269 410
85 273
24 133
269 376
51 168
385 454
177 349
352 379
375 426
370 373
156 449
178 197
341 357
53 165
235 352
315 387
418 434
239 405
19 75
420 467
1 377
420 498
129 206
30 60
203 318
17 187
234 368
219 453
44 181
241 487
96 157
82 243
55 349
42 263
78 476
364 402
185 238
325 458
42 82
332 376
72 411
179 378
137 192
238 491
101 149
77 125
113 144
107 137
264 265
160 226
16 493
51 298
56 117
461 490
282 428
23 276
246 317
442 452
202 255
298 351
70 324
332 491
84 425
324 325
52 393
105 333
302 379
13 358
204 420
51 343
71 303
290 481
40 141
151 426
73 437
381 420
127 381
84 288
156 432
344 475
22 241
11 203
128 472
49 103
70 419
260 385
364 460
122 288
457 475
25 423
206 492
49 221
47 380
256 312
169 305
127 416
316 470
43 104
38 214
42 174
68 395
103 160
295 499
95 242
41 184
200 403
37 439
149 204
78 184
186 408
110 207
49 488
53 343
272 327
22 479
190 460
188 434
192 479
100 305
61 203
54 218
67 400
191 400
56 217
99 311
12 274
306 481
92 494
321 365
54 489
107 195
90 256
62 436
244 458
93 342
179 334
8 205
318 367
18 159
89 280
151 319
173 339
161 179
128 138
405 436
415 432
49 468
112 393
181 380
25 439
193 299
6 49
431 445
123 314
190 399
246 455
263 358
182 374
396 434
44 465
227 331
170 243
245 260
82 173
310 464
126 393
471 485
62 421
339 364
392 441
32 388
118 127
150 436
260 334
55 63
237 297
290 322
273 382
12 351
406 429
9 122
49 389
120 340
294 306
132 397
45 97
299 427
249 270
49 125
298 434
74 418
44 359
124 364
147 337
70 415
6 51
437 498
112 441
82 262
145 396
110 302
123 204
205 390
1 260
54 409
24 28
81 100
80 393
271 480
264 390
325 449
153 185
62 165
93 223
42 43
341 493
445 492
397 436
240 373
66 418
107 388
1 78
292 446
111 276
3 215
258 357
215 423
87 409
376 401
160 274
64 390
125 431
71 435
45 323
83 108
320 498
0 291
137 227
29 372
339 441
156 161
257 325
314 452
76 443
143 284
232 290
109 182
65 442
62 486
219 382
9 168
23 168
21 130
39 347
294 494
327 436
80 362
15 253
17 82
60 322
47 487
251 338
2 275
32 382
190 474
68 213
87 377
304 329
292 493
53 391
402 488
227 394
152 288
61 331
29 64
17 201
95 265
236 287
20 472
62 171
278 461
77 415
368 454
226 356
75 317
32 276
104 320
125 213
297 336
294 426
332 495
146 344
61 176
160 294
321 434
76 208
180 423
181 454
104 454
76 391
332 371
395 436
269 293
43 409
85 255
233 348
145 244
67 145
349 494
56 62
270 352
75 101
298 458
328 457
394 431
237 263
363 373
9 442
207 477
374 408
134 149
43 196
14 472
365 491
140 186
221 225
100 123
96 233
104 245
172 197
63 441
134 326
46 155
92 103
125 465
75 215
41 223
152 362
89 332
122 431
162 342
4 318
395 403
168 174
135 287
167 365
255 380
261 359
186 290
331 366
327 373
193 318
126 260
162 481
94 131
299 410
108 343
406 445
428 455
243 253
72 241
299 344
105 292
67 142
1 27
81 250
0 94
66 159
417 458
2 125
114 303
272 462
33 284
137 366
0 472
290 386
22 434
89 252
101 302
105 318
29 173
198 235
12 469
5 310
260 323
91 418
127 297
413 450
70 302
180 243
432 474
26 266
336 439
9 21
260 310
421 468
143 186
3 223
79 485
365 380
221 449
210 443
242 429
267 366
27 443
313 456
234 394
305 428
96 399
125 172
61 286
28 492
39 330
277 305
149 309
112 257
178 403
6 395
8 320
27 261
399 470
124 447
88 101
139 390
189 260
308 497
131 202
261 435
260 408
120 368
21 143
48 329
22 91
58 137
19 256
68 273
18 340
120 134
143 401
111 226
161 472
284 293
41 499
22 396
409 443
5 232
19 483
135 445
100 335
264 287
248 349
27 335
315 499
41 426
28 201
81 473
420 465
97 216
89 360
198 340
49 175
26 378
353 428
88 302
152 188
280 454
328 477
356 422
74 218
168 284
12 233
7 496
240 246
84 285
70 486
270 442
51 122
203 373
342 461
337 497
142 417
444 492
214 426
142 252
11 93
117 125
55 469
294 331
256 295
89 465
418 426
106 466
151 303
105 395
208 475
81 280
29 293
84 497
102 365
20 267
159 430
32 417
126 459
261 357
310 495
68 117
3 486
75 332
325 481
29 248
227 405
342 346
45 445
80 466
54 429
146 438
94 268
228 250
216 367
304 332
143 398
378 394
35 462
75 489
12 195
493 496
253 486
94 366
70 439
158 289
156 218
286 469
112 490
311 464
265 371
298 353
111 381
109 154
227 288
289 443
110 201
218 450
76 450
354 480
239 313
350 428
481 489
245 346
26 60
102 200
25 496
184 408
187 371
458 488
108 326
200 267
326 433
36 388
82 257
274 298
69 283
196 256
327 364
298 444
51 214
74 400
112 144
204 221
260 400
115 346
41 222
150 320
128 194
333 437
129 257
287 391
10 95
110 327
239 245
129 343
149 415
7 18
187 317
136 161
100 404
57 68
36 261
95 401
85 447
159 293
156 471
294 496
1 402
124 338
390 419
247 366
335 460
305 397
39 166
114 379
258 367
259 455
396 450
41 430
478 491
34 254
33 322
274 291
69 240
122 251
85 205
137 270
111 165
273 277
429 449
135 176
3 242
320 385
173 415
6 349
378 427
252 398
107 438
18 345
181 312
313 327
140 281
313 442
13 164
165 308
236 331
285 331
63 314
266 401
64 192
338 450
297 340
374 384
170 319
334 396
105 246
24 259
324 402
266 387
298 428
51 139
76 263
85 458
264 375
209 479
286 416
178 212
131 372
21 26
111 177
145 428
122 143
186 298
138 433
79 393
0 13
81 422
260 266
42 337
207 319
165 369
233 472
69 180
48 214
39 161
69 128
97 267
237 278
187 430
81 315
155 209
75 280
220 274
216 237
364 388
164 344
50 237
51 172
148 433
32 107
161 348
459 478
401 437
94 346
365 495
302 412
76 354
59 139
240 407
364 394
92 207
150 249
258 418
149 295
19 196
175 192
251 394
143 432
93 107
151 181
179 379
44 201
267 346
95 234
96 323
322 414
322 450
382 493
216 324
322 396
68 195
284 285
257 457
5 142
364 378
9 60
30 137
109 127
69 395
279 283
112 336
6 78
16 250
272 468
259 428
115 128
232 266
70 494
19 146
121 342
15 293
150 326
176 484
57 211
1 161
426 470
5 343
291 342
192 314
267 272
136 186
89 148
171 206
199 229
208 294
126 429
46 70
296 302
168 471
29 493
103 452
93 108
12 272
0 349
202 323
218 469
41 171
52 243
193 486
86 163
26 130
25 48
177 380
82 309
284 442
218 433
35 404
34 119
46 163
209 410
102 341
182 213
58 210
22 79
358 428
195 267
30 198
295 496
206 420
244 453
201 313
72 436
246 401
179 400
387 483
88 220
13 106
2 440
375 399
165 175
52 420
142 233
13 168
126 222
3 282
4 171
131 300
144 436
4 212
140 480
163 292
111 124
99 137
120 206
302 472
273 358
318 385
214 278
0 255
63 98
68 135
5 393
274 440
28 474
252 285
197 337
250 270
24 344
212 319
148 207
166 185
282 437
103 210
56 126
68 484
258 432
102 486
140 251
144 167
271 485
19 458
350 396
90 267
366 411
248 259
149 274
80 150
215 386
55 103
38 94
85 229
175 366
210 287
355 489
290 347
94 297
334 414
39 423
137 210
108 241
89 179
131 177
46 166
48 121
97 158
246 365
8 321
60 420
30 114
231 450
88 497
282 290
114 211
180 483
95 447
18 213
75 490
101 365
269 490
48 101
35 360
208 221
141 224
235 406
63 273
3 400
408 498
28 129
13 175
106 221
33 62
41 292
201 492
166 223
47 97
222 315
52 112
327 453
38 150
1 267
90 292
137 241
249 340
42 197
229 465
64 184
179 498
152 187
351 409
227 274
241 328
122 433
73 346
95 272
4 299
29 343
257 384
53 314
276 479
332 414
205 423
418 425
35 315
173 413
134 192
381 472
228 445
172 480
25 386
356 478
366 440
313 494
251 385
354 365
35 239
100 383
365 492
45 69
304 485
253 296
350 448
111 487
94 305
22 154
343 465
212 417
290 391
12 369
24 375
103 453
325 475
295 471
52 451
409 433
9 447
35 425
172 310
61 369
382 482
12 151
418 423
342 393
193 391
372 417
19 455
92 485
32 476
308 378
289 462
327 463
199 268
84 363
115 161
215 419
380 490
102 255
232 355
347 405
309 358
55 217
45 406
37 410
91 498
211 392
11 361
263 475
75 209
135 496
35 99
11 176
63 116
139 326
250 498
316 345
278 433
325 472
311 381
320 458
262 374
40 365
238 426
158 456
25 479
49 76
180 321
0 315
140 257
273 427
185 428
262 424
455 491
65 167
84 191
189 351
189 195
110 284
43 49
212 328
31 186
92 182
182 381
201 387
13 485
261 286
105 377
204 244
336 433
258 300
409 445
112 177
196 435
214 222
198 226
108 345
179 392
1 422
301 441
142 186
377 413
242 312
38 258
100 164
27 191
94 192
409 440
53 364
117 303
112 194
86 358
87 492
375 445
180 235
191 203
337 345
252 322
53 232
247 448
47 437
2 471
100 166
386 469
315 443
63 114
7 470
95 108
202 354
141 283
128 170
259 439
134 362
436 454
46 360
261 293
173 437
104 367
41 467
366 442
109 428
174 301
160 480
162 358
215 307
280 287
270 354
30 287
177 388
9 196
106 472
285 301
159 303
249 309
229 479
444 450
116 264
132 268
305 318
44 429
315 317
150 170
163 392
228 390
192 290
78 228
7 90
164 316
56 411
220 456
159 317
11 104
133 480
104 365
255 269
76 384
176 324
32 197
48 415
305 371
212 476
54 296
123 251
2 105
359 404
22 180
17 358
162 374
147 319
318 454
110 199
39 286
100 243
110 454
362 478
41 457
80 496
78 356
51 243
133 497
79 364
84 347
196 343
167 492
391 469
38 456
3 306
72 473
359 401
307 443
354 491
436 469
298 487
76 479
200 395
16 289
331 390
188 250
97 350
33 158
0 314
55 187
264 438
201 218
366 376
294 343
168 408
39 319
101 194
7 323
152 262
72 125
382 406
61 162
28 82
176 435
144 198
381 388
131 335
94 387
117 177
271 441
423 497
31 385
51 306
215 406
266 454
107 251
157 212
328 357
351 370
201 331
117 400
267 411
197 423
191 317
73 462
229 477
281 466
113 162
70 94
62 483
88 328
249 258
57 130
277 471
85 439
11 193
118 169
354 419
7 150
125 273
89 497
103 466
125 362
388 426
46 255
34 391
211 295
435 486
43 284
294 411
312 426
108 416
170 361
127 210
165 351
363 428
207 385
213 404
66 165
93 207
250 464
205 217
54 351
311 347
175 208
342 422
254 371
322 378
159 483
36 110
118 493
295 419
73 424
199 209
131 400
99 147
427 432
229 444
225 294
81 84
210 381
195 202
102 243
283 291
69 153
370 467
103 390
231 243
153 439
131 326
73 480
81 375
387 421
382 391
301 325
261 383
132 237
117 413
94 394
34 476
128 374
190 404
99 412
268 277
78 83
118 404
105 207
216 382
358 374
30 292
92 211
340 461
15 487
119 276
347 410
473 491
391 398
152 430
80 103
68 228
334 335
263 319
182 247
170 484
54 233
24 25
229 467
35 82
5 102
360 369
99 193
181 189
428 479
137 492
131 309
60 170
392 468
113 467
34 492
87 419
74 303
203 462
227 400
207 370
79 207
403 420
290 494
155 156
199 255
50 165
354 484
141 286
324 361
169 327
202 456
121 380
56 340
283 491
186 376
406 418
211 354
199 251
69 474
116 247
212 376
18 319
19 46
157 266
369 376
184 449
54 252
105 272
154 184
10 101
198 220
109 246
29 169
109 245
90 295
8 361
45 84
331 417
105 172
243 458
15 32
94 345
105 154
193 300
136 390
363 461
181 190
297 476
270 408
21 151
290 484
13 15
29 390
285 343
63 284
62 214
109 265
116 392
50 460
150 312
121 437
156 219
148 330
325 402
19 195
263 285
96 391
102 256
384 452
8 466
163 329
66 168
48 151
272 351
82 112
101 391
67 171
454 473
59 267
183 449
251 463
131 178
20 318
69 345
132 362
42 155
58 395
147 193
209 494
167 184
70 443
133 303
233 299
428 462
146 269
9 189
6 379
33 435
249 387
107 266
134 319
337 459
209 422
36 353
48 128
274 466
208 275
16 266
178 368
337 494
80 341
134 227
296 451
174 366
237 349
128 433
23 49
204 326
152 317
86 312
112 169
256 262
163 430
402 420
95 157
140 333
87 89
435 487
153 176
373 472
116 157
8 218
102 136
183 460
30 83
279 301
83 98
192 356
95 455
90 219
29 376
188 232
327 391
331 426
207 419
302 388
76 305
37 445
216 427
115 288
357 483
5 408
51 183
94 219
31 491
258 343
45 182
243 254
206 242
94 435
344 389
8 71
321 462
93 117
21 416
145 262
122 403
120 129
204 402
48 432
180 459
321 476
462 471
95 301
280 355
26 263
184 251
79 120
193 350
205 437
40 467
85 145
5 94
32 162
154 488
43 320
227 377
16 76
352 473
345 373
8 196
97 342
20 330
242 247
239 292
84 202
82 246
62 281
205 249
405 423
69 489
149 328
0 184
252 351
21 35
260 418
53 166
262 338
172 316
347 445
59 157
47 473
9 194
47 208
193 363
212 274
37 498
140 324
22 239
75 93
67 212
88 184
252 366
282 374
87 463
206 241
105 109
23 326
476 492
133 241
51 276
264 412
150 440
363 437
232 406
51 392
320 322
223 228
61 219
93 364
369 433
200 239
132 458
52 253
26 249
334 353
276 456
176 295
20 287
364 374
50 151
8 41
3 104
89 220
190 328
422 425
381 462
50 402
18 453
368 419
94 446
383 491
256 305
305 349
206 467
67 411
112 270
35 438
37 438
438 439
11 319
91 221
54 276
202 364
6 325
125 420
156 381
186 427
236 325
104 348
199 245
216 398
121 317
70 231
24 27
153 232
246 461
23 287
225 340
308 473
276 434
6 137
2 170
22 238
324 428
165 390
356 370
123 220
268 346
424 483
243 266
378 453
345 364
140 262
41 209
168 490
39 193
269 311
187 424
352 361
95 381
18 315
165 419
214 442
110 253
71 358
109 337
102 349
112 374
429 495
29 329
112 252
278 343
238 309
103 120
55 62
49 207
228 411
279 433
91 182
135 408
14 124
3 324
317 423
43 166
156 361
184 486
154 407
442 472
70 357
449 456
208 400
232 367
96 255
104 380
270 299
297 341
16 90
143 220
11 371
394 413
4 10
52 271
92 119
259 344
12 347
159 195
88 335
165 388
33 153
43 380
80 224
106 383
30 112
30 51
185 271
4 460
2 400
360 399
292 412
37 275
255 480
224 374
190 410
86 91
199 333
73 415
290 307
191 389
307 453
344 441
324 369
149 498
69 236
46 333
35 86
392 485
109 443
246 451
216 441
271 323
168 294
353 498
33 301
211 441
204 434
219 380
60 88
68 440
119 191
64 71
72 376
134 314
143 216
22 166
103 105
132 252
15 473
45 231
43 279
151 402
310 363
158 460
295 411
215 467
193 294
371 482
139 460
26 411
76 396
96 147
389 452
76 267
7 45
46 491
104 411
308 463
224 466
63 421
196 480
193 377
68 127
240 435
121 384
308 368
32 251
143 283
303 315
197 440
2 297
188 269
173 304
23 378
99 456
484 491
36 391
11 221
181 437
411 473
281 300
333 469
161 292
78 377
21 47
125 405
35 377
89 101
53 466
1 18
28 349
108 344
120 230
158 278
227 352
164 421
266 292
9 40
41 224
92 97
138 382
103 195
184 301
112 117
33 290
147 350
71 362
2 456
286 352
308 412
463 491
86 206
148 233
108 163
117 423
76 229
42 382
272 291
97 117
62 260
426 460
167 209
178 337
287 379
134 465
271 331
6 422
211 410
194 435
54 59
160 225
65 134
210 367
9 385
154 304
14 492
155 338
323 368
61 255
60 422
332 412
22 153
126 382
268 457
120 130
251 447
50 136
12 416
258 454
351 467
42 429
355 479
245 348
137 257
165 454
71 443
6 233
146 267
383 417
334 465
146 297
152 181
203 321
296 400
71 444
93 299
420 452
85 489
138 387
75 405
395 429
43 308
317 376
12 54
70 101
37 208
133 177
278 341
166 345
247 287
22 45
32 384
266 438
74 318
171 399
91 232
315 378
77 80
267 378
294 344
160 269
24 220
54 469
16 101
25 59
201 298
206 286
49 260
137 372
161 479
288 470
130 403
17 270
250 473
32 217
174 338
216 288
17 458
62 419
218 380
175 374
14 182
33 218
55 463
191 438
234 473
268 376
55 364
194 485
237 365
6 254
205 463
87 165
202 209
135 164
204 237
116 232
386 496
297 467
27 252
134 140
0 330
90 433
169 273
457 478
97 337
335 415
217 406
230 496
21 268
51 356
18 113
193 484
150 450
50 248
142 398
416 459
154 257
228 467
49 141
350 489
24 485
79 252
28 471
157 461
278 326
76 249
258 366
278 397
387 476
226 391
247 259
6 105
427 466
267 486
218 489
123 427
95 326
361 383
212 479
166 324
304 315
356 445
212 292
6 131
91 365
251 420
371 489
38 367
165 418
110 472
41 203
201 360
331 414
0 225
36 405
337 484
409 468
414 488
5 59
16 82
201 493
367 489
129 306
31 478
17 400
86 175
55 325
226 499
57 247
276 323
34 381
223 423
110 221
245 355
135 399
75 159
61 105
310 405
83 436
112 397
365 386
189 291
262 477
262 346
133 452
70 409
130 499
107 226
200 208
280 457
81 489
6 12
50 140
54 160
77 462
66 458
28 378
225 355
79 498
316 403
192 441
360 431
68 145
124 125
142 366
86 433
96 444
264 296
62 100
0 152
111 172
224 239
53 233
201 282
106 129
173 349
243 256
5 281
194 448
286 331
110 357
122 253
107 248
41 158
306 385
128 310
95 268
205 453
125 459
210 297
276 498
9 358
33 473
232 345
254 294
288 309
36 189
208 488
405 439
168 461
31 320
11 478
114 130
159 458
5 70
30 387
72 81
46 395
113 401
143 329
314 402
6 305
259 401
51 73
1 203
120 222
212 478
327 377
48 377
197 246
16 306
184 307
179 374
290 311
60 245
197 328
166 355
219 444
93 112
39 486
125 193
126 322
116 207
158 225
63 450
227 465
252 281
72 212
151 215
18 74
161 234
124 436
83 298
200 345
436 464
160 475
55 169
205 238
313 432
375 494
64 317
89 256
86 205
156 338
135 190
302 374
130 275
135 385
315 393
125 374
167 338
198 240
91 307
67 148
170 495
173 453
119 375
167 330
177 312
105 194
142 430
209 437
59 312
342 401
42 284
254 299
368 427
9 255
178 284
72 404
49 382
264 349
118 300
268 312
0 355
224 237
405 471
167 459
42 332
280 299
69 276
42 92
217 306
34 162
63 267
335 343
164 194
235 349
158 450
10 138
297 471
172 264
75 338
180 345
210 435
101 172
238 319
118 499
422 440
32 51
19 164
190 475
107 340
79 323
101 193
249 485
324 459
159 348
58 106
204 445
261 356
413 453
137 367
130 361
195 321
263 312
294 352
82 491
19 20
185 341
58 129
13 393
70 96
42 296
25 239
266 307
302 487
61 167
424 447
68 471
180 332
230 293
11 285
230 256
215 254
249 457
116 122
92 147
41 296
350 424
202 492
311 350
199 413
61 434
142 353
41 194
330 478
208 464
57 234
301 433
115 190
97 187
104 248
190 224
2 352
16 260
66 490
409 489
38 155
80 402
101 221
388 424
84 103
192 457
146 409
153 372
410 461
9 257
394 483
33 214
278 369
143 374
104 187
27 473
180 324
256 437
182 442
172 179
12 121
91 147
248 381
98 227
203 459
111 368
178 236
67 238
272 337
33 248
41 149
109 468
48 420
138 318
90 491
281 389
199 212
363 377
359 418
406 419
121 127
187 338
349 426
287 292
231 462
59 395
142 267
231 354
51 336
169 386
5 99
142 450
24 162
409 474
144 304
304 326
69 444
92 499
59 387
183 290
195 322
40 284
133 207
99 187
106 272
71 396
242 430
36 214
286 320
60 378
34 482
450 495
102 421
168 214
16 113
159 370
81 331
113 439
5 429
30 124
489 490
197 297
74 488
145 270
280 427
159 314
80 169
160 400
57 337
374 407
97 120
171 228
119 451
91 426
10 145
406 462
266 394
178 285
401 419
73 173
350 452
242 372
433 491
180 210
185 205
140 149
437 459
64 133
229 490
56 207
4 328
359 474
48 96
40 347
230 291
62 334
266 419
174 258
60 369
169 482
150 457
2 273
28 155
8 441
234 440
320 370
4 86
171 307
443 497
336 442
240 274
75 138
47 372
84 150
140 213
71 421
0 173
87 200
125 491
61 289
29 333
164 338
22 85
377 441
365 379
123 339
174 407
53 167
24 493
131 245
174 209
312 354
23 299
243 346
379 485
17 454
197 344
204 266
282 295
158 174
318 421
19 105
76 326
17 27
20 351
34 464
137 143
344 422
296 413
181 248
23 152
91 451
218 365
168 410
22 256
11 327
391 489
300 435
384 492
9 373
288 388
128 491
28 65
54 354
146 311
148 156
89 147
204 253
117 305
75 216
46 301
388 488
346 394
38 398
71 234
99 160
202 262
2 339
71 153
66 493
183 396
216 242
189 308
275 441
26 410
179 220
82 239
256 269
193 399
225 464
43 289
385 466
12 473
166 391
13 272
325 348
91 130
83 116
81 293
92 151
215 379
216 277
116 260
353 385
173 372
141 261
30 203
33 44
66 173
36 175
128 355
276 317
18 91
196 308
37 326
71 336
123 488
58 111
122 258
118 305
276 319
210 474
78 425
285 385
228 229
48 62
133 335
228 396
59 334
83 215
358 487
328 335
38 310
165 398
218 393
192 272
228 458
147 299
97 273
197 382
270 285
57 465
42 161
325 498
299 395
119 331
26 344
155 387
439 450
302 351
174 414
361 386
221 489
116 362
181 474
68 219
29 92
429 478
365 485
126 295
118 230
147 224
255 486
47 230
217 279
120 429
167 333
20 88
77 127
168 442
50 212
19 83
62 444
212 483
46 199
98 206
404 417
86 427
236 421
36 223
295 354
137 395
91 208
114 151
93 316
113 127
76 144
34 171
83 444
128 267
193 233
123 272
19 220
122 156
20 128
457 484
104 284
34 213
314 457
243 480
303 462
0 270
16 71
109 236
74 359
12 46
284 458
127 285
83 230
103 207
220 485
32 488
305 499
226 425
222 266
46 197
405 430
122 388
140 275
219 426
12 490
38 465
163 185
156 347
171 318
6 16
149 444
107 278
23 89
202 488
386 447
382 446
9 440
36 390
32 308
78 144
445 447
175 243
399 489
157 330
4 412
47 102
74 397
124 391
480 495
113 494
44 357
259 432
29 441
326 417
179 337
178 370
18 288
37 199
76 470
390 495
126 229
79 356
37 153
102 165
83 398
99 315
177 406
63 270
303 365
235 249
218 264
0 408
41 245
170 177
356 375
149 250
148 270
132 490
199 315
197 486
312 490
68 166
247 327
152 183
144 348
291 393
361 471
296 316
187 467
7 239
231 325
7 241
104 488
11 37
405 472
325 364
12 495
97 444
18 317
134 306
17 452
327 432
178 411
202 260
478 492
358 432
44 58
107 463
131 418
66 281
20 133
42 395
87 468
42 329
6 473
183 218
220 309
349 491
300 408
193 370
56 69
22 105
322 398
41 344
34 227
323 324
408 426
79 454
281 319
139 454
334 470
349 425
342 373
362 373
220 333
96 471
163 256
149 196
362 466
300 456
308 394
50 129
75 196
8 228
239 343
298 349
105 158
4 146
359 434
51 74
312 353
13 185
240 243
219 405
259 320
186 285
238 355
126 329
17 405
137 464
72 423
312 338
75 129
162 246
269 491
16 37
148 336
351 414
221 231
7 394
62 351
215 493
76 149
44 410
360 397
209 303
327 359
103 433
211 269
146 469
25 152
85 405
162 496
135 147
64 207
162 483
65 175
392 435
46 81
110 481
394 478
391 443
226 493
172 317
132 233
166 245
85 187
70 76
120 376
359 373
346 482
333 407
17 282
9 46
156 451
144 155
103 381
182 334
258 420
169 309
21 158
299 466
58 394
267 334
186 269
151 344
386 478
122 460
31 396
165 428
370 489
136 214
89 367
207 335
206 305
209 269
11 40
216 238
334 408
237 283
96 493
303 322
329 489
91 472
116 429
20 310
24 144
359 413
31 358
132 323
98 291
163 495
161 481
138 227
274 461
349 421
264 288
220 256
206 281
13 419
191 278
320 489
314 437
295 399
7 76
97 360
118 351
154 278
37 177
403 468
137 369
238 450
98 407
179 477
23 404
60 326
233 401
104 163
463 473
333 342
349 473
484 495
42 356
170 287
116 182
242 390
59 150
8 251
173 491
136 146
126 214
29 285
109 251
237 477
196 279
133 460
145 444
17 193
78 398
226 441
