500 2954 1500
5 25 13 6 12 24 13 5 23 9 5 13 11 11 19 18 18 21 11 17 7 19 21 6 16 8 22 5 7 18 17 13 8 17 11 18 15 19 20 19 18 17 21 23 23 9 11 15 12 5 12 14 23 9 24 11 12 11 12 9 9 6 17 18 7 20 22 5 15 6 8 8 23 21 23 7 11 22 12 21 6 22 18 21 13 6 24 22 24 21 21 19 11 20 21 17 12 22 25 21 6 23 15 16 14 25 13 13 25 17 10 14 10 24 8 14 20 21 15 16 24 10 8 21 12 12 13 16 17 7 19 7 5 11 13 17 16 8 14 8 25 6 16 9 16 24 17 8 23 8 12 23 7 16 19 14 23 25 14 23 25 15 22 19 22 17 6 11 5 6 17 22 7 23 22 9 11 18 18 8 22 21 17 18 5 8 18 18 23 6 10 15 24 14 5 13 23 21 11 19 20 20 10 17 23 14 7 10 19 13 10 21 13 15 6 20 6 8 10 15 9 24 6 16 11 17 17 24 7 22 9 7 22 12 25 14 15 18 7 24 25 21 6 5 25 23 11 11 9 9 7 18 13 22 24 10 21 22 12 6 11 24 19 13 11 17 24 20 22 17 17 25 18 17 6 9 6 13 13 23 7 18 5 25 17 7 7 13 15 21 16 7 22 13 8 22 21 8 13 22 14 6 22 10 11 18 6 16 11 24 22 25 25 5 25 15 12 17 17 21 7 13 17 13 19 5 9 22 21 25 16 12 5 5 5 7 7 17 12 22 11 6 15 17 24 7 22 13 15 14 16 25 21 17 12 8 18 19 9 21 12 8 12 17 19 14 10 24 24 20 21 12 15 18 7 9 10 8 20 7 20 15 17 5 13 12 22 16 24 16 20 21 8 7 7 19 12 17 11 5 21 5 14 22 11 13 17 24 10 24 20 25 25 8 11 23 9 8 22 21 7 15 8 23 5 16 8 23 9 11 14 11 7 6 21 10 7 24 24 23 16 10 19 6 16 15 25 20 22 5 23 5 16 15 24 23 22 18 9 8 20 11 8 17 25 6 11 19 11 10 11 23 18 13 9 12 12 21 20 13 25 18 20 9 19 18 25 8 22 22 12 23 14 8 13 23 16 25 6 6
3 18 12 17 6 5 14 13 11 3 6 6 12 11 4 17 10 5 3 6 11 5 4 5 10 20 18 7 9 10 19 8 9 12 13 8 14 6 6 5 3 10 10 17 7 10 12 7 18 5 9 17 14 11 9 5 7 9 13 3 4 20 14 3 20 18 4 7 11 14 20 12 3 7 18 19 7 3 19 5 19 19 7 15 15 5 18 6 18 9 3 9 4 9 13 3 5 14 16 4 16 7 8 20 9 16 14 8 16 8 10 6 20 18 8 16 3 5 16 12 17 17 8 16 9 11 16 4 9 18 3 9 7 17 3 4 20 9 8 6 11 11 7 15 20 6 10 13 15 10 4 10 8 19 11 13 15 15 13 3 16 4 10 6 12 17 9 17 18 10 4 6 8 5 3 5 14 8 7 17 20 11 9 15 12 9 4 3 12 7 7 20 3 10 3 8 3 18 7 10 17 12 3 10 5 15 20 16 19 6 9 5 16 8 18 15 4 13 9 3 3 19 13 15 3 8 5 7 11 6 16 9 14 19 9 15 20 8 4 7 12 4 10 12 16 12 5 4 5 11 7 18 15 6 8 20 6 5 10 20 13 17 7 10 5 6 11 17 20 9 15 3 12 12 11 14 4 16 19 15 16 16 7 18 17 20 5 19 8 19 4 16 15 8 18 5 4 3 12 14 3 19 20 8 9 11 3 11 12 7 4 8 12 3 8 6 20 4 16 19 10 15 15 15 17 9 14 8 10 11 17 9 5 4 20 8 15 5 9 11 16 4 16 19 11 5 4 12 8 12 11 18 14 3 15 9 6 20 20 8 19 9 3 8 7 16 4 7 10 17 9 15 11 8 4 11 8 14 9 9 7 18 5 18 20 19 11 13 20 7 19 17 6 8 8 7 6 17 7 13 20 12 3 10 13 16 3 19 16 10 13 14 11 3 16 19 5 4 16 18 5 20 15 10 8 6 14 7 16 13 10 11 12 11 10 11 10 13 16 17 7 13 13 12 14 19 5 17 15 17 5 4 9 13 11 11 3 5 11 17 20 19 19 3 5 12 17 13 11 11 9 3 16 3 18 15 3 12 3 12 7 4 5 12 10 12 14 13 6 17 10 6 20 11 20 7 12 18 16 12
194 462
296 340
137 340
66 250
327 366
200 442
115 200
111 285
132 354
121 155
361 370
90 112
155 235
11 114
177 181
184 381
1 314
153 272
411 440
119 454
66 248
16 353
247 420
159 278
225 346
167 311
153 315
330 341
125 318
29 203
56 414
208 335
41 452
167 361
140 474
232 402
149 365
47 460
117 308
237 395
257 383
61 149
46 141
4 188
51 122
360 477
70 419
61 469
169 294
436 489
285 435
60 189
148 285
94 384
124 280
67 112
272 319
221 495
349 392
43 50
81 119
132 341
226 293
163 254
98 270
195 386
206 341
127 266
191 214
62 317
203 394
380 440
165 182
221 308
171 483
397 479
67 307
59 394
297 300
161 356
420 473
218 278
107 134
4 158
424 427
27 60
84 87
146 306
106 383
32 366
272 497
161 473
378 396
465 484
100 209
259 262
118 434
106 237
394 496
11 420
177 370
33 34
228 411
225 399
160 264
50 407
311 339
212 455
30 124
60 206
100 296
44 172
385 401
2 202
220 372
17 378
116 486
121 434
194 304
293 371
84 464
102 489
220 265
27 108
127 269
3 411
46 485
136 394
186 445
68 353
182 476
104 365
91 121
162 434
43 308
228 372
338 400
142 322
325 436
120 313
261 293
96 173
8 51
123 137
25 356
260 350
168 370
261 471
81 189
463 493
216 309
15 424
192 343
60 351
115 355
0 210
365 478
75 283
361 368
421 424
9 196
115 300
120 412
175 268
38 93
5 170
193 362
34 425
46 340
281 407
179 478
55 313
225 358
71 142
16 222
95 179
74 217
232 475
119 243
303 498
332 429
183 344
204 405
104 121
26 324
88 457
130 141
1 405
193 473
5 396
37 479
176 325
51 388
16 201
28 219
312 378
215 386
76 135
77 337
231 385
10 35
219 354
275 372
41 473
65 162
217 286
209 329
194 264
83 257
159 461
329 376
24 343
354 445
338 469
48 212
108 353
155 236
90 173
133 378
24 460
80 278
446 468
402 475
211 253
114 335
60 253
15 311
220 427
197 310
113 316
382 437
180 194
242 478
35 210
135 273
82 318
247 334
28 53
29 168
95 403
24 143
185 332
249 311
324 363
1 188
69 396
109 391
28 348
437 477
359 414
119 169
56 318
2 332
118 281
317 471
8 477
111 149
89 310
252 329
248 306
214 460
149 194
60 80
27 488
13 85
57 151
65 98
85 135
60 391
93 224
241 247
304 373
245 359
116 426
49 99
256 288
9 159
72 369
31 110
202 426
331 483
142 499
169 293
326 366
32 285
247 491
242 312
218 350
60 94
246 266
305 340
211 239
89 440
4 385
146 345
372 472
180 417
93 249
83 379
77 483
14 249
35 136
55 146
22 336
24 157
176 272
38 211
336 355
59 160
36 320
236 310
162 365
148 420
187 388
117 428
37 72
51 339
38 418
125 305
15 150
57 389
106 497
225 442
175 472
116 312
241 480
17 372
129 171
207 447
116 201
371 378
22 187
168 403
297 311
262 465
40 146
188 309
221 257
239 294
65 234
53 482
325 331
216 289
179 275
382 456
77 324
101 249
158 254
366 386
45 110
51 486
383 478
276 484
49 71
141 377
123 291
361 418
58 309
8 464
343 372
95 353
91 443
157 383
27 412
393 469
8 424
217 441
149 270
192 376
226 404
120 428
5 389
32 455
118 423
320 498
54 142
323 391
58 303
223 256
177 381
140 297
134 464
185 323
389 419
321 434
227 490
106 298
18 43
120 192
243 478
145 285
322 413
88 427
310 470
88 229
99 414
221 401
405 461
123 195
55 344
12 363
290 492
31 376
85 260
100 208
371 420
32 341
57 425
101 476
102 409
5 213
360 464
177 394
202 265
125 206
67 166
215 317
161 219
91 415
120 455
156 321
275 382
99 216
22 23
74 462
192 321
54 373
5 267
222 480
83 300
48 426
360 394
42 140
415 465
201 298
162 452
274 388
11 495
37 169
240 353
316 443
4 140
129 464
217 459
35 397
203 266
11 156
36 46
35 215
179 482
277 352
141 244
235 242
468 487
215 223
328 458
268 487
7 250
96 219
397 476
402 448
144 313
63 475
258 285
126 468
47 398
284 311
145 427
53 457
286 368
92 123
247 487
145 355
41 391
209 406
185 203
10 480
68 432
145 437
119 306
107 283
46 149
139 388
168 418
255 469
123 400
78 451
37 224
67 175
75 125
400 476
421 473
274 487
118 250
4 356
54 411
13 168
32 140
287 310
170 460
148 378
395 445
57 491
67 284
194 371
455 485
197 473
271 328
315 462
407 444
326 477
162 410
310 463
89 452
337 433
68 95
301 337
132 251
79 442
44 202
30 396
76 389
41 375
17 196
166 368
293 407
154 390
400 405
238 303
52 491
224 328
14 194
28 312
278 353
135 358
310 420
40 142
54 136
133 480
45 312
3 298
64 307
19 274
133 266
268 481
255 378
184 191
157 271
25 141
236 486
54 203
192 322
143 384
64 74
289 374
79 458
322 442
208 466
7 240
181 375
13 102
79 369
398 459
378 433
304 329
417 477
301 461
51 157
412 447
149 164
103 224
297 413
123 431
31 479
167 320
267 352
239 267
76 104
282 362
80 359
174 400
365 443
150 185
132 201
126 402
258 412
11 13
327 391
54 421
179 342
227 228
87 265
56 400
23 133
44 366
4 316
184 374
180 361
185 279
22 390
143 158
22 271
126 294
81 421
304 386
128 187
228 462
109 286
41 497
265 456
28 163
257 301
36 437
14 94
132 490
210 336
118 354
169 177
421 481
140 159
46 393
24 498
184 360
293 426
262 480
126 241
145 208
299 474
42 366
49 290
147 228
11 393
52 276
255 452
126 406
110 435
55 355
296 298
112 405
273 423
75 427
271 404
57 168
159 183
14 231
57 72
185 244
29 45
246 284
81 456
425 441
24 481
198 359
239 279
411 437
379 443
339 482
67 122
116 139
78 374
423 464
186 432
233 393
206 436
293 405
88 338
77 91
3 199
135 251
30 141
122 160
43 206
117 198
133 464
83 258
70 318
279 362
367 404
125 265
98 440
381 471
35 56
11 423
24 289
21 326
451 459
19 364
253 322
123 377
268 467
172 261
329 451
344 354
206 387
270 380
171 220
233 480
115 485
106 462
91 243
105 379
242 397
292 361
16 276
93 279
129 296
63 306
140 444
94 207
33 117
396 484
190 484
20 361
168 341
194 230
84 283
29 401
278 368
377 462
226 471
219 245
14 135
96 155
159 387
71 90
100 499
16 341
125 184
53 367
168 377
11 259
136 228
19 365
238 291
250 404
98 435
132 215
5 66
55 246
80 322
192 454
293 354
78 337
236 366
305 480
258 403
130 174
352 490
19 121
214 392
358 402
45 331
194 352
238 298
339 373
377 383
182 485
23 333
106 242
265 481
474 477
191 390
326 489
240 451
261 468
126 205
119 307
225 306
83 316
94 188
154 396
15 74
160 326
317 379
360 486
124 319
113 164
126 415
136 358
264 417
250 423
34 266
212 229
400 487
132 356
139 321
306 438
371 381
0 240
160 453
32 478
294 344
177 238
301 496
55 350
125 333
20 463
467 487
210 414
297 389
59 401
2 85
62 170
12 233
224 336
31 113
46 52
73 289
209 283
434 480
421 436
414 441
121 329
56 69
18 164
51 274
49 139
74 227
184 279
42 101
117 119
111 131
152 275
149 170
0 484
32 349
146 499
64 485
152 243
167 281
182 367
53 262
53 237
394 488
43 141
352 404
70 169
61 335
329 485
302 433
419 488
423 497
27 198
62 232
61 395
285 326
256 330
97 401
420 451
67 98
100 477
74 468
41 142
115 353
48 188
267 268
137 492
53 172
86 363
241 351
8 242
89 475
187 417
62 273
203 477
11 85
91 440
78 474
50 166
186 399
252 440
78 162
44 97
294 440
225 349
2 487
2 333
241 445
85 253
466 494
318 386
63 452
310 426
146 159
430 473
29 136
146 211
94 421
143 342
121 435
123 159
90 91
108 160
74 404
30 481
340 385
14 323
44 475
265 388
141 173
24 494
152 356
394 435
129 431
44 402
23 131
330 420
294 404
20 34
13 483
197 449
8 487
71 146
124 298
194 222
113 184
298 353
276 426
122 179
9 395
263 309
32 449
434 493
399 486
173 222
35 227
257 308
130 319
26 144
65 365
37 377
161 395
16 441
23 405
236 404
368 496
421 471
345 447
89 151
26 103
396 399
209 398
14 367
76 341
105 220
315 438
226 361
121 475
261 433
290 390
163 308
36 235
141 333
303 453
84 236
67 75
130 159
163 463
128 286
123 235
96 185
73 258
395 459
74 492
143 217
223 296
392 461
48 430
55 127
127 238
7 302
212 246
294 314
253 398
41 204
79 475
88 450
114 149
15 482
186 410
44 48
129 373
365 459
129 469
18 243
256 420
348 426
63 292
297 447
100 206
144 370
150 300
175 418
33 111
69 235
418 446
410 437
14 150
397 490
249 480
10 47
18 397
131 166
147 188
44 153
62 269
20 440
199 310
92 263
373 479
126 270
45 64
21 423
62 266
89 382
240 330
130 444
10 338
27 111
120 476
219 271
37 270
282 378
207 217
38 178
362 497
148 278
52 310
46 238
430 476
14 466
297 396
145 181
414 446
182 313
54 348
387 459
165 385
134 326
138 168
82 284
100 236
8 389
134 220
16 467
213 356
287 298
51 432
121 497
70 330
211 403
396 440
82 360
125 371
126 370
480 499
448 451
26 435
296 423
332 378
178 290
71 417
202 375
9 254
9 32
168 206
45 104
159 222
323 435
17 112
26 452
99 458
307 352
11 437
26 138
71 98
165 261
2 460
39 233
144 484
331 463
204 347
92 389
396 415
115 214
26 229
160 239
135 435
110 285
63 477
288 365
210 450
86 289
158 255
170 379
338 351
85 91
146 445
136 338
176 294
59 113
180 185
59 410
374 384
170 268
269 472
38 329
231 232
238 285
373 425
66 221
3 448
6 379
408 499
48 488
308 467
239 254
131 222
49 144
10 192
238 243
213 448
144 449
28 87
8 246
113 123
177 331
162 302
209 412
135 297
315 380
125 160
347 468
182 405
43 365
293 305
173 489
21 349
84 381
410 479
112 270
209 445
135 376
317 328
161 293
124 252
337 362
299 480
138 267
182 419
146 411
190 456
232 480
41 215
412 419
245 345
34 443
3 144
192 494
423 485
149 397
37 429
297 354
100 458
464 480
64 259
115 439
102 472
334 380
52 264
42 113
244 350
321 475
163 240
216 292
206 345
389 494
319 336
211 293
377 434
264 449
99 234
8 88
102 256
419 476
199 208
218 229
2 444
7 452
374 478
136 310
61 479
43 423
28 385
176 403
97 291
70 413
128 363
230 387
56 124
454 475
385 470
173 295
96 434
204 223
64 248
107 362
404 448
3 477
139 423
172 178
106 292
81 403
168 200
66 187
63 75
30 200
378 481
222 343
101 375
189 231
101 483
126 311
85 205
138 376
145 154
270 354
38 175
62 380
120 346
181 297
151 246
12 161
86 422
192 316
199 287
249 274
294 393
84 355
1 495
151 286
328 339
84 489
50 142
31 108
191 200
67 400
272 282
100 431
114 383
64 184
61 99
111 123
109 473
118 424
312 348
289 294
36 83
126 383
11 329
37 108
216 428
200 245
184 425
318 359
190 473
173 272
297 381
155 353
210 431
310 347
19 261
217 446
19 419
15 37
384 404
27 167
167 463
311 376
138 452
67 354
302 315
274 350
215 296
107 153
34 314
27 249
88 499
89 334
262 450
159 243
32 271
186 378
262 356
86 268
404 416
169 497
134 309
101 264
199 295
13 442
175 374
100 274
83 499
58 484
80 427
263 494
94 120
82 233
62 79
52 372
121 141
247 428
432 465
86 103
269 457
77 420
281 399
294 299
121 478
149 470
117 335
47 64
97 477
104 145
229 358
8 248
17 177
65 379
4 284
442 469
148 353
75 264
295 316
414 460
102 375
118 287
164 187
20 148
170 462
100 452
26 315
216 498
152 358
368 375
256 485
139 437
211 296
55 485
189 306
374 402
110 261
116 278
294 372
198 231
190 278
24 366
420 497
153 372
13 310
194 258
11 26
409 476
120 348
173 207
45 384
55 158
164 487
398 456
14 324
4 21
243 301
186 420
447 498
174 428
160 387
254 446
151 492
74 166
280 414
318 341
424 447
35 447
35 311
164 394
332 436
248 287
157 301
105 195
458 479
369 435
39 321
189 309
131 485
430 445
338 415
342 386
177 184
180 364
13 158
165 353
222 497
72 108
30 178
221 325
339 433
100 155
69 284
283 385
129 412
393 430
115 314
298 450
156 384
256 381
90 333
52 333
6 378
89 421
234 387
50 174
450 499
363 375
107 137
83 249
358 392
2 310
355 420
248 290
69 447
289 352
191 230
306 496
103 142
58 401
424 456
25 232
236 480
69 430
126 418
52 459
116 494
14 237
64 102
319 326
11 443
12 153
12 114
153 490
122 158
258 308
109 437
459 460
8 41
202 472
167 275
139 402
407 483
5 489
212 424
238 432
124 205
47 199
384 445
437 488
274 358
30 489
100 379
68 186
452 472
231 351
61 290
191 316
189 495
298 375
58 378
168 258
178 436
405 464
43 88
207 421
6 227
208 310
66 322
112 250
438 469
280 457
313 496
62 165
55 238
62 73
124 386
223 468
8 147
381 464
20 442
12 440
22 46
238 489
249 449
9 369
112 216
429 478
153 360
89 96
190 432
26 189
146 147
260 435
307 375
113 350
46 484
29 273
158 480
141 441
366 490
82 430
168 424
232 249
56 185
466 473
222 425
139 406
31 352
54 118
73 280
407 497
181 185
121 444
26 228
236 330
262 381
115 333
228 483
65 201
4 32
269 368
373 445
235 440
39 131
291 419
140 495
126 322
390 440
326 460
282 345
197 479
230 431
63 170
76 283
264 322
165 274
98 192
221 374
46 372
25 47
78 418
259 427
118 347
179 438
133 248
95 349
353 394
152 246
94 250
53 409
325 498
457 490
175 331
187 374
113 255
283 377
148 352
299 440
4 175
386 451
25 320
300 338
121 242
13 452
102 231
22 233
217 367
138 201
15 320
31 367
278 478
132 184
247 447
120 322
48 372
300 307
268 390
38 231
209 312
12 140
13 148
218 313
150 163
395 442
236 403
212 403
82 392
162 300
75 147
261 310
94 194
141 204
348 394
11 272
136 364
253 354
167 495
147 194
204 325
216 244
266 267
9 95
24 285
306 456
108 176
256 477
51 90
160 378
265 464
12 260
238 447
275 334
146 427
152 158
233 301
80 442
84 207
18 373
97 311
212 277
392 466
243 416
395 432
11 377
218 416
130 449
241 414
284 362
362 410
4 15
82 416
202 383
331 472
37 288
193 237
65 300
326 497
279 473
95 351
1 345
292 487
7 424
27 342
236 282
263 458
34 327
59 385
69 331
0 341
100 201
196 220
268 424
54 395
379 499
257 416
40 315
360 487
247 363
34 328
64 245
270 314
342 484
101 230
53 322
64 403
319 367
28 293
195 351
4 456
82 250
136 459
33 352
98 484
159 474
34 249
146 254
326 388
132 402
185 413
50 240
34 363
60 245
22 145
220 277
235 346
53 259
4 91
10 98
144 461
83 114
251 390
169 292
216 327
0 413
265 423
25 331
128 410
156 408
148 361
219 294
61 178
2 308
145 187
76 327
46 174
9 461
24 172
241 460
55 61
340 392
196 207
231 268
70 293
84 333
192 447
143 332
239 378
251 364
333 402
80 436
187 291
183 466
381 438
150 352
262 426
211 243
445 487
439 442
84 314
44 273
101 258
151 244
42 400
19 402
36 393
71 269
255 370
65 117
364 457
66 290
159 224
20 313
436 446
63 329
21 40
353 465
93 130
69 124
113 373
229 449
20 384
151 361
327 447
92 317
50 196
46 360
3 425
52 77
215 292
207 396
133 369
250 490
83 308
363 487
28 445
72 188
65 460
73 443
326 403
244 279
255 270
120 422
209 343
243 299
376 400
93 306
417 468
148 312
232 301
85 104
36 250
153 464
7 209
124 215
258 478
48 66
1 338
212 427
152 287
87 88
262 408
39 337
145 442
373 388
255 487
84 153
305 471
109 191
344 445
170 472
214 326
129 206
298 477
171 335
262 456
196 264
162 488
38 39
218 324
149 402
165 494
52 342
123 250
210 246
273 485
52 258
33 423
420 482
101 175
366 408
274 427
8 265
273 446
175 220
382 472
332 392
382 459
10 211
250 285
186 366
20 230
133 174
67 237
284 395
25 123
14 149
15 254
400 475
269 496
306 315
221 496
134 463
124 140
98 382
141 281
280 452
292 422
42 483
38 450
55 58
94 479
126 451
20 452
174 458
29 259
210 372
93 432
354 361
23 328
278 399
110 335
268 356
39 207
216 247
108 156
123 472
138 371
20 259
109 423
56 152
202 380
237 464
60 90
200 321
317 406
93 336
335 472
124 247
38 309
185 490
221 338
390 491
195 420
214 361
370 389
100 239
176 185
109 406
153 459
20 369
455 465
28 55
392 428
184 219
398 434
97 392
12 110
487 492
215 484
211 265
62 489
199 428
4 163
0 386
2 434
35 337
226 263
384 479
58 497
270 401
26 335
273 282
112 337
66 379
200 352
24 459
257 488
200 467
99 430
121 360
62 95
84 90
86 444
39 435
265 325
228 340
142 187
154 416
64 426
144 294
220 431
182 290
59 444
297 318
263 332
259 409
96 273
248 357
315 476
122 219
93 151
246 441
329 354
125 452
68 138
345 386
68 436
29 263
406 463
382 447
0 338
269 388
137 342
432 468
40 478
169 230
193 312
296 308
233 430
33 420
189 357
11 303
88 236
303 481
167 407
373 469
157 455
83 408
242 297
301 304
177 235
192 457
2 418
57 290
279 421
156 401
36 142
124 206
87 287
308 353
27 195
197 291
361 394
214 306
276 325
204 238
145 459
32 217
164 173
115 337
20 309
209 421
319 433
54 140
100 391
91 248
240 259
53 454
263 382
76 394
293 464
157 427
266 474
55 268
146 380
75 131
233 366
20 387
34 319
26 271
77 321
379 405
27 39
113 181
46 143
174 467
157 225
204 209
211 308
166 333
86 109
236 303
19 420
265 284
70 284
455 482
126 160
11 489
106 132
251 307
48 95
132 466
63 113
101 223
80 348
8 396
327 371
113 277
5 440
318 346
16 431
26 256
195 216
19 262
326 390
176 264
49 474
138 277
154 320
102 172
330 460
72 430
293 472
341 404
88 211
159 454
7 331
13 89
137 378
66 396
200 342
158 471
366 394
452 480
69 358
213 224
57 371
220 467
0 47
86 341
94 388
241 243
329 379
23 235
151 166
93 186
31 36
69 106
144 342
8 180
149 273
135 348
224 474
111 126
122 437
318 475
83 293
400 468
249 253
129 244
213 441
250 336
273 461
114 425
248 265
216 223
171 379
111 259
115 409
338 352
338 358
58 219
380 428
193 241
227 229
9 193
25 430
136 277
213 418
44 235
317 382
99 201
30 340
275 469
20 214
12 354
47 49
287 475
57 453
128 333
221 406
390 459
466 493
408 469
15 123
235 349
53 181
50 439
247 484
40 498
133 423
38 431
114 133
375 413
74 463
34 438
64 313
49 128
148 404
10 84
106 308
118 408
81 214
118 490
197 377
2 97
45 472
134 268
60 432
370 474
369 454
182 224
144 433
54 497
138 324
38 375
281 474
362 388
211 295
90 361
16 82
12 48
61 423
279 469
238 299
64 210
143 326
37 471
85 368
357 448
257 264
88 337
169 417
323 398
223 307
215 368
122 399
155 323
38 359
123 425
48 438
78 460
21 356
233 463
32 371
303 475
26 141
45 394
38 183
103 393
35 156
47 205
38 347
170 289
56 237
184 269
70 345
476 483
76 422
223 304
92 115
412 499
18 418
182 277
55 483
147 490
51 181
319 467
71 91
136 479
22 467
335 356
246 344
448 449
37 434
67 215
136 376
109 316
338 368
222 237
144 481
210 456
187 314
265 469
324 420
258 311
48 494
59 358
314 434
407 417
21 166
22 427
125 152
220 267
79 281
431 450
346 457
59 151
167 488
56 173
151 359
112 497
279 452
82 264
364 436
154 435
86 192
164 195
41 415
166 478
399 468
317 424
71 229
433 478
71 471
96 330
146 188
27 227
122 299
238 260
114 322
277 436
183 382
1 371
21 212
168 274
98 340
60 267
103 492
115 315
208 462
167 389
153 295
89 319
0 270
36 74
309 437
36 469
328 365
73 100
146 284
39 393
113 132
20 317
86 423
344 452
177 280
31 140
186 473
77 84
108 230
0 404
174 369
257 278
160 422
43 289
290 437
24 112
230 285
82 391
166 247
25 450
212 415
10 425
85 412
80 446
79 396
206 239
190 467
378 412
288 299
68 470
193 278
33 94
218 406
264 270
60 389
317 423
148 220
79 367
36 171
156 236
212 303
290 346
29 333
56 376
376 447
250 287
69 341
20 475
41 468
191 250
179 493
184 218
69 320
283 370
27 134
115 248
57 93
41 111
263 336
155 354
308 365
139 175
62 156
263 385
48 154
82 492
74 415
105 287
336 380
146 164
71 275
201 429
141 485
30 97
300 341
92 188
59 427
293 360
83 340
301 361
190 307
78 316
57 196
251 437
69 460
102 108
171 485
27 255
289 332
368 444
133 481
348 429
125 488
292 353
224 264
173 477
55 384
78 102
119 124
213 430
171 406
240 484
119 207
337 475
33 43
7 9
30 439
165 240
362 384
130 156
2 16
142 219
83 486
7 110
425 470
84 360
187 255
125 330
425 480
356 395
5 274
220 316
302 368
14 314
217 397
69 482
230 492
150 237
429 445
5 395
85 305
95 497
49 146
21 221
239 355
367 382
237 283
217 224
7 348
6 280
270 297
95 174
108 309
129 282
128 289
105 242
101 152
141 280
351 488
230 446
130 398
34 473
2 415
103 195
216 426
1 373
65 250
189 492
87 240
182 186
144 359
189 272
91 454
76 113
174 230
108 112
251 492
35 423
44 394
49 288
11 473
115 177
0 132
161 339
229 457
249 455
73 497
234 436
47 250
209 476
81 103
344 429
54 68
369 458
268 384
194 318
159 403
196 427
279 400
145 458
67 245
82 388
268 496
63 356
66 395
146 170
26 467
223 385
67 439
284 341
20 56
21 287
333 339
33 397
149 236
92 459
282 295
106 367
215 383
132 436
28 150
288 470
337 422
30 229
103 421
147 304
117 176
253 377
237 363
232 395
229 351
299 489
171 351
397 413
139 253
165 198
64 195
465 472
40 464
28 427
4 382
329 388
10 96
25 453
186 364
167 193
9 404
432 471
100 112
186 329
101 181
170 404
135 363
69 387
246 460
69 99
7 57
96 325
49 406
127 370
230 265
403 430
53 471
70 377
7 213
34 287
58 413
103 290
264 419
148 165
193 437
284 318
188 363
340 489
19 283
171 436
156 334
33 222
361 432
55 312
142 470
65 274
135 406
150 232
257 354
73 300
108 436
123 430
73 304
293 393
1 196
171 477
41 158
0 42
154 317
216 434
56 138
313 448
238 393
34 239
160 414
303 350
62 366
274 392
153 185
18 408
94 254
235 370
68 71
193 360
33 99
138 273
17 45
108 413
197 226
140 267
64 312
110 200
83 90
223 410
230 353
106 319
16 383
241 370
136 242
262 397
88 263
234 401
89 246
102 379
291 294
121 144
193 460
425 481
79 102
240 354
92 416
197 486
20 85
412 450
264 428
97 115
49 335
50 61
347 436
421 429
3 435
99 489
137 369
150 169
314 464
288 294
189 250
212 307
95 171
174 254
299 357
115 140
20 338
260 309
49 369
232 479
76 92
325 379
8 301
124 363
123 273
178 370
105 413
409 426
182 274
71 123
226 445
173 277
8 374
28 146
130 328
60 463
88 101
62 396
201 362
62 353
134 320
85 426
197 451
199 338
426 476
51 453
97 114
233 360
172 370
130 330
3 168
46 83
30 459
164 301
0 97
139 291
24 462
43 389
318 454
135 293
156 418
150 272
32 352
248 453
209 315
333 491
36 284
348 395
378 409
68 339
130 274
182 477
376 436
226 304
56 228
254 488
410 498
129 330
276 391
86 123
156 279
150 344
181 473
7 388
122 485
156 416
71 112
245 275
237 376
367 391
434 464
68 185
72 403
360 419
230 442
248 288
90 196
119 140
36 398
247 348
175 178
87 195
184 249
37 246
264 371
57 258
101 104
380 456
28 215
255 435
3 232
120 420
326 337
69 211
236 271
410 497
156 194
255 371
198 285
195 248
416 426
112 394
101 268
168 232
129 151
372 495
16 106
158 222
97 353
36 64
103 164
25 260
147 311
87 462
256 392
46 362
45 92
370 453
166 231
0 314
108 213
172 189
209 480
83 350
325 470
124 249
480 491
131 342
164 498
260 387
99 350
55 325
32 354
170 173
254 274
310 462
131 373
238 479
141 175
238 313
423 446
63 142
327 365
1 124
281 495
286 337
64 67
55 307
41 423
172 328
316 453
210 359
187 494
111 425
90 352
11 321
122 432
72 467
34 251
119 134
85 464
27 334
122 478
81 478
163 243
364 367
226 338
234 318
210 349
353 415
257 287
30 347
154 176
222 304
409 441
121 145
85 319
79 320
41 243
414 448
161 381
374 414
251 331
65 258
0 455
294 337
37 324
154 404
108 245
285 389
39 75
232 291
118 417
178 478
54 460
371 432
79 486
173 192
171 211
64 476
130 143
367 379
55 150
162 231
160 381
68 301
217 448
77 332
12 266
63 115
4 364
24 231
79 480
327 367
336 464
45 352
374 488
272 479
190 409
90 285
209 317
119 418
152 405
173 450
12 163
15 124
255 280
201 412
30 477
215 365
472 496
26 190
151 385
119 121
22 256
151 387
58 422
121 173
175 416
229 408
101 444
254 412
114 259
145 220
249 482
271 363
69 389
253 298
349 496
175 213
298 359
60 356
42 105
240 430
176 489
121 206
283 296
258 320
298 443
197 384
7 71
209 486
299 419
74 201
391 441
424 476
13 326
210 348
181 193
178 183
4 261
422 444
118 481
138 253
5 310
43 279
402 417
161 469
198 265
206 290
194 323
93 226
187 464
7 272
351 352
114 211
147 445
67 246
202 261
182 404
12 87
307 355
156 271
85 289
220 414
360 373
94 156
33 181
324 370
188 385
326 335
115 203
2 451
36 476
