500 2963 1500
6 15 20 9 23 7 19 24 19 16 20 24 6 10 25 11 24 14 18 18 6 18 21 15 20 14 9 22 25 20 23 19 24 8 6 8 25 9 8 19 10 10 8 21 9 17 11 11 24 10 19 17 5 23 19 23 15 5 7 20 12 23 23 11 20 12 6 19 11 25 12 20 9 18 16 22 11 19 16 14 23 21 9 10 23 19 22 20 8 18 24 10 16 20 23 15 25 19 9 24 13 13 6 16 8 25 22 22 7 24 13 25 7 23 20 12 6 19 11 10 11 17 20 23 10 23 16 13 7 5 14 18 19 14 21 21 21 23 18 20 14 22 25 9 22 23 8 8 19 24 16 24 17 12 12 11 20 17 7 13 14 14 19 16 15 7 11 16 18 6 12 14 13 17 11 18 18 19 18 6 11 14 6 11 10 13 5 17 25 5 12 20 25 20 11 23 21 9 13 20 16 11 10 12 9 12 10 20 11 24 23 11 14 20 16 22 25 23 10 13 23 25 21 22 10 8 16 9 24 8 10 7 16 6 23 20 21 7 10 25 10 12 14 8 18 11 23 17 5 14 6 14 7 20 12 14 9 8 8 21 10 7 15 25 9 16 7 21 17 20 6 5 17 11 18 24 9 19 7 19 16 15 24 20 5 16 8 21 13 24 6 15 17 11 17 15 13 12 12 11 24 18 11 13 14 16 10 21 17 16 12 13 10 14 17 16 13 19 19 22 13 14 18 24 22 23 6 22 19 14 14 22 23 19 25 12 13 12 8 15 12 24 5 5 23 8 13 14 6 21 20 17 21 9 19 11 12 12 5 19 25 12 8 19 12 25 17 5 6 8 15 8 9 7 25 21 24 21 24 25 14 7 6 18 14 13 18 15 23 12 8 23 7 24 20 23 9 8 6 20 5 24 12 19 13 21 17 20 25 25 23 19 18 17 10 11 8 23 14 16 8 23 21 25 20 20 16 17 21 21 5 12 7 9 9 6 24 22 10 6 10 24 25 7 15 23 11 13 10 14 23 13 23 6 16 10 15 13 12 8 20 22 9 10 19 20 18 16 8 12 18 18 6 19 22 21 11 20 9 23 25 22 16 22 20 21 6 8 23 25 6 8 20 20 21 11 7 16 18 8
3 19 5 7 20 7 9 10 10 13 6 6 15 14 5 19 14 16 3 19 11 14 10 17 16 12 17 20 3 18 11 9 10 8 6 19 20 3 9 9 19 17 8 20 11 10 14 11 3 3 7 6 13 4 9 11 11 8 19 11 10 19 3 16 7 14 19 20 15 18 5 15 5 12 3 14 4 9 16 17 11 15 12 12 13 18 12 14 16 9 3 11 9 4 9 8 3 20 7 14 10 14 11 15 3 12 19 5 18 20 6 8 6 9 3 6 20 20 20 9 12 9 19 5 19 15 20 12 13 8 16 15 6 5 12 19 19 16 8 9 3 8 17 6 12 10 13 20 14 3 14 10 7 3 7 6 17 18 14 11 17 7 13 4 9 12 7 4 4 20 5 14 7 12 14 9 17 5 13 13 20 14 20 14 16 15 4 7 3 13 8 6 15 18 15 12 20 6 16 8 16 6 10 3 11 8 15 16 6 12 6 16 10 13 19 5 4 5 6 20 12 3 3 5 3 3 14 16 13 3 5 15 15 13 5 12 9 6 5 7 4 15 16 15 20 5 20 16 3 11 9 3 3 3 4 3 17 9 15 7 14 12 16 7 12 19 12 17 15 11 17 6 17 3 4 5 5 7 19 17 15 4 16 10 4 17 7 19 5 9 15 7 6 7 20 4 8 16 19 9 11 3 19 17 20 15 17 5 15 11 6 14 14 5 6 20 10 9 15 4 20 10 19 16 15 7 14 10 5 7 5 14 5 5 20 6 6 7 12 17 5 9 13 20 19 16 20 6 12 9 20 4 10 17 19 9 7 17 13 3 16 10 12 17 16 17 3 4 7 15 9 13 17 18 6 4 5 13 8 6 12 5 15 5 7 17 13 3 13 8 7 13 4 13 16 4 20 18 12 3 10 14 17 13 12 12 4 12 4 8 12 3 16 18 7 8 15 4 17 3 12 9 18 12 7 6 12 20 3 14 15 15 9 17 5 17 17 13 11 15 19 17 12 3 20 5 14 13 4 8 8 3 7 5 20 5 15 12 7 7 11 19 8 15 7 14 5 14 11 14 17 15 3 7 8 15 3 5 9 17 16 14 7 3 7 3 4 4 8 7 10 12 10 18 18 16 3 11 15 20
81 364
58 130
58 126
94 330
257 386
354 429
415 444
3 139
127 168
53 473
77 348
331 466
199 388
88 115
89 201
18 284
433 447
252 290
3 118
42 270
281 415
123 268
214 318
252 433
104 260
93 239
28 111
232 323
248 310
127 300
181 320
169 430
361 441
195 418
351 384
238 382
153 210
149 331
143 488
320 367
65 320
43 49
114 269
358 422
86 246
463 490
115 231
219 403
266 341
156 223
18 60
262 397
114 394
312 478
383 458
68 74
162 312
334 472
325 395
322 411
180 343
68 492
245 364
228 438
157 473
156 212
44 58
141 398
113 233
309 359
74 443
413 422
252 492
63 203
189 377
263 410
207 263
42 393
130 139
123 404
113 459
80 186
79 365
52 293
40 90
116 319
24 42
118 312
68 105
51 439
449 462
212 237
378 418
89 196
136 221
146 331
48 133
70 192
127 137
361 465
106 133
377 494
115 415
361 483
84 136
64 362
371 459
218 408
9 321
47 160
387 437
364 429
115 248
226 231
3 154
0 327
468 483
290 318
7 459
202 320
245 267
122 425
373 400
94 133
389 462
326 482
30 100
237 368
262 308
174 473
274 429
78 140
192 292
118 197
272 431
356 454
8 297
333 462
32 208
154 157
251 488
308 391
113 200
215 476
245 349
251 384
287 327
155 325
205 212
175 346
135 344
133 234
2 321
484 490
397 464
258 276
38 101
7 460
119 415
8 355
298 412
24 481
94 494
459 484
358 395
330 431
55 56
219 322
39 131
54 304
54 241
378 419
330 440
17 421
43 141
11 180
119 280
358 464
278 310
214 414
46 78
167 423
429 441
5 272
18 196
108 116
251 395
178 185
14 440
87 448
84 155
117 179
158 428
196 455
67 449
225 477
356 450
382 432
119 240
243 412
296 450
44 298
241 456
121 177
170 268
27 276
323 384
0 496
111 405
284 327
81 483
328 376
259 445
124 415
12 473
181 206
247 252
32 401
44 455
228 341
339 498
9 239
154 487
173 353
383 486
424 449
292 293
64 343
168 362
135 460
19 30
47 279
194 291
490 496
106 122
122 320
119 387
208 338
285 381
63 419
158 357
340 370
189 398
342 447
12 79
65 360
328 498
169 237
129 165
42 396
269 486
108 463
186 442
328 437
190 243
326 460
199 236
218 258
238 390
89 390
166 378
279 306
259 411
261 423
220 278
162 195
103 139
285 499
60 482
197 286
20 277
41 51
74 349
405 477
231 316
117 167
158 436
155 218
78 118
261 479
152 206
57 350
28 366
178 205
330 399
55 265
431 499
25 185
16 131
25 238
86 291
1 463
103 296
96 238
130 249
235 376
23 93
335 401
67 200
78 265
201 259
352 396
127 396
68 409
382 417
5 384
189 349
2 393
6 455
29 174
170 240
9 161
8 247
115 300
173 234
298 433
111 130
395 399
218 375
5 470
197 319
60 247
216 418
135 176
254 465
386 400
20 155
231 486
266 375
158 254
178 373
14 431
143 387
460 495
267 284
190 458
29 354
23 437
280 466
131 330
53 229
184 377
33 104
20 149
83 126
266 362
263 469
192 336
85 225
174 331
270 475
373 477
274 275
404 432
291 306
292 309
139 221
181 221
331 335
122 201
9 167
81 231
171 264
263 265
189 256
26 338
147 239
256 370
181 190
10 450
313 407
169 196
52 115
216 309
114 173
281 367
58 235
387 475
32 301
159 360
469 492
28 306
334 424
177 453
63 166
53 452
178 369
176 239
287 368
344 368
228 250
258 274
381 487
379 393
5 408
133 181
257 298
224 392
223 449
77 291
180 330
17 411
70 459
133 236
326 479
195 454
44 200
152 377
274 303
168 346
345 476
220 429
313 450
354 461
66 141
223 341
208 386
239 416
180 289
94 137
304 390
172 475
39 469
132 467
56 276
459 470
282 491
105 466
257 271
11 337
27 137
180 213
206 303
348 431
51 306
79 412
222 286
131 308
470 480
104 418
1 87
45 399
35 429
4 135
229 240
37 474
52 433
52 323
197 438
260 423
298 453
129 440
152 395
342 392
278 458
220 244
431 497
106 237
54 56
302 458
306 498
146 293
104 408
8 320
303 340
238 385
196 402
20 433
372 381
434 479
181 439
194 306
15 125
129 241
258 348
362 386
14 385
246 473
51 110
219 339
129 399
45 81
233 490
301 362
54 339
290 367
70 420
463 495
32 364
358 362
364 463
46 421
341 461
41 168
332 497
14 361
360 482
214 316
204 316
40 371
316 370
146 312
180 335
298 391
71 78
114 286
192 301
57 183
84 391
234 440
184 296
349 401
115 148
44 464
81 482
81 419
253 391
78 215
59 432
358 364
185 211
338 390
240 392
199 420
236 445
201 217
267 355
245 281
369 424
165 224
116 407
98 177
178 487
45 402
153 495
117 302
109 286
192 475
296 412
269 355
40 223
187 456
63 272
200 214
147 397
279 394
136 498
111 385
14 296
183 417
133 371
209 286
165 488
143 443
145 285
68 256
83 337
237 443
222 487
77 325
310 378
130 189
311 422
191 194
236 264
45 137
198 342
50 95
83 412
164 311
165 242
95 348
261 382
45 444
376 400
268 481
64 242
322 472
62 239
241 387
301 447
360 455
148 222
110 354
109 186
287 462
188 234
277 427
209 375
335 474
297 430
107 149
187 391
230 484
90 202
177 300
211 303
99 332
106 149
486 499
57 114
318 398
164 422
68 245
173 318
75 322
20 385
46 132
126 414
134 392
205 230
138 350
319 422
60 95
63 171
14 446
184 472
153 454
466 483
297 349
51 278
229 345
218 492
28 188
226 289
58 335
179 252
41 118
232 247
133 438
103 223
48 146
146 484
70 404
116 245
428 461
205 439
132 265
373 460
41 416
274 315
10 24
37 386
343 396
169 193
101 215
231 247
84 295
229 305
277 368
354 478
138 223
162 365
239 453
24 422
79 140
120 189
47 126
164 280
3 201
9 477
109 194
310 494
52 139
234 287
448 459
49 81
171 469
31 215
90 443
57 486
100 273
105 460
211 456
18 93
347 457
116 174
295 404
157 412
8 436
195 296
48 494
180 230
261 309
226 240
144 226
412 489
23 450
276 420
40 336
245 351
442 449
329 369
4 404
33 370
147 443
71 112
391 417
95 282
61 147
215 330
290 455
59 188
200 455
151 287
215 293
16 186
145 235
169 364
1 81
287 334
128 364
51 297
215 292
200 246
93 131
2 37
121 203
182 202
218 497
84 259
37 274
40 265
238 261
49 179
479 486
200 217
228 306
121 408
33 264
471 473
94 484
138 236
46 325
459 495
45 477
407 434
138 488
0 218
89 101
322 498
368 403
266 358
351 468
111 340
184 221
169 248
217 265
267 343
75 172
147 269
244 249
281 289
168 255
203 262
142 436
126 129
286 485
206 271
140 192
106 277
129 329
275 489
313 361
117 491
49 412
196 312
34 226
283 424
349 353
183 491
12 146
122 392
446 476
388 411
2 482
70 108
242 244
193 393
243 268
13 174
113 178
331 415
147 450
13 220
220 405
333 357
130 427
1 464
354 396
274 454
35 278
281 299
2 228
156 321
228 309
214 376
174 371
31 174
165 229
427 459
347 429
300 307
328 475
337 394
32 269
160 479
162 346
263 489
183 301
55 239
163 494
0 280
54 234
144 159
36 497
35 378
270 296
304 368
290 486
112 167
247 331
41 100
33 448
101 204
147 286
5 125
28 332
44 253
169 267
9 142
211 304
36 77
85 343
147 348
87 112
294 457
79 258
107 463
55 324
169 266
26 46
26 386
312 470
152 279
78 411
161 340
321 469
166 462
108 363
376 390
277 399
235 348
27 253
72 313
24 391
59 135
345 428
154 156
311 469
23 282
158 343
234 404
312 404
215 217
13 152
444 485
148 469
229 256
72 280
467 495
56 306
284 383
132 416
16 161
39 373
78 241
274 478
275 456
367 486
60 136
70 271
74 314
302 369
315 410
362 473
330 415
379 465
301 464
218 314
172 200
283 314
208 284
87 215
198 267
125 393
56 213
32 78
116 232
285 393
377 474
64 410
351 392
188 346
78 177
165 431
10 159
464 479
52 196
69 265
102 294
197 406
216 320
145 392
270 283
61 132
26 230
38 322
369 455
237 280
263 427
48 91
343 412
73 475
39 409
106 308
285 371
156 187
197 404
142 190
306 386
98 335
296 378
218 490
147 303
63 177
152 392
90 137
169 488
165 427
73 93
90 411
64 452
350 474
384 497
364 383
400 426
9 267
83 344
56 112
60 250
13 439
83 361
441 454
97 224
57 261
318 337
192 307
37 481
156 339
414 446
161 374
98 368
98 456
425 477
17 399
43 390
372 438
76 431
244 268
9 322
57 129
7 396
61 408
97 226
87 425
414 469
122 496
128 251
109 164
128 225
72 318
143 423
93 498
53 178
137 432
235 349
8 73
22 110
158 204
63 132
161 402
210 348
257 308
15 185
39 165
261 451
54 363
145 343
120 163
337 458
372 445
357 372
155 166
141 193
33 277
17 20
55 71
213 279
139 354
216 487
133 323
31 309
27 407
185 265
79 414
422 429
213 231
179 264
47 168
39 374
11 320
62 480
76 446
246 261
263 306
200 354
332 351
28 301
124 170
94 396
31 244
325 491
185 253
120 376
302 417
94 217
144 262
57 130
93 266
122 473
201 485
267 382
132 249
148 480
92 257
124 134
113 278
197 352
298 490
320 373
388 428
47 334
274 444
104 268
85 290
175 219
115 203
302 315
149 366
484 499
266 418
86 344
30 172
27 133
237 242
116 400
25 421
24 479
281 407
252 317
72 408
176 494
274 340
155 168
132 236
147 264
66 436
241 427
53 168
305 401
70 389
273 439
287 421
309 407
62 399
66 176
173 297
404 446
298 434
20 418
60 135
193 489
270 481
160 246
154 338
6 79
40 369
436 490
214 270
146 256
289 342
155 451
66 185
9 366
318 376
141 252
90 217
224 487
103 429
134 185
255 482
75 236
148 439
170 497
224 345
169 368
309 316
333 408
137 249
163 274
56 407
410 431
99 112
374 464
126 412
361 456
136 179
148 152
419 499
81 209
296 473
182 491
210 272
42 395
80 460
218 407
205 213
300 448
146 212
415 487
32 464
311 486
203 477
348 428
446 471
88 373
25 73
188 413
170 425
223 234
102 483
287 418
20 366
231 270
100 129
182 362
29 214
292 438
127 161
103 345
340 490
350 393
186 313
226 335
132 405
373 499
403 442
355 436
113 181
124 201
75 399
54 193
118 435
29 94
24 386
105 387
425 468
236 350
151 487
157 208
130 248
266 322
59 422
6 12
40 181
62 417
315 366
206 433
304 326
175 194
17 117
65 370
141 351
62 127
183 188
93 155
236 357
2 36
183 375
32 481
22 194
184 270
410 488
124 405
271 273
184 400
241 491
54 442
38 259
0 431
188 410
192 378
119 307
160 483
321 470
429 468
235 488
405 494
104 193
183 331
14 193
46 190
220 268
106 469
118 148
362 484
164 333
399 423
217 465
187 430
167 437
327 408
197 198
114 306
150 495
61 380
45 141
45 246
78 143
110 296
115 311
47 466
381 383
44 403
281 328
98 276
84 158
56 492
44 251
293 479
411 478
81 395
191 263
121 285
366 496
13 391
104 372
176 458
93 216
183 295
246 316
273 363
229 446
51 335
134 235
307 491
197 247
36 175
98 301
17 107
307 451
104 342
15 484
21 214
245 420
30 38
0 42
143 266
222 339
9 77
51 68
165 304
202 367
144 196
151 250
258 321
324 376
64 352
48 107
101 359
216 277
455 462
39 415
102 112
119 181
85 498
79 280
24 192
20 348
181 240
248 262
465 485
368 392
273 274
238 242
138 434
168 189
38 243
60 293
124 160
246 385
369 441
51 325
262 403
253 326
239 445
154 462
335 352
157 459
8 291
103 315
132 390
255 349
325 499
178 431
235 293
52 361
51 345
208 497
58 446
73 284
14 227
48 222
388 447
21 184
234 382
218 290
127 216
345 427
241 269
198 232
180 250
158 268
122 376
106 148
310 439
242 312
38 228
412 434
229 331
75 232
142 224
163 230
115 464
134 498
37 189
148 259
81 217
295 390
46 418
313 489
181 369
323 390
13 359
225 256
193 226
256 490
230 379
327 442
358 498
91 282
223 479
183 431
329 492
107 267
72 354
148 165
119 121
168 461
88 471
114 155
101 250
89 444
169 385
69 321
87 111
225 345
122 272
4 432
452 475
32 106
348 494
166 203
135 366
70 479
37 67
99 438
303 430
121 204
58 378
28 64
266 299
275 354
44 92
395 491
374 439
28 304
178 224
92 211
285 412
19 115
24 208
160 278
15 183
309 390
85 147
169 321
70 413
71 295
64 319
17 151
99 293
86 276
350 385
397 399
2 140
162 474
262 395
8 468
183 328
201 308
276 356
248 401
234 377
33 69
81 371
187 304
143 450
287 330
241 314
138 156
308 354
195 332
169 325
157 475
224 355
141 480
273 275
282 452
154 155
274 318
38 211
329 340
169 440
170 359
95 112
323 427
148 272
82 499
71 351
143 384
193 465
8 264
202 237
358 359
79 266
35 201
23 355
40 263
132 438
62 219
290 397
78 209
124 158
233 359
225 295
1 362
198 392
310 478
366 492
31 380
57 93
195 317
65 278
109 162
181 193
191 266
75 90
138 438
234 268
43 481
124 262
22 365
335 495
0 418
16 386
207 422
110 331
312 320
240 474
193 372
6 242
380 497
20 154
362 451
439 488
229 272
215 245
432 442
5 298
373 429
80 491
296 418
170 368
318 382
44 474
376 448
85 160
128 415
207 267
104 305
329 457
21 249
348 387
292 307
149 378
21 260
406 432
212 300
280 462
35 158
3 21
168 183
89 476
144 198
227 409
131 143
64 365
47 132
8 31
285 320
159 394
218 458
387 410
11 33
150 158
13 346
48 487
102 176
191 396
64 435
298 457
18 395
138 180
274 494
145 292
61 463
25 360
485 486
401 485
160 185
92 320
184 252
146 482
239 269
228 325
281 372
33 315
275 400
260 403
138 342
116 466
421 482
156 356
51 337
217 220
437 483
276 339
233 321
296 428
207 320
45 350
247 416
56 302
400 469
165 390
297 465
261 273
38 405
22 129
145 406
279 361
80 232
34 350
146 186
70 251
6 392
396 492
69 221
47 390
398 466
12 361
108 304
50 354
39 228
299 341
274 364
77 188
43 70
16 388
93 123
14 412
376 461
213 339
70 283
470 471
193 370
38 215
12 465
344 379
98 312
310 360
385 428
312 336
21 413
5 178
295 461
267 365
324 379
270 354
391 494
159 224
126 223
2 207
247 461
20 127
220 250
261 352
35 177
119 358
145 374
194 296
118 311
189 278
87 451
247 312
240 372
86 478
27 64
62 93
116 339
229 437
131 291
154 238
63 217
187 444
117 440
134 244
72 321
158 245
108 374
60 233
144 235
57 104
142 290
178 455
132 161
142 172
355 433
34 87
290 366
254 313
401 475
2 18
153 278
298 379
341 423
266 283
10 93
47 493
169 224
178 299
49 194
110 165
159 451
237 466
166 288
20 330
135 488
59 353
66 473
203 204
54 223
116 267
144 149
110 280
44 436
55 269
150 152
10 102
217 322
20 432
283 434
196 251
225 374
101 129
74 491
438 499
356 367
140 177
202 204
126 158
34 75
426 460
176 406
196 393
145 481
192 294
26 314
176 253
270 297
163 206
189 354
132 496
43 254
401 445
154 444
212 222
296 363
99 465
5 468
23 297
16 86
487 494
17 449
292 448
260 364
59 79
153 433
11 449
75 78
36 298
189 201
235 353
301 331
167 275
420 437
206 213
24 263
79 88
70 432
129 213
174 400
118 252
155 265
202 405
299 428
19 70
426 438
202 347
13 344
373 454
53 279
13 48
264 445
205 438
175 254
422 451
57 496
129 182
144 175
18 181
175 499
167 339
42 210
4 358
34 101
2 274
137 481
76 262
420 485
39 140
48 410
132 482
163 367
60 91
17 157
201 256
368 477
101 285
54 368
12 265
129 171
23 87
26 385
348 468
141 291
183 306
145 332
320 401
71 336
162 240
36 383
111 211
163 237
348 482
57 155
22 493
241 304
261 488
76 285
1 161
51 118
123 448
66 121
17 450
151 404
257 380
48 329
50 64
260 331
412 419
382 419
199 325
359 409
15 190
2 458
101 351
302 334
42 383
21 74
161 277
93 319
259 465
58 349
125 257
59 484
47 92
142 391
95 356
68 268
387 423
18 250
133 335
172 490
8 470
33 165
75 244
15 347
119 309
46 238
280 418
161 167
332 466
170 349
165 437
238 321
128 267
20 192
451 470
106 109
18 389
362 373
117 446
216 375
76 220
21 307
22 403
65 112
59 302
53 125
168 465
298 465
200 411
11 458
46 474
277 319
280 457
379 432
297 458
143 389
49 272
198 405
260 312
252 318
175 428
22 140
45 351
7 161
360 445
190 218
199 279
153 392
119 304
68 336
59 403
190 366
48 280
105 328
20 122
25 210
209 345
395 443
152 344
232 319
79 247
274 289
187 455
120 276
15 270
71 218
10 82
169 262
209 373
6 188
391 445
23 474
225 375
26 360
295 387
307 351
163 280
328 419
60 413
49 259
198 233
29 150
256 495
220 372
218 244
245 495
58 462
307 379
0 52
276 403
137 197
344 423
172 233
1 470
260 310
113 253
272 308
55 473
196 373
105 204
368 410
409 489
323 377
25 460
226 249
200 439
91 128
183 496
316 350
113 417
21 75
165 461
227 256
185 232
76 490
49 111
56 247
385 444
52 102
103 130
12 132
16 301
144 209
99 111
13 290
158 209
174 374
79 487
314 386
347 456
3 435
410 499
55 246
467 490
242 285
253 311
232 430
284 354
31 104
469 484
73 331
41 373
196 369
182 284
71 311
351 419
62 188
234 368
145 267
267 466
72 294
15 150
74 119
246 315
16 302
380 397
47 484
343 371
27 50
181 401
75 302
91 179
97 300
195 386
17 246
143 230
82 151
12 356
106 278
4 204
96 111
197 356
111 487
46 147
341 356
241 416
139 448
7 34
373 479
222 368
195 427
85 122
269 291
122 232
333 447
109 341
389 399
445 487
104 200
186 335
111 428
245 274
170 462
85 156
19 294
417 495
53 172
31 472
319 336
226 327
294 333
28 130
62 64
176 265
307 466
203 375
148 283
201 444
480 484
319 409
257 387
164 223
54 88
137 321
429 482
192 490
298 394
325 456
136 253
151 466
295 330
381 470
475 494
19 384
255 319
238 472
93 406
191 469
106 406
400 425
363 487
343 454
313 394
38 152
136 315
151 413
163 490
115 404
85 333
227 393
109 226
378 434
29 338
110 471
43 307
79 105
336 397
34 490
266 475
48 75
256 324
309 331
270 363
10 306
145 403
64 272
224 373
243 419
81 326
168 225
209 308
139 309
143 269
397 418
173 309
152 246
343 384
317 387
356 473
6 122
390 466
243 403
149 209
145 318
10 131
204 399
40 405
39 401
327 492
89 265
85 301
182 463
122 384
14 400
96 389
242 286
176 260
50 79
123 124
33 143
62 278
355 481
57 66
141 399
137 214
13 17
248 323
199 317
125 451
319 439
194 265
8 437
420 472
152 195
1 402
193 474
119 293
359 471
84 337
152 312
7 488
252 375
111 484
70 362
163 336
118 343
78 278
109 443
240 340
368 399
22 387
211 458
366 470
190 244
45 189
240 282
268 398
67 360
166 456
13 367
123 131
24 362
107 478
67 197
67 297
114 393
199 422
90 449
327 364
195 400
40 137
120 356
104 118
102 163
237 405
10 379
124 444
99 461
8 195
279 414
109 285
71 184
166 310
300 499
367 456
111 347
299 337
121 131
114 338
1 115
47 467
128 487
376 388
69 451
130 216
11 67
93 242
165 237
90 361
59 376
147 297
85 98
91 412
294 478
34 375
108 466
316 336
211 497
262 358
110 368
93 362
113 177
188 388
142 170
474 477
166 267
57 134
63 111
219 414
88 354
141 430
221 231
125 236
286 399
302 463
265 277
206 462
134 162
205 367
89 416
31 474
129 310
76 97
213 464
184 245
203 481
163 318
84 189
165 463
149 482
271 383
403 493
94 314
153 488
174 368
124 223
119 179
68 199
282 450
88 223
240 330
46 54
162 281
245 347
95 171
78 166
112 264
442 493
100 221
25 215
339 468
123 472
191 379
246 491
87 457
66 254
245 374
405 480
65 288
166 182
254 396
142 144
95 297
389 405
124 174
47 418
237 424
65 419
40 178
147 455
270 411
89 414
78 453
99 321
300 302
426 450
395 430
164 322
467 480
266 457
320 494
266 296
139 468
162 309
152 283
272 411
9 350
77 466
345 469
30 85
32 295
270 469
232 265
256 307
8 237
93 167
27 289
352 458
134 344
94 403
82 188
28 408
196 341
210 450
73 295
303 476
160 450
0 355
332 495
206 341
284 371
25 119
41 61
21 156
250 373
346 477
202 368
437 449
400 465
160 326
45 213
29 62
269 404
301 329
103 233
288 433
178 401
166 201
75 433
22 66
357 416
237 367
107 328
199 271
17 447
24 428
6 493
14 324
83 95
390 443
214 342
11 278
39 151
330 473
46 68
171 309
193 282
73 476
115 481
94 298
346 466
138 338
30 65
360 373
383 472
304 341
243 361
285 466
100 237
172 277
88 441
10 492
85 128
273 294
446 473
64 190
57 294
120 227
202 425
311 400
421 478
48 458
70 240
161 248
239 270
462 477
313 406
12 418
15 491
109 385
187 273
112 174
31 140
78 307
106 114
125 367
82 194
137 190
105 255
210 224
257 499
403 463
330 444
182 451
30 193
13 205
48 370
82 294
269 391
120 139
167 494
290 312
343 466
202 302
360 389
335 406
375 443
73 386
187 286
350 358
157 232
63 492
27 74
143 368
279 424
324 454
401 483
3 395
273 409
89 96
49 213
36 242
299 379
339 398
320 463
167 458
121 429
250 363
118 293
100 362
198 467
1 137
118 404
75 162
176 275
14 188
45 448
219 455
19 44
53 471
396 405
31 111
397 481
241 272
102 308
117 165
346 375
138 276
63 342
303 408
187 243
112 451
40 168
45 469
106 185
219 262
213 379
118 438
34 322
361 448
172 283
35 407
270 405
167 348
359 391
218 324
206 223
228 469
278 368
35 406
58 87
218 470
189 248
412 448
124 297
39 193
437 463
437 443
19 107
100 243
22 77
45 309
184 315
321 498
103 295
15 29
184 289
26 491
45 453
145 377
412 467
232 360
78 247
4 395
30 157
50 303
30 397
63 210
239 439
40 194
63 440
356 381
237 460
316 491
346 469
153 339
210 430
82 382
130 484
451 453
242 245
236 382
311 320
367 397
265 451
325 410
67 123
55 374
52 89
11 92
72 183
96 149
138 194
191 418
199 444
111 300
252 282
37 271
315 387
60 252
177 401
219 416
79 104
82 207
157 229
300 411
375 435
135 146
381 484
174 435
261 345
32 67
52 87
296 365
403 488
186 269
145 380
337 498
32 359
81 448
78 459
239 369
285 339
137 359
303 423
431 432
104 357
331 425
114 419
325 452
299 389
109 498
230 482
215 422
86 487
129 443
116 200
222 299
65 497
139 227
21 121
144 459
404 474
149 428
114 132
54 118
139 234
202 336
292 493
88 237
28 148
87 219
177 478
215 299
120 352
176 422
278 498
23 206
288 427
17 277
164 390
134 398
365 372
360 422
29 275
292 358
350 493
306 314
206 429
45 496
154 358
267 475
316 444
220 446
165 217
28 476
129 215
144 448
151 294
29 190
124 379
173 346
209 390
288 481
48 55
113 272
128 386
357 461
31 218
182 404
132 442
211 301
259 418
5 249
26 189
293 382
320 384
339 425
71 301
8 345
95 284
231 237
213 435
256 347
381 394
341 443
7 441
323 489
136 141
232 423
72 312
27 473
43 255
47 347
12 409
281 416
82 289
132 285
157 432
293 360
135 210
258 387
240 286
7 366
340 487
289 306
122 249
56 330
247 369
48 285
27 370
450 498
29 485
352 384
283 310
107 439
109 240
13 312
11 104
110 431
148 358
302 375
120 288
162 482
269 328
302 325
145 478
96 252
271 421
282 305
134 292
75 476
429 496
318 417
225 490
83 245
256 278
196 460
57 327
279 407
23 227
11 383
278 464
79 304
77 483
227 228
7 89
79 91
230 452
423 462
212 280
251 437
46 303
195 224
35 76
138 310
41 235
44 76
424 438
114 196
249 393
85 144
315 319
212 221
183 198
18 324
24 122
35 208
297 352
142 147
28 427
118 385
209 391
70 331
189 286
112 342
214 258
212 458
112 414
78 94
41 327
240 268
79 123
208 469
144 391
126 447
283 332
20 321
19 184
27 198
227 402
79 144
121 493
162 207
115 126
37 126
60 488
33 325
111 346
307 432
128 207
218 440
409 479
208 305
117 431
182 227
116 163
216 499
403 461
426 436
17 250
173 419
160 496
255 476
311 442
171 319
121 144
316 408
30 281
357 465
138 168
378 496
205 312
5 15
79 403
288 320
139 324
113 491
61 100
59 455
309 374
68 108
5 102
41 178
68 249
8 346
292 401
125 376
75 327
273 405
64 322
78 285
64 403
335 414
319 403
187 277
360 385
83 370
383 391
185 231
141 189
304 430
397 402
16 113
250 356
117 406
101 441
82 468
3 479
36 431
27 81
184 480
253 379
88 493
239 263
127 272
318 331
349 495
273 377
190 328
61 234
101 167
11 196
208 412
289 384
257 443
105 280
28 180
356 494
460 470
0 193
174 178
39 470
166 281
44 257
72 493
106 338
177 227
333 339
33 73
301 452
123 390
147 496
261 348
55 340
124 290
159 494
233 289
29 425
73 495
298 365
216 449
322 368
67 446
111 284
258 472
293 367
248 362
206 272
306 450
196 480
80 256
93 326
14 430
63 151
93 244
108 129
218 467
147 361
72 259
92 301
258 365
78 137
146 252
144 160
303 371
99 252
115 217
94 289
100 448
93 474
284 385
288 295
376 499
14 415
6 330
376 421
109 118
103 302
23 429
48 171
253 275
316 457
10 413
59 177
119 271
235 399
58 345
235 319
10 308
57 443
58 276
213 349
10 401
266 469
101 459
263 406
281 437
117 321
341 404
167 368
110 195
53 190
23 113
117 462
173 374
143 424
234 423
328 458
74 175
26 102
33 333
179 296
260 380
139 400
87 204
317 450
466 487
34 452
252 485
43 413
152 201
11 240
131 289
381 414
208 298
333 435
