500 2962 1500
11 6 21 13 9 24 6 21 12 25 16 12 15 18 16 15 13 15 23 11 15 5 22 15 13 14 14 11 16 19 21 24 21 22 8 13 19 20 22 12 18 5 13 10 11 11 21 21 10 11 9 8 5 14 9 18 15 17 21 16 19 15 6 18 19 25 11 18 9 19 25 15 20 20 10 11 6 12 10 11 21 13 14 11 24 15 8 10 16 23 25 18 7 13 15 15 25 24 14 10 17 7 9 22 16 10 14 20 15 13 25 7 19 18 16 13 6 18 12 11 18 16 9 11 17 5 25 8 18 8 21 17 12 23 8 16 7 6 17 7 6 5 25 25 11 12 22 10 24 24 6 18 16 10 25 21 13 22 18 16 11 17 18 25 15 22 21 25 5 14 10 18 11 25 9 11 23 6 5 9 9 14 12 6 11 13 8 19 19 11 13 16 19 22 15 9 7 11 10 19 18 21 15 10 20 25 20 10 6 6 24 21 14 19 10 11 25 20 12 10 15 25 7 17 14 16 13 23 10 19 20 6 7 21 5 18 13 9 9 22 5 22 6 22 17 21 12 19 17 20 24 17 25 19 22 20 20 10 7 16 5 9 12 10 23 22 19 11 22 7 14 23 11 6 11 21 10 6 12 6 22 15 25 15 5 7 19 19 8 12 9 24 20 18 16 15 20 25 19 18 12 5 12 25 11 13 8 16 20 6 25 23 12 23 8 21 14 18 9 23 7 6 8 21 23 18 18 23 15 14 18 17 24 21 25 10 5 25 13 6 10 12 20 20 18 16 7 11 11 17 21 8 13 17 15 24 10 25 14 24 16 16 19 15 25 7 20 14 8 13 6 22 25 24 22 25 10 14 6 19 24 9 15 20 14 14 11 15 6 7 7 18 21 9 10 15 22 13 21 12 20 24 25 12 16 25 14 19 7 19 9 21 11 19 18 15 19 12 18 24 7 15 23 13 13 16 25 17 19 22 17 13 15 5 8 14 24 8 11 15 5 12 22 7 6 6 6 7 17 17 6 20 21 18 15 5 21 11 25 16 16 5 14 24 9 13 14 7 22 10 23 14 17 6 11 25 6 15 17 21 25 23 15 5 22 19 6 7 18 22 11 22 12 19 16 18 21 19 14 7
3 9 20 11 10 6 9 16 10 13 18 10 19 18 19 9 3 14 15 20 16 16 18 13 20 17 8 15 8 11 11 17 16 4 18 20 15 8 7 20 9 8 16 7 16 13 3 9 13 19 18 18 5 6 20 19 8 14 14 14 5 19 8 17 3 13 17 7 4 8 14 19 17 7 10 3 19 9 15 20 16 7 4 12 7 13 4 8 4 15 13 19 10 9 9 14 18 8 3 8 18 16 11 9 18 9 20 9 6 20 13 19 8 7 18 5 17 20 15 12 15 15 19 12 6 14 18 14 13 9 4 14 8 17 14 17 4 15 19 20 16 14 18 15 12 10 8 7 16 13 8 3 8 13 5 5 10 8 13 3 15 16 10 9 15 7 13 14 14 20 17 19 14 17 19 20 8 7 8 20 20 3 15 13 20 4 19 6 11 5 7 8 14 18 9 10 20 18 15 14 9 5 18 3 9 19 4 7 5 4 15 20 18 10 19 7 6 7 5 10 12 13 5 7 13 8 8 20 7 18 9 4 17 20 17 12 12 15 9 14 4 9 4 19 15 20 12 15 5 19 20 11 5 11 3 5 15 12 14 19 6 7 12 11 17 14 17 8 9 14 8 15 8 18 14 7 19 11 20 5 4 14 12 10 11 11 11 20 14 20 14 11 5 3 7 6 19 4 19 10 8 13 9 20 18 4 10 10 7 6 10 11 6 7 8 10 8 20 9 4 17 20 14 17 14 11 5 11 7 16 17 3 12 4 18 20 10 16 7 15 4 10 10 13 14 5 18 13 20 10 15 19 3 7 17 10 8 13 5 3 4 13 4 15 10 18 13 17 18 9 15 15 5 8 10 19 9 7 4 13 4 10 17 4 13 20 10 11 7 19 3 8 19 10 20 19 20 19 4 3 13 6 5 17 4 4 6 17 14 7 9 16 20 8 3 19 6 14 13 13 7 20 3 9 11 7 9 10 8 10 12 17 12 10 7 16 10 8 4 11 17 13 12 5 12 12 6 15 19 7 12 5 11 9 5 15 14 4 16 3 11 4 9 6 3 8 14 16 16 16 20 16 3 11 20 11 16 17 9 13 9 5 16 6 3 16 11 12 14 6 10 12 8 9 18 17 8 14 11 13
189 493
142 184
197 350
253 441
160 371
162 181
128 231
111 342
152 469
143 266
37 58
143 282
195 368
343 432
261 376
277 412
58 172
17 342
165 288
138 442
104 271
91 410
236 323
156 219
332 363
24 133
11 223
41 160
141 145
284 289
39 81
47 135
21 248
169 464
127 161
269 347
281 335
69 331
113 401
221 252
291 302
288 327
305 347
115 381
219 265
96 449
150 255
57 259
27 169
249 496
356 418
146 304
354 495
299 324
32 392
144 373
147 262
116 489
275 458
359 377
400 438
428 489
65 134
158 262
190 195
444 463
193 319
179 187
257 339
71 84
275 449
255 285
286 464
65 473
189 358
281 490
201 403
6 364
125 343
210 430
44 191
216 223
382 414
261 448
415 450
185 492
64 430
12 371
347 361
286 334
209 315
136 481
230 468
46 362
224 286
100 359
119 283
16 126
188 294
355 411
159 203
303 363
422 494
206 291
107 203
263 410
159 199
254 368
355 462
133 246
118 248
162 350
8 231
161 238
32 172
69 129
74 133
268 395
236 279
48 367
254 464
168 278
167 455
236 429
37 322
113 435
205 493
402 476
422 483
225 264
95 344
114 343
27 187
43 493
106 145
76 221
138 431
75 131
254 286
2 103
73 154
12 280
332 368
6 34
296 380
116 203
171 460
161 438
109 430
135 297
353 488
16 100
212 345
310 359
132 206
126 316
8 88
63 424
194 433
127 463
271 417
76 310
56 433
162 460
288 388
9 74
68 352
379 404
267 303
245 246
194 310
127 320
28 319
27 181
21 421
327 348
59 266
224 307
142 361
304 430
270 417
210 372
22 117
109 409
116 366
63 375
407 430
258 482
319 334
286 431
0 382
337 344
116 188
358 385
217 368
28 359
119 437
306 498
303 409
385 493
79 341
4 473
314 356
182 251
199 222
37 159
188 353
103 299
227 424
223 278
61 471
201 349
47 265
124 316
37 125
132 178
185 349
394 466
164 192
215 405
43 170
70 141
156 388
192 226
155 421
3 374
108 166
248 435
307 308
301 384
165 446
181 320
231 454
121 352
247 486
49 293
34 43
281 362
267 441
36 261
6 425
323 441
67 482
50 288
57 287
160 192
348 493
50 485
102 482
129 447
84 372
121 173
337 428
231 299
183 236
290 493
55 135
120 438
37 299
41 140
176 264
313 399
226 318
159 456
220 417
349 377
23 359
93 208
45 413
162 352
36 128
220 322
81 92
205 383
164 488
77 466
286 497
366 388
222 340
341 489
28 272
83 129
141 329
149 315
73 343
102 408
83 187
154 437
20 390
70 234
249 374
232 363
194 228
335 410
202 383
345 418
52 254
98 239
128 181
9 31
234 414
351 426
131 435
100 229
188 263
131 206
185 252
109 471
193 249
368 448
172 373
278 344
17 334
208 273
98 140
36 212
232 355
356 387
127 145
106 242
290 311
284 345
419 453
366 408
443 489
128 326
192 210
176 417
38 268
44 46
101 287
80 257
16 348
367 471
102 219
151 359
92 436
11 381
16 433
154 470
187 296
142 482
262 271
187 300
0 483
267 271
234 407
289 449
104 286
417 495
81 215
37 415
296 445
6 294
72 159
269 293
218 296
148 165
163 255
292 332
6 16
149 250
4 53
88 262
249 421
87 469
53 277
12 167
16 452
318 396
66 104
382 473
314 426
180 361
212 396
63 456
30 178
258 393
182 210
116 161
147 313
14 77
2 243
27 415
147 172
33 421
280 337
84 374
163 198
315 475
399 434
479 495
26 310
65 411
2 63
46 283
88 465
192 458
197 296
46 288
156 426
304 378
125 404
222 379
222 289
324 438
9 296
23 450
133 176
32 178
192 386
280 433
58 419
17 397
200 442
132 402
177 253
1 404
89 212
218 463
353 444
328 429
178 385
35 348
229 436
406 441
259 314
21 87
210 289
161 436
252 329
268 288
104 194
145 236
173 356
195 259
233 254
58 469
331 472
388 423
258 459
194 253
62 73
190 268
41 292
80 194
296 448
303 410
28 286
240 322
99 299
227 293
153 276
62 88
120 328
327 470
116 425
245 260
276 364
85 392
438 448
183 382
16 121
20 60
100 341
380 456
217 389
54 200
291 450
274 486
266 312
216 386
113 329
124 195
122 369
13 209
104 158
324 367
29 334
48 160
192 299
460 467
148 195
96 486
211 400
379 477
283 315
17 198
126 291
76 314
71 461
368 371
176 269
337 456
35 189
47 308
181 469
20 221
46 126
222 298
384 459
213 452
231 424
4 24
319 323
304 479
186 238
186 389
317 427
17 160
236 445
35 85
177 357
126 262
322 477
101 385
401 417
253 468
51 216
11 89
6 72
92 447
109 422
251 283
220 307
478 487
23 316
240 436
23 405
147 356
88 365
191 225
67 133
97 227
302 353
213 408
68 396
146 416
159 312
131 359
39 234
196 294
236 335
231 444
209 489
168 402
146 488
89 245
79 126
81 213
328 379
118 498
59 373
429 435
233 341
48 69
181 421
63 499
96 153
187 217
44 486
260 469
126 476
27 163
55 374
23 485
263 411
249 265
210 409
460 462
265 351
1 256
392 447
97 436
235 445
252 496
109 296
3 80
169 374
16 423
305 451
40 468
384 461
96 431
218 340
43 287
172 348
120 413
429 458
193 406
81 94
196 432
163 185
62 110
124 205
60 335
40 178
119 475
90 152
34 419
247 322
10 463
105 243
356 457
387 488
2 413
173 242
185 206
312 367
111 403
308 325
268 462
216 494
300 390
138 189
261 355
55 495
110 345
119 305
144 399
44 434
232 312
203 472
53 209
75 93
32 98
78 438
284 309
308 491
14 368
121 498
10 199
181 386
244 364
79 477
360 390
131 204
165 186
177 204
128 214
41 269
69 239
29 286
183 451
212 361
360 389
133 232
209 419
47 459
39 104
10 50
405 460
28 332
371 393
119 174
175 400
410 413
157 195
60 178
179 309
10 333
42 390
78 497
54 491
191 450
219 277
105 276
103 198
255 361
267 417
18 153
167 209
244 393
295 413
139 248
56 475
53 305
389 498
37 462
8 349
82 284
234 322
64 337
182 386
82 350
341 361
248 252
18 271
19 415
126 259
7 91
324 360
388 473
184 425
82 346
107 257
305 429
4 466
75 136
158 422
225 235
115 348
161 292
254 462
29 213
141 153
330 399
109 394
285 302
55 217
31 242
65 471
403 433
201 339
406 464
230 460
372 453
102 451
230 337
150 353
106 376
86 451
43 82
57 73
215 362
230 457
55 128
327 498
247 261
70 407
394 499
194 367
200 338
384 419
220 300
245 490
33 132
46 355
70 157
71 498
37 104
39 481
211 369
305 460
382 497
157 188
39 103
239 313
83 434
61 429
12 148
333 481
7 257
145 317
131 272
113 418
145 227
192 346
254 485
165 171
3 320
271 352
140 474
50 391
33 466
207 449
335 377
182 253
275 476
124 240
46 374
169 389
12 204
92 108
12 489
396 438
47 439
227 392
95 460
159 207
306 490
358 415
51 142
78 93
38 160
309 361
67 395
39 344
143 342
137 304
326 412
212 415
68 329
236 344
60 215
28 360
309 457
389 487
67 297
274 479
54 81
89 390
81 274
316 493
47 124
328 440
0 31
55 340
258 302
255 350
182 493
180 216
94 451
37 221
91 211
304 447
260 365
117 135
123 270
159 483
16 177
58 274
218 472
4 96
4 304
320 423
241 428
113 332
190 269
28 117
20 426
241 289
363 462
357 385
174 269
221 250
75 289
152 171
3 173
53 456
359 469
166 382
128 400
25 412
105 326
233 388
379 439
270 316
179 270
137 449
271 469
213 262
73 192
129 158
423 440
156 279
290 413
33 250
458 486
307 443
29 342
92 453
63 232
197 411
138 167
132 215
126 356
301 385
232 242
352 475
323 407
155 435
105 369
26 141
195 404
73 290
53 71
402 487
75 482
153 335
287 427
31 200
240 445
61 229
40 139
213 416
113 242
94 495
291 378
3 395
49 199
324 390
176 197
336 493
259 375
177 441
183 418
1 362
392 464
136 420
46 435
88 259
339 434
214 262
388 412
39 182
271 318
125 442
19 423
156 329
137 364
216 264
261 455
167 184
232 281
0 16
321 490
65 271
41 328
144 223
3 275
341 373
28 432
191 403
44 317
222 252
125 334
199 482
64 380
42 392
50 161
15 38
163 288
152 207
262 422
29 290
34 254
318 452
297 406
16 212
10 400
209 323
83 462
38 270
186 257
223 493
158 285
149 267
310 440
100 342
126 410
47 296
27 318
328 463
217 226
109 445
23 98
126 182
146 321
51 463
267 288
140 478
319 467
5 236
243 275
315 481
265 444
205 267
410 487
155 205
314 440
27 364
112 161
120 473
103 403
82 499
191 317
215 422
235 441
245 435
52 471
37 238
112 497
139 358
58 186
310 480
109 183
196 442
48 190
347 447
126 483
297 399
108 460
168 257
213 301
177 483
432 457
16 356
163 388
29 376
405 453
158 253
174 322
377 433
203 337
236 244
70 237
223 408
347 410
109 429
5 335
142 453
124 149
71 393
201 406
151 205
289 487
56 58
77 472
347 437
27 184
107 362
81 220
69 459
10 389
144 334
106 493
428 485
72 497
120 387
66 382
332 355
203 350
36 404
269 294
147 426
181 365
299 451
73 388
130 218
54 367
431 432
254 325
164 322
113 245
41 315
195 260
329 470
112 129
46 246
369 417
162 355
62 271
75 133
106 123
235 460
6 262
460 485
17 414
61 454
114 405
121 390
101 147
52 460
95 425
292 499
65 173
75 112
145 246
101 469
344 453
37 295
60 466
57 463
23 31
230 353
353 471
308 336
27 442
76 324
19 71
136 265
266 426
7 406
324 337
160 435
285 315
333 354
210 272
136 210
321 393
169 295
125 387
28 102
4 439
327 461
120 366
51 263
10 168
210 357
215 368
54 297
435 499
310 355
114 133
296 357
273 286
77 290
210 247
130 461
157 337
135 187
111 328
121 335
232 330
34 229
411 474
150 231
212 291
215 271
85 181
131 376
322 447
346 417
229 422
65 262
266 460
117 341
50 137
241 494
74 466
109 210
213 374
398 449
214 248
36 141
14 299
151 375
4 398
4 454
236 336
105 469
50 87
141 263
221 431
89 196
180 318
6 245
202 420
45 232
149 165
205 301
182 377
105 246
201 417
48 108
322 381
9 231
16 351
275 462
121 128
330 456
49 171
410 419
63 490
373 497
464 466
62 170
35 169
88 297
88 328
209 266
150 191
298 420
246 351
33 335
5 428
109 190
14 254
66 286
289 313
212 298
176 208
108 361
436 467
274 423
461 480
194 423
41 174
18 139
165 455
162 386
28 494
192 304
75 81
138 261
109 451
294 485
115 341
91 290
365 393
150 338
58 60
49 205
166 275
47 175
11 433
135 257
9 280
33 199
18 496
61 359
235 268
3 48
342 425
80 300
92 408
215 451
188 248
38 394
160 477
28 243
60 404
176 394
0 443
113 458
216 275
78 129
83 411
179 417
360 385
105 314
1 304
52 236
241 449
5 465
163 272
329 387
91 479
164 223
447 453
1 143
395 461
186 407
305 469
357 387
5 96
225 311
365 472
167 180
125 268
95 111
247 496
113 406
84 181
301 328
257 475
422 423
139 462
133 180
114 236
107 121
30 484
62 166
261 298
197 236
237 461
129 138
385 396
238 335
189 330
54 371
34 281
105 169
142 473
32 192
209 296
2 150
115 376
135 271
145 214
391 429
304 330
12 471
149 207
15 409
204 297
317 492
52 273
176 381
114 387
178 200
122 423
104 244
278 474
456 458
1 386
30 417
253 493
72 116
69 76
66 134
230 260
220 339
62 66
99 373
47 326
203 240
104 238
362 480
36 263
64 233
48 94
478 482
151 393
63 408
215 455
174 263
80 238
218 435
58 304
164 352
228 415
46 229
84 153
276 360
40 389
114 420
348 417
297 419
123 366
268 376
233 297
127 468
1 431
176 416
250 423
185 236
6 238
41 346
102 239
171 201
193 481
276 341
151 183
51 444
387 414
315 411
259 483
111 207
80 468
3 418
142 214
9 124
105 119
9 334
73 183
119 497
60 133
325 330
348 499
232 255
271 359
82 307
158 247
320 496
392 404
385 407
87 278
21 447
59 312
219 384
0 463
284 437
136 251
119 264
28 414
99 375
261 300
2 117
105 216
255 272
205 260
252 421
147 152
231 302
178 284
31 107
142 225
8 240
90 112
426 431
374 378
118 422
337 496
383 497
334 403
39 407
226 324
171 283
72 307
5 124
107 214
17 65
153 348
29 352
31 267
373 410
150 475
109 238
16 66
267 404
332 395
370 434
108 167
94 142
131 358
189 470
266 267
270 336
4 340
223 446
301 377
14 268
100 479
25 400
146 188
40 132
187 449
82 404
26 491
81 266
118 231
197 434
19 126
314 451
95 260
153 320
130 283
315 479
422 437
225 309
36 409
336 489
92 167
1 250
82 403
3 279
151 437
2 71
78 486
13 168
20 154
154 192
318 476
97 315
242 353
48 382
160 322
3 29
170 469
128 241
2 254
56 192
3 382
19 177
224 439
10 434
173 379
272 380
43 403
254 369
209 257
66 400
20 201
189 374
178 315
22 256
73 102
120 260
363 441
6 130
3 101
149 228
375 426
171 254
230 319
441 479
150 175
325 349
237 440
208 243
146 319
8 444
172 213
101 378
41 115
37 156
116 128
43 314
110 402
74 478
6 88
32 242
22 387
197 380
14 220
305 482
297 425
34 73
67 378
275 387
3 165
31 443
109 200
188 335
398 481
326 354
367 392
17 130
395 398
155 366
194 481
26 481
377 496
97 192
261 478
186 357
103 342
181 371
144 179
139 277
80 423
1 217
123 440
91 223
104 310
121 134
390 399
55 452
288 366
191 498
134 473
365 471
11 317
138 495
94 392
156 305
37 433
334 498
41 422
49 130
82 494
273 312
271 477
69 340
364 418
383 386
142 444
28 235
108 350
139 147
287 422
269 406
366 459
58 402
54 446
297 404
203 437
311 403
117 275
348 400
247 495
7 497
54 199
294 328
189 489
161 194
384 417
30 239
64 186
45 277
83 196
246 436
191 478
7 212
127 495
83 322
294 466
52 268
59 110
408 425
316 422
358 448
118 450
258 296
336 434
476 494
225 269
202 423
88 188
207 283
418 484
361 451
131 445
161 392
291 364
261 433
249 443
184 451
249 447
238 433
137 385
186 426
230 267
145 384
1 12
211 421
306 402
0 486
22 440
13 82
183 414
131 429
78 363
371 397
174 372
16 340
136 180
149 268
299 371
82 387
14 428
410 443
325 328
48 335
102 220
370 471
143 178
105 214
62 325
301 467
26 452
142 264
74 158
50 163
203 213
335 457
47 461
91 210
28 116
386 393
58 94
362 373
85 254
339 353
112 488
147 151
254 481
183 465
338 388
83 319
128 409
186 459
130 474
333 442
36 154
68 277
186 256
374 387
120 244
197 269
272 496
208 261
34 374
253 430
176 496
116 340
73 228
174 268
145 346
82 256
239 419
91 464
159 314
282 384
84 318
61 284
155 398
345 409
351 481
372 474
79 233
316 458
302 335
5 291
12 311
122 295
126 325
273 401
176 427
96 249
212 422
127 341
240 314
134 175
454 455
263 303
180 487
217 418
128 385
107 213
54 68
231 241
464 491
26 128
239 381
268 461
38 157
60 325
29 199
131 472
271 456
109 425
23 469
26 139
402 463
191 286
227 232
292 357
248 489
19 336
19 389
336 349
32 89
26 443
462 471
5 12
181 373
362 443
137 493
92 389
230 316
57 379
12 383
50 192
434 446
28 289
159 430
16 297
234 490
123 435
299 357
158 254
384 463
142 209
255 269
25 118
359 462
25 463
178 376
291 477
377 454
27 314
42 98
21 312
49 449
212 253
33 309
35 103
2 167
33 50
168 180
40 412
45 375
190 438
76 180
21 164
250 394
33 398
12 134
91 451
299 447
243 380
46 160
122 177
271 383
348 357
60 80
135 254
60 489
266 353
1 480
165 431
289 335
204 302
87 163
102 235
31 193
278 350
154 286
81 267
271 489
61 355
318 489
200 344
69 216
88 165
133 420
32 390
139 246
197 406
199 284
185 224
461 476
249 445
42 382
94 395
13 270
137 217
296 311
140 360
35 445
304 380
461 499
22 72
291 399
37 222
324 432
101 371
103 487
188 197
40 302
145 348
13 19
136 370
90 442
0 98
278 457
174 178
166 301
285 359
303 319
390 469
370 470
19 247
188 227
214 423
13 121
308 460
247 449
104 129
158 488
163 202
168 318
82 113
132 220
18 149
86 187
376 437
48 306
155 369
118 355
134 305
172 298
361 474
101 456
136 453
42 71
50 277
201 350
3 106
251 378
15 345
360 454
110 135
269 318
269 403
368 485
44 70
392 472
242 270
77 319
2 361
319 484
58 439
71 299
71 206
138 140
172 396
413 453
15 363
195 409
226 283
340 385
257 319
329 443
78 383
334 348
21 184
123 164
395 439
102 188
355 475
46 323
49 323
149 492
216 247
203 415
330 383
156 231
205 484
71 108
274 282
180 370
25 137
380 384
120 431
65 319
161 266
266 475
78 211
223 418
392 416
269 364
52 393
218 399
206 394
51 74
8 243
83 262
134 235
2 148
90 134
88 312
30 363
86 482
237 462
94 233
171 484
138 241
90 162
71 214
145 247
320 413
346 403
263 470
170 407
180 181
451 484
100 358
174 216
109 387
240 419
13 74
69 294
150 240
37 65
142 492
279 371
122 468
101 427
108 463
101 311
180 321
288 361
67 361
115 336
248 370
92 292
116 251
121 161
174 235
468 495
21 116
353 467
1 232
275 370
179 191
124 287
95 132
80 417
299 431
73 308
101 481
133 411
112 290
359 441
195 421
48 391
239 301
158 400
86 110
65 207
111 164
54 366
239 248
131 190
150 326
143 159
164 291
98 447
208 325
36 273
3 499
8 239
41 173
306 416
112 203
79 351
43 327
2 329
65 359
93 256
112 480
181 299
218 225
123 274
123 218
38 322
465 489
280 486
164 332
122 371
153 383
15 250
253 489
176 257
300 437
95 485
146 263
2 213
181 325
414 471
151 486
16 207
113 485
1 306
138 175
234 331
129 350
254 389
3 73
128 253
271 457
169 450
104 231
132 459
5 141
83 379
275 417
236 334
11 283
132 466
124 242
21 484
50 102
60 220
155 457
222 441
417 475
259 283
3 82
143 327
7 126
309 354
38 87
63 150
103 282
292 495
105 271
331 437
354 432
9 51
32 90
366 496
300 382
371 394
56 344
318 390
58 382
184 340
141 358
157 395
453 484
58 371
366 441
217 322
371 447
315 346
380 438
109 279
187 360
38 257
44 446
251 498
23 26
252 473
94 182
212 376
240 315
70 273
157 269
25 410
48 165
78 177
74 285
40 114
73 142
206 422
26 335
125 347
306 322
370 391
64 379
10 41
307 445
121 406
216 423
90 270
16 124
427 486
309 448
66 352
15 167
381 431
391 465
261 321
134 222
161 498
257 338
287 325
74 352
56 218
312 401
66 498
150 350
79 294
57 260
276 396
262 316
17 280
29 319
226 297
48 118
397 499
36 70
58 335
42 104
36 234
10 441
224 446
330 335
62 470
101 224
292 441
208 484
264 394
50 456
113 321
216 389
388 476
68 369
255 424
192 281
150 259
402 440
103 296
157 388
96 201
321 373
276 494
403 494
128 393
137 202
447 488
145 301
175 282
363 483
41 203
94 130
107 150
7 266
292 336
313 409
152 158
31 398
102 273
8 228
314 364
2 207
316 442
111 435
326 421
46 95
151 259
183 351
178 468
23 449
145 478
224 337
121 359
247 259
8 163
147 298
46 348
50 122
38 145
289 381
70 290
127 187
412 465
214 312
85 257
187 232
241 338
247 273
9 438
89 167
116 416
0 416
327 463
95 291
64 483
59 256
386 471
312 357
273 378
146 351
276 352
290 360
391 459
227 447
155 391
185 345
40 171
10 45
149 231
362 401
318 375
174 192
233 339
185 218
366 393
183 251
210 305
75 79
19 436
379 423
272 415
96 474
289 357
242 381
84 151
240 488
130 300
345 446
168 242
29 447
200 280
387 465
33 266
58 476
304 340
423 425
182 425
90 345
158 250
84 381
35 46
285 371
252 336
177 407
227 268
251 336
202 484
250 347
365 407
16 105
13 406
227 411
7 371
44 424
23 79
315 320
29 66
110 397
1 202
28 477
266 471
53 94
247 306
207 404
250 392
258 380
131 210
98 453
218 278
317 467
216 330
222 397
226 496
9 235
128 165
73 236
346 378
80 280
269 467
162 310
22 48
6 236
160 398
48 112
233 371
46 442
79 441
68 88
5 358
68 246
28 121
164 438
398 465
141 427
131 478
268 457
177 301
272 465
133 210
449 478
123 309
328 376
59 274
149 437
349 487
172 420
268 340
44 140
189 258
122 279
134 152
136 206
69 151
265 326
10 31
274 426
242 249
31 239
455 491
275 315
167 453
404 407
386 469
106 459
11 388
138 482
327 476
169 202
304 320
214 372
71 458
6 466
279 388
203 280
352 370
84 262
16 87
322 498
91 459
256 386
113 146
432 477
126 297
207 299
393 444
237 304
364 470
191 421
131 260
168 243
2 43
194 223
29 300
130 475
61 307
127 494
133 348
153 286
137 343
54 293
194 493
19 140
338 367
128 213
18 283
80 356
63 485
57 378
128 425
119 397
236 459
178 492
156 407
328 388
32 448
247 331
210 322
321 467
152 195
390 401
154 255
363 409
209 340
68 163
54 436
323 324
166 183
303 342
114 235
96 399
207 211
320 332
97 300
141 269
19 41
249 373
300 410
61 492
39 453
150 176
86 306
378 452
74 312
309 463
119 285
416 478
303 416
30 218
7 365
86 266
51 407
80 496
218 362
218 444
137 348
255 329
93 209
191 318
447 465
237 306
278 387
365 384
439 465
47 427
166 249
282 331
195 316
250 401
16 400
42 51
336 436
350 390
33 310
166 462
130 463
171 341
191 345
132 338
298 402
35 114
322 434
261 400
270 425
58 383
158 234
31 265
208 283
209 490
286 411
24 41
11 367
147 389
308 401
263 313
284 294
217 309
175 320
166 196
399 490
270 475
422 438
0 452
91 463
135 199
120 446
76 475
17 131
282 330
294 407
36 49
313 405
267 395
210 282
451 496
103 326
99 178
127 217
242 446
298 314
49 442
329 459
200 333
33 220
118 340
380 462
100 103
351 383
260 304
301 434
132 165
59 375
106 149
19 421
143 288
301 465
155 352
87 307
63 175
48 272
91 205
35 349
17 292
36 79
70 486
352 463
26 259
146 326
139 436
3 75
119 451
230 303
337 383
38 274
136 297
137 286
145 442
224 362
326 358
245 426
121 166
24 345
328 393
95 206
370 377
212 332
159 291
165 418
126 265
253 351
185 417
88 202
127 215
7 263
24 109
33 55
44 192
134 395
173 343
75 460
86 380
166 330
89 191
76 465
154 282
375 448
292 425
66 433
47 239
237 439
373 458
150 166
50 256
174 467
368 402
379 467
216 258
199 255
168 385
59 196
71 452
146 332
51 477
117 338
55 416
25 42
296 367
250 471
95 130
85 442
299 445
399 488
371 416
167 219
82 106
409 491
85 198
339 404
85 190
9 342
255 463
333 437
223 381
148 304
97 321
150 425
241 372
197 383
341 464
89 283
43 354
26 66
173 273
129 337
134 430
1 234
15 317
50 255
264 444
21 29
106 489
70 277
243 388
50 346
51 118
38 223
83 447
281 459
55 328
68 480
184 320
44 450
171 217
206 279
361 441
194 483
37 426
280 382
44 355
158 306
261 473
146 373
88 155
153 361
121 204
275 391
390 483
5 111
28 372
15 201
78 477
82 121
102 379
18 453
1 320
368 386
369 484
113 400
23 463
306 493
31 472
94 416
61 72
109 331
185 458
78 406
406 421
1 272
191 458
349 426
402 451
295 457
74 337
62 330
115 145
149 156
92 455
123 176
122 395
4 192
88 349
63 309
163 495
153 343
453 466
126 368
96 477
189 422
2 263
244 265
304 319
84 358
203 367
124 197
322 388
183 470
318 437
111 268
23 39
127 440
426 466
247 443
17 474
36 140
13 53
135 491
186 410
7 323
77 481
143 396
49 164
111 189
107 461
38 245
5 251
60 248
241 244
147 315
110 454
55 260
35 98
225 261
72 126
40 225
75 485
68 357
22 318
48 117
466 488
195 198
39 351
148 197
233 485
43 270
116 484
33 173
50 271
254 305
69 494
240 384
394 461
74 93
117 487
34 421
292 299
32 299
102 271
90 136
162 300
151 226
1 433
172 286
12 159
176 453
169 234
21 278
28 221
208 234
238 426
163 232
269 430
264 319
62 131
134 193
103 215
87 287
57 460
282 456
57 393
45 97
120 342
323 482
374 414
42 70
71 228
302 416
20 465
17 208
327 329
468 498
182 357
168 429
42 242
251 356
165 347
124 371
450 481
6 119
132 370
288 440
40 172
29 34
307 325
169 240
140 213
249 350
39 218
165 363
159 347
38 403
9 40
76 488
115 208
344 469
215 452
98 352
84 202
303 432
308 399
266 336
225 365
103 470
296 362
343 481
267 494
278 289
152 336
134 295
19 255
167 409
297 353
189 402
155 377
35 153
187 196
69 367
12 426
120 278
211 214
234 411
86 316
26 396
25 459
336 387
115 399
251 449
332 439
207 333
147 425
230 494
416 442
368 434
248 399
22 137
53 476
343 344
133 352
399 433
47 386
158 315
122 472
123 388
94 189
45 337
229 309
283 495
141 225
131 149
78 131
146 394
387 478
319 375
111 176
199 347
49 81
37 374
412 459
89 101
216 400
397 413
61 240
13 160
24 390
39 91
28 127
119 375
364 391
158 456
121 258
15 288
11 453
284 431
90 316
301 474
451 495
39 411
132 377
169 456
104 264
198 429
39 325
171 413
6 12
67 117
89 133
259 303
130 334
128 476
55 93
160 450
226 282
131 418
69 486
370 459
182 453
360 380
222 450
93 149
174 463
98 383
31 204
16 37
191 227
316 475
343 439
84 496
41 209
99 247
343 465
28 65
3 157
252 363
127 478
11 319
399 427
136 226
50 499
283 385
85 482
100 151
38 328
96 484
206 499
312 330
113 268
216 368
39 362
163 203
175 430
332 437
367 440
217 234
71 377
116 462
28 115
105 407
298 476
48 341
80 283
78 223
27 191
89 493
184 279
371 492
