500 2972 1500
23 11 16 12 9 12 8 8 10 7 24 15 25 20 22 22 9 18 14 11 15 14 7 21 5 19 8 25 9 6 19 17 19 25 11 17 13 14 25 17 15 19 17 14 24 16 17 25 23 24 5 11 19 5 10 22 14 12 14 11 12 22 11 22 13 12 6 14 9 24 19 25 8 13 17 16 10 9 15 11 13 19 18 7 15 5 23 12 11 21 20 14 13 22 19 5 20 15 8 25 9 5 17 18 25 18 24 22 18 8 8 8 23 18 25 14 14 23 7 15 18 21 11 14 16 5 9 18 21 19 9 15 23 25 8 6 15 6 22 6 22 11 17 17 12 23 8 19 14 11 20 13 16 11 7 9 24 20 18 24 14 21 25 16 10 25 6 11 5 23 10 12 21 9 9 25 22 13 21 19 10 6 18 18 24 24 20 25 10 19 21 12 10 20 23 20 19 22 13 20 6 6 16 6 5 6 22 5 10 5 16 11 22 16 16 12 17 22 5 16 5 10 14 11 12 17 9 16 8 15 13 13 8 25 6 15 5 17 7 14 22 6 5 15 13 21 22 16 23 9 13 24 19 14 13 22 6 10 6 23 18 6 15 18 5 17 15 7 16 10 22 8 14 23 5 24 9 8 23 24 13 24 18 9 18 14 16 10 14 24 14 23 16 6 6 22 18 22 9 19 20 15 9 7 19 12 22 9 6 8 22 6 23 19 25 20 23 20 16 21 5 13 10 11 22 15 6 25 8 20 10 19 16 17 16 5 8 11 7 7 19 5 11 11 5 6 9 25 5 18 20 10 5 21 16 18 8 17 17 16 20 22 16 8 7 19 14 6 17 6 22 6 24 19 12 15 19 21 23 25 20 25 12 17 5 23 5 22 22 11 17 5 20 8 19 16 13 7 7 25 10 25 6 13 8 17 17 24 13 21 13 23 9 25 14 21 14 6 9 21 19 10 13 25 21 13 11 17 23 11 23 21 12 5 9 25 16 22 14 6 22 23 10 8 24 8 18 21 15 20 6 24 20 9 23 5 20 13 20 18 25 23 16 20 24 17 7 7 20 16 7 18 10 23 7 18 14 11 5 24 8 11 25 15 10 14 6 13 24 19 14 19 10 7 21 20 14 23 11 5
3 15 10 4 12 17 11 12 4 7 8 17 12 19 20 10 8 7 6 16 10 3 5 14 15 16 5 10 11 6 19 6 12 3 12 19 5 12 4 6 4 17 15 11 6 12 17 19 5 12 19 10 16 4 4 5 4 4 10 10 9 3 14 15 7 3 10 11 14 19 19 5 20 12 12 17 14 12 8 17 9 11 4 7 3 3 15 9 8 3 15 17 5 14 20 11 7 12 14 14 12 10 10 17 5 5 13 19 16 20 15 16 11 19 17 7 6 12 5 6 18 14 20 6 15 14 12 13 7 15 19 19 14 17 9 19 14 19 17 19 14 17 13 16 17 18 9 6 17 16 7 9 9 7 20 15 7 18 12 11 5 15 3 19 15 10 9 13 7 19 6 5 10 10 9 6 4 10 3 14 6 14 8 7 9 18 11 3 6 6 18 19 8 15 16 18 10 7 10 6 20 12 19 11 11 6 15 6 9 17 18 4 9 4 9 9 9 8 20 9 14 6 8 13 10 8 15 16 3 8 19 20 9 18 4 18 7 8 8 11 14 20 18 7 19 19 17 20 8 12 17 6 3 19 18 16 9 17 13 16 11 12 13 12 13 4 20 13 14 9 11 9 16 12 6 6 15 20 3 15 13 3 16 16 4 13 6 16 5 19 3 11 20 12 6 20 9 19 8 11 13 19 5 6 20 10 11 9 9 20 15 15 13 18 17 13 20 15 12 9 3 11 9 14 15 19 14 3 3 5 16 14 19 10 20 3 19 19 3 6 5 3 12 13 6 14 17 12 3 11 16 8 14 8 4 16 19 13 10 8 7 18 5 18 7 19 4 7 14 17 14 7 4 8 11 17 20 18 11 7 16 18 6 5 8 14 7 5 13 13 17 13 13 10 13 12 16 11 13 14 8 11 7 20 9 7 13 19 5 19 10 18 18 9 4 10 17 18 5 11 6 12 4 12 19 14 16 5 17 8 13 17 8 13 8 6 3 20 9 7 5 9 5 5 7 15 14 3 12 13 19 7 6 20 20 20 17 20 3 12 16 10 17 4 16 4 4 17 17 8 20 9 4 15 20 13 13 18 10 11 6 13 9 15 9 17 10 6 14 9 19 3 8 7 20 8 6 9 5 15
96 221
32 239
22 37
116 302
105 378
128 262
8 249
217 400
209 366
12 25
117 363
57 123
69 422
298 351
457 471
218 265
15 486
172 419
166 494
90 195
341 461
286 407
31 39
251 410
231 310
58 101
156 364
202 485
332 373
329 461
248 456
158 251
250 345
124 366
115 298
22 98
276 304
118 140
32 89
176 497
265 433
1 236
120 435
4 429
217 230
239 428
213 467
38 274
28 109
109 304
79 144
25 86
173 178
259 328
107 257
139 252
153 461
272 466
155 284
197 369
192 309
196 310
372 484
116 295
234 440
11 462
0 62
110 279
251 306
150 256
289 305
287 470
32 237
205 242
397 483
5 77
1 451
7 44
135 267
347 491
300 462
353 436
440 495
297 419
5 337
440 450
329 364
175 487
446 497
7 377
52 306
71 195
140 384
37 459
108 207
115 411
65 395
44 279
103 120
3 62
11 480
31 414
128 279
231 394
189 356
289 492
214 291
40 370
318 360
260 334
15 495
194 220
418 423
309 452
240 332
37 57
180 318
58 308
11 71
145 415
73 295
267 339
8 268
13 444
89 462
464 495
140 278
120 195
293 394
219 296
326 338
38 75
110 322
52 248
237 257
439 470
17 476
252 262
70 259
350 483
312 373
132 262
310 445
49 107
8 408
299 456
7 117
216 301
49 386
204 347
184 473
75 209
88 128
218 431
35 482
35 265
321 359
282 368
278 380
46 74
447 494
60 319
128 145
108 440
10 349
57 440
76 99
187 302
91 305
228 369
90 341
235 307
169 332
236 354
110 410
126 280
17 488
35 270
235 409
59 172
334 456
27 351
191 367
52 69
68 353
140 433
72 241
472 484
22 64
255 395
130 269
306 376
338 490
15 118
169 425
10 421
245 446
298 308
236 375
77 304
29 114
149 333
15 301
205 483
42 52
170 272
370 434
5 257
145 468
78 277
74 448
298 313
57 58
375 399
54 335
73 349
68 136
211 470
17 208
16 226
48 250
195 414
11 424
240 458
54 441
274 387
137 259
9 188
188 258
158 419
315 383
29 333
136 381
37 433
128 241
131 270
316 431
25 316
234 279
263 407
63 86
125 171
122 159
49 465
288 412
96 356
123 440
76 261
178 283
210 321
111 151
288 311
309 466
179 327
374 398
139 191
109 377
276 452
330 381
17 168
38 383
53 90
316 341
203 452
172 243
89 109
137 219
324 447
124 335
117 316
356 420
109 139
271 345
45 474
281 293
147 349
153 494
232 477
106 153
206 414
223 289
28 301
63 305
237 251
90 188
54 209
338 478
359 377
322 363
234 374
356 401
202 224
24 251
43 298
58 124
238 302
54 318
128 363
154 370
23 138
14 468
24 470
332 405
86 444
161 414
4 189
129 354
32 292
307 314
319 425
215 454
113 130
58 472
183 390
69 73
248 453
291 414
389 416
2 11
112 165
285 336
3 294
37 337
354 496
220 296
353 411
130 327
102 470
197 199
50 207
288 378
118 243
217 249
304 357
479 493
256 403
329 375
435 441
74 392
328 472
347 360
149 440
188 432
239 303
162 482
328 499
37 73
247 363
170 320
21 59
97 422
395 496
9 347
164 413
201 208
317 347
62 288
290 445
223 299
26 229
189 190
103 163
182 450
64 107
68 226
22 422
178 478
453 480
77 455
29 349
194 373
63 449
174 224
300 334
162 369
129 414
122 160
33 125
47 183
47 365
219 250
58 370
318 350
267 340
216 362
155 368
84 238
238 298
106 362
44 160
16 243
212 404
75 384
262 413
282 482
299 405
65 92
218 234
118 349
124 154
204 371
32 63
9 136
55 429
316 415
103 264
69 351
335 341
7 297
386 439
21 227
37 357
408 472
118 342
239 316
312 324
193 498
252 307
2 153
89 359
366 439
201 262
221 417
3 215
141 320
205 245
399 494
7 326
372 498
332 476
96 402
183 482
328 399
128 353
485 492
68 205
280 369
85 472
66 492
55 356
85 196
58 357
130 432
117 143
49 219
135 140
211 302
93 130
122 188
363 424
11 335
398 469
109 368
213 456
79 439
75 178
448 451
179 307
7 358
98 249
102 484
234 363
200 255
344 349
352 370
122 291
154 224
391 482
153 207
194 255
216 496
168 241
36 415
81 196
175 183
104 398
21 496
57 449
37 52
232 468
153 263
80 180
228 301
16 456
129 306
175 306
191 486
10 180
6 478
258 365
137 496
383 460
376 379
195 261
132 157
92 199
6 489
114 472
81 452
119 340
68 305
96 230
270 294
197 403
327 434
11 476
106 318
103 238
13 138
206 475
377 438
165 193
73 197
63 499
281 299
160 209
28 441
216 299
165 405
150 163
313 494
364 460
49 62
84 235
218 222
304 392
32 450
96 223
308 383
165 479
122 413
81 412
307 384
97 248
129 153
103 233
46 327
184 440
220 307
166 228
143 279
99 168
4 136
223 257
11 368
44 389
124 321
346 361
20 212
308 495
316 469
219 286
46 147
76 156
58 179
6 111
188 322
328 429
322 366
12 61
330 352
29 362
314 496
47 137
240 462
3 52
18 215
197 456
88 344
127 220
182 263
343 366
86 184
27 427
128 394
46 81
3 88
280 350
464 499
383 442
15 336
10 261
322 401
99 464
52 311
36 247
45 156
210 282
121 276
164 352
257 422
372 381
61 342
346 474
42 476
147 251
177 181
374 384
290 383
338 376
416 452
178 486
96 110
376 423
266 272
27 385
137 200
76 392
59 270
347 446
357 450
24 37
8 190
136 315
133 210
43 489
219 445
23 397
219 465
332 427
114 144
124 225
63 239
46 458
337 365
155 406
161 453
294 321
25 265
301 376
295 411
341 428
82 110
348 474
5 363
274 404
297 498
117 399
192 202
205 371
193 275
213 429
7 418
153 391
399 427
9 100
4 361
397 462
173 418
193 371
177 303
31 484
53 171
169 342
381 383
70 334
103 381
100 212
67 429
142 265
143 424
416 440
109 148
260 316
268 344
175 393
94 309
94 285
395 478
164 225
312 450
133 227
10 290
19 348
157 208
58 85
138 294
138 274
107 181
113 482
100 296
243 344
52 372
162 215
284 430
419 458
385 430
165 496
41 97
313 450
38 44
52 128
110 117
235 476
99 437
57 252
137 385
395 449
54 461
282 489
141 430
255 380
62 472
305 320
178 211
26 111
13 319
100 122
181 303
254 352
68 271
186 358
7 241
175 346
423 454
6 462
75 193
2 249
202 217
39 144
191 465
64 450
210 445
30 461
190 221
102 192
392 404
36 416
355 462
335 381
45 119
18 272
277 336
267 470
60 164
120 479
364 374
158 164
184 489
281 289
141 493
284 379
25 134
169 387
85 345
92 458
13 478
198 443
54 419
216 446
67 197
89 155
369 421
235 437
200 402
260 429
269 288
67 264
116 383
233 432
280 340
318 410
78 269
323 410
205 236
114 155
182 185
43 359
85 250
117 450
280 409
30 217
102 273
180 310
252 259
114 183
22 440
242 483
13 85
2 383
94 249
226 465
195 224
336 391
209 283
17 240
357 393
350 462
25 400
127 294
371 381
54 309
56 152
404 439
91 218
250 379
197 307
286 350
204 256
292 401
460 466
184 436
272 429
117 312
279 290
32 113
214 391
24 420
153 473
52 283
255 453
55 383
343 415
10 360
433 481
79 141
51 170
22 322
225 445
30 49
426 476
79 338
342 481
187 284
88 324
126 274
21 326
228 454
78 411
34 298
271 306
341 485
272 284
58 307
358 441
66 443
165 236
60 459
208 328
347 359
33 248
98 463
128 401
62 338
430 452
71 265
42 155
125 311
45 86
101 207
189 246
21 402
234 269
125 239
207 413
75 467
216 341
109 214
258 315
167 407
52 99
113 292
23 289
405 485
163 439
14 453
27 297
34 47
119 166
346 493
212 336
180 272
165 358
418 451
403 431
78 186
250 376
195 196
173 434
136 219
220 490
316 405
327 336
25 247
125 219
126 457
163 184
319 370
27 93
251 271
291 395
27 98
26 211
171 477
313 362
91 177
163 268
25 81
106 285
3 128
419 466
274 343
297 307
117 204
217 223
223 339
7 123
15 308
42 331
11 215
39 327
46 337
26 105
267 459
203 414
120 361
77 179
173 209
329 467
2 258
4 241
449 480
215 458
17 84
350 397
65 478
138 279
27 372
9 31
20 278
21 428
260 461
179 297
405 452
67 247
250 401
216 266
49 242
113 277
228 286
13 447
175 312
391 483
195 340
135 248
82 127
127 414
95 463
437 462
471 475
84 396
69 207
136 285
98 466
109 376
4 108
314 462
27 315
61 163
336 491
56 74
240 244
134 219
105 114
93 433
200 331
174 222
43 260
17 122
25 88
362 460
248 433
438 456
174 443
132 283
106 150
83 160
222 332
202 332
79 487
73 419
66 326
415 431
269 398
169 479
337 440
145 355
15 36
426 475
14 169
203 240
217 317
326 470
37 301
425 448
59 471
181 202
252 476
18 373
104 326
213 475
79 352
183 293
314 419
196 253
373 490
135 352
337 444
85 469
43 150
182 485
441 453
376 398
227 289
138 430
17 21
107 169
144 351
132 400
186 315
344 455
9 447
85 377
13 209
44 202
18 289
46 244
115 405
151 492
245 419
204 270
189 456
284 338
9 317
318 399
352 489
5 401
303 434
288 399
260 493
26 183
62 181
343 461
200 336
345 493
32 214
74 299
83 441
142 302
95 97
104 323
52 436
30 197
93 303
322 386
58 274
130 149
67 370
135 459
95 346
67 436
196 460
110 219
199 309
197 379
301 344
149 431
28 317
195 446
338 417
53 247
106 332
431 460
9 253
39 234
213 349
143 338
9 182
2 209
266 492
395 497
29 82
345 466
309 482
310 379
297 346
98 212
50 133
157 304
173 395
257 492
107 256
398 402
474 499
173 259
355 413
139 470
214 355
182 439
106 162
81 336
338 379
140 225
288 357
308 426
79 468
316 367
182 411
182 429
112 329
314 442
207 256
161 351
168 256
115 132
61 404
6 482
456 457
172 185
304 470
315 401
104 127
318 490
333 387
200 451
35 279
270 389
28 416
243 348
280 330
328 488
155 176
406 478
116 460
246 394
8 33
341 346
87 130
334 423
157 472
449 485
230 414
4 368
6 158
108 371
40 279
82 226
25 299
247 412
233 253
35 222
316 488
44 329
150 493
211 407
102 413
6 304
166 273
381 405
428 459
112 263
137 286
205 417
111 466
226 335
11 224
98 289
304 417
83 460
19 355
92 416
30 244
32 455
410 422
220 319
359 470
458 459
263 411
294 311
67 207
6 265
412 440
363 403
203 302
10 210
228 427
91 341
228 377
3 24
96 426
372 447
185 358
394 458
46 407
267 367
320 488
125 291
58 346
93 424
273 348
3 130
58 138
300 362
88 494
170 496
2 42
168 449
202 229
131 462
79 459
431 472
390 480
186 493
239 297
164 212
193 404
188 401
90 241
61 150
371 453
289 385
5 389
18 352
115 146
156 369
429 460
72 92
97 176
137 305
354 481
309 472
43 144
172 469
113 366
20 201
291 358
220 260
175 304
367 474
37 310
303 393
97 339
166 418
75 180
21 233
164 187
81 356
231 325
111 401
319 391
281 469
372 380
304 466
245 327
346 450
170 431
77 324
180 278
387 391
103 209
338 390
57 487
124 232
305 441
67 347
80 131
2 200
30 462
171 320
139 169
81 469
53 448
207 316
135 235
24 406
182 229
180 215
51 125
183 291
152 276
131 334
98 405
90 348
137 175
315 376
460 476
16 454
154 317
145 318
1 271
129 163
317 356
46 321
61 202
453 491
138 196
11 262
114 326
344 445
232 454
169 468
37 147
214 340
251 356
228 416
169 323
196 459
176 179
54 292
394 432
441 488
97 271
388 488
13 270
44 63
268 347
349 483
40 354
231 330
61 485
6 34
328 451
37 487
42 91
56 176
204 412
365 483
4 376
30 485
127 229
98 478
352 497
92 475
24 449
395 405
275 414
178 205
165 393
325 375
257 468
86 209
108 486
320 375
108 422
112 343
300 306
116 131
126 148
43 246
160 396
142 494
322 493
109 329
86 480
296 431
54 176
92 286
214 322
284 376
124 442
214 296
53 451
354 355
112 484
116 453
228 357
258 305
82 397
269 464
101 417
59 256
188 469
79 409
126 489
253 372
260 489
215 366
119 188
165 226
153 417
72 172
368 374
295 352
24 493
123 463
132 210
12 372
12 431
349 421
92 113
446 452
43 311
291 353
185 432
3 281
331 355
271 359
197 272
334 403
39 493
129 471
236 242
245 363
44 82
53 70
23 192
61 153
208 362
226 255
8 153
118 210
195 199
321 368
17 443
188 367
48 383
96 302
101 151
150 234
43 486
49 157
23 162
124 165
178 310
36 392
41 171
61 201
8 93
272 449
318 359
26 127
429 437
183 479
171 276
80 427
121 380
177 385
256 382
337 390
118 245
240 328
393 418
97 359
136 425
88 300
60 339
130 189
242 351
170 457
248 382
38 286
395 483
182 420
110 405
164 281
173 450
52 481
90 191
81 92
81 169
230 249
21 455
298 354
148 362
249 427
344 405
118 328
359 397
117 133
51 476
15 390
369 441
378 423
67 313
10 331
32 300
66 253
355 495
57 285
335 406
21 28
4 63
106 420
37 403
259 343
34 218
30 386
8 478
64 458
106 307
365 378
105 281
275 443
121 395
370 389
240 362
13 286
172 177
299 432
280 327
347 361
32 211
80 169
277 492
172 395
124 332
303 360
136 407
440 467
12 298
272 453
121 157
24 349
57 246
113 483
343 403
392 442
299 426
20 73
47 346
381 475
67 123
153 193
102 342
55 112
101 329
146 288
176 298
41 217
78 378
279 396
426 451
186 491
185 256
87 473
262 277
338 435
282 468
192 417
35 291
92 287
196 404
3 368
315 316
3 161
368 449
396 440
206 496
135 198
136 192
85 179
138 283
231 416
209 305
31 112
41 170
409 435
317 324
45 299
171 324
182 303
278 353
433 490
115 134
290 350
43 58
47 352
361 459
40 324
278 281
16 458
148 460
450 471
78 127
53 222
305 313
153 295
31 106
160 460
425 494
33 149
139 417
91 294
199 482
4 313
116 495
36 142
380 498
148 415
135 390
252 483
124 345
197 327
185 412
108 121
443 463
227 271
181 380
120 198
12 263
58 100
344 379
12 285
375 439
346 383
10 216
171 421
92 476
37 84
143 210
128 280
448 494
22 442
249 350
234 266
34 392
109 159
59 164
171 336
6 95
195 254
208 393
76 378
232 318
84 177
212 273
50 105
318 358
16 419
165 404
70 232
38 258
310 402
32 328
351 398
37 422
134 142
291 480
225 265
373 392
443 462
27 407
11 103
6 497
336 497
59 289
7 403
167 331
67 334
12 220
93 224
28 468
158 372
270 309
60 86
173 326
170 194
77 348
96 496
371 396
37 475
114 119
124 418
250 346
288 477
45 297
178 352
235 373
115 320
120 235
233 465
113 216
328 388
294 339
47 158
236 286
70 244
8 462
416 466
370 475
487 498
194 268
190 427
7 436
12 482
407 442
79 263
361 495
28 403
260 366
229 304
315 468
245 259
0 386
104 411
332 368
35 140
377 458
58 378
199 373
295 455
39 225
302 462
36 328
314 486
186 390
377 460
124 276
94 475
333 428
262 408
244 251
213 232
35 461
129 387
1 177
200 298
309 316
269 399
83 93
12 146
210 247
27 363
82 270
246 271
69 214
189 350
312 428
299 472
287 297
33 163
32 492
222 472
246 323
136 402
86 199
320 442
188 438
418 460
162 380
17 224
154 356
353 390
321 411
106 191
35 440
414 420
226 400
263 495
269 354
219 367
117 178
37 175
60 337
52 333
127 424
33 430
301 419
291 372
173 420
303 425
20 44
45 143
185 212
168 275
56 134
399 497
276 476
21 269
54 198
392 443
224 442
91 402
99 182
24 460
321 433
32 246
161 399
154 325
170 365
266 458
114 463
48 164
132 343
145 475
316 437
40 138
1 147
105 116
271 494
147 302
380 436
116 206
282 314
61 474
148 408
170 269
235 296
74 260
459 479
137 233
252 398
256 280
212 457
315 435
169 464
264 396
333 378
98 293
76 369
53 153
359 457
134 417
59 385
75 79
41 215
136 358
183 216
113 177
372 441
40 489
385 499
431 433
19 341
155 463
444 482
9 32
109 488
203 238
315 446
92 226
246 298
286 346
130 318
45 467
323 346
57 268
4 239
48 207
27 34
43 68
338 403
35 334
372 379
458 464
264 282
48 427
144 333
91 383
385 423
134 141
38 293
35 144
118 279
102 156
148 499
145 421
86 277
455 482
395 419
12 192
61 219
60 494
325 450
277 310
148 264
151 201
365 396
2 356
311 325
121 436
197 306
254 370
20 74
61 473
160 297
362 371
364 370
183 301
5 272
41 235
34 160
48 267
100 102
66 478
238 398
268 489
199 346
281 370
166 262
178 433
33 129
369 407
130 395
488 493
133 486
441 464
89 121
291 499
183 279
94 138
147 328
109 337
52 269
1 339
33 494
76 333
348 373
120 373
176 340
227 467
228 358
152 469
429 450
211 305
256 308
57 420
79 103
34 142
64 315
63 85
127 243
403 491
157 423
17 41
135 364
17 382
19 39
35 181
183 404
223 248
115 283
193 396
57 321
294 414
171 260
137 248
226 471
19 61
5 219
448 479
55 326
392 498
173 430
218 276
59 494
208 302
165 255
109 181
287 478
249 285
186 449
29 455
405 493
27 310
443 453
5 331
39 393
304 431
234 294
293 433
181 491
27 387
202 423
409 494
142 243
6 40
122 237
229 429
85 433
188 468
12 328
238 350
458 493
73 172
439 450
85 322
13 123
116 289
311 399
6 130
125 477
46 385
109 458
296 355
280 351
382 442
33 306
17 358
12 62
174 376
111 330
124 362
115 406
162 272
229 443
319 385
113 140
158 228
259 456
272 307
316 458
157 469
5 286
193 347
209 255
80 287
210 236
161 417
260 417
49 412
25 390
118 476
137 446
246 396
70 86
328 483
220 349
383 456
19 56
126 297
289 448
66 187
105 145
34 122
270 301
76 78
170 178
122 185
87 371
391 484
187 414
118 481
289 443
193 329
109 444
255 484
33 37
21 63
337 426
28 68
65 408
268 320
117 488
223 279
77 310
250 412
344 407
318 405
65 112
266 294
189 271
254 295
102 163
433 463
404 491
185 458
56 321
301 426
39 78
384 412
259 284
370 454
337 397
88 400
43 302
113 397
36 400
32 147
113 201
150 416
116 267
418 430
117 364
31 279
145 322
51 113
75 479
116 355
282 343
387 437
206 240
326 327
153 195
85 417
368 422
271 316
8 115
32 494
74 251
12 462
93 171
273 461
97 291
75 435
106 243
250 276
220 287
222 341
356 365
210 422
174 412
156 223
207 498
54 83
305 345
456 458
254 467
211 264
380 479
43 173
94 203
111 390
6 371
6 107
364 412
52 175
227 387
68 384
397 441
16 498
85 125
13 387
341 378
210 446
311 444
94 467
17 359
171 489
11 475
321 327
424 476
120 364
0 333
133 295
126 425
202 274
164 184
374 453
194 497
448 495
91 165
333 469
89 342
158 247
328 345
7 173
106 154
169 448
306 480
362 442
62 244
232 488
36 391
35 43
159 269
84 479
283 342
22 295
267 292
285 445
105 153
188 448
164 353
69 342
197 225
174 303
0 417
217 361
34 440
159 328
14 366
0 164
201 464
3 14
293 489
311 404
336 371
242 463
158 276
163 468
168 343
139 190
283 311
192 471
268 361
227 356
274 400
193 374
349 358
51 221
36 89
185 367
209 410
45 93
32 386
146 473
263 367
277 489
99 179
317 330
20 227
374 385
335 449
68 157
302 320
24 89
103 110
445 485
171 277
326 484
294 384
232 471
293 498
13 185
5 185
111 261
109 471
356 472
189 361
239 425
27 287
249 417
138 416
283 308
54 271
209 219
133 225
1 405
200 306
75 261
292 366
179 336
225 447
381 425
456 488
140 435
322 325
97 315
403 466
107 179
174 243
148 360
28 86
38 209
172 363
205 219
48 123
41 143
153 332
77 407
53 320
206 291
143 258
370 419
361 498
290 323
1 34
353 434
292 496
164 307
277 281
26 61
24 495
129 225
197 376
420 463
413 420
71 148
346 454
26 496
305 391
120 157
290 356
122 152
239 460
1 435
63 107
204 238
67 218
273 425
9 427
417 454
143 209
34 76
216 406
256 440
68 142
394 419
96 174
153 241
402 482
156 418
321 418
32 456
394 443
45 73
97 321
342 458
211 281
335 411
438 495
3 384
291 300
128 286
52 221
168 465
25 175
355 492
68 163
221 247
120 419
120 408
193 395
74 331
117 210
60 269
113 290
178 414
469 476
229 411
46 108
49 360
150 209
138 322
85 170
199 289
74 95
225 493
3 405
121 437
91 153
190 497
5 302
155 382
168 310
329 362
220 297
203 461
336 438
332 342
72 404
107 358
244 377
217 392
61 486
434 440
349 425
99 216
20 294
296 312
16 247
177 464
90 370
82 314
198 389
66 256
316 454
170 296
301 333
333 452
222 307
161 432
329 487
230 480
126 346
11 472
99 149
76 115
420 483
153 294
313 339
124 353
171 198
340 418
464 474
134 365
94 238
265 474
85 259
148 306
214 397
120 135
374 482
301 338
112 383
323 344
305 483
33 140
372 455
85 435
192 293
383 448
156 475
338 405
26 50
199 259
228 294
320 492
75 156
241 449
315 349
423 473
230 274
329 395
325 412
241 478
249 373
119 449
82 84
139 141
25 472
129 264
195 412
208 395
176 331
53 348
375 390
289 373
93 287
231 437
176 295
44 151
467 485
370 437
86 324
210 415
0 176
148 191
217 326
362 373
52 95
78 484
343 473
16 373
62 221
291 402
215 269
261 370
88 425
51 406
194 219
444 459
191 198
453 495
96 368
350 352
31 129
370 438
339 493
250 452
145 300
237 316
362 473
276 460
53 479
176 399
353 355
150 343
346 408
130 443
330 380
212 429
179 444
188 270
238 319
15 281
6 415
64 87
221 337
53 194
256 420
126 363
102 378
360 467
100 117
222 446
14 135
10 415
38 283
82 125
134 435
218 479
213 454
89 398
31 169
347 371
152 391
81 448
67 283
279 423
144 248
73 190
272 458
74 236
129 379
89 381
2 186
283 378
50 226
80 113
55 199
24 469
193 219
98 118
32 84
9 135
48 354
172 239
21 64
142 179
397 450
6 374
76 357
253 459
392 399
268 389
349 355
386 475
36 362
97 143
259 272
320 434
111 133
71 126
75 93
39 168
20 315
305 496
304 315
112 256
205 466
187 263
65 181
326 336
110 181
158 271
175 281
46 373
335 383
117 335
47 294
275 306
75 297
185 352
124 226
33 307
331 445
4 307
107 280
270 375
35 464
19 179
296 326
79 410
78 264
202 479
426 446
14 176
79 250
341 443
370 388
342 399
325 411
266 281
328 414
38 451
45 238
87 218
139 182
284 422
408 423
51 300
430 472
129 403
364 381
24 487
381 421
410 477
204 400
257 429
115 199
166 498
208 343
403 413
8 375
57 94
411 461
94 483
237 325
53 300
28 214
379 384
96 363
23 459
0 49
30 177
109 137
26 282
36 237
184 199
19 292
358 457
78 117
397 410
301 383
209 220
218 292
23 32
449 474
123 212
300 399
55 175
166 280
280 461
91 303
104 142
180 423
210 403
100 380
102 134
20 83
289 329
187 220
193 488
285 372
93 187
118 175
80 377
167 406
95 162
470 493
214 393
440 458
400 490
104 247
163 302
68 471
265 297
389 392
133 457
156 430
123 210
110 422
244 425
86 401
133 306
16 104
25 148
80 483
306 452
81 352
24 138
131 361
263 379
294 439
225 385
52 105
178 328
145 396
117 311
272 296
165 426
217 332
7 244
328 351
250 466
62 392
63 361
452 459
124 301
34 171
158 298
221 290
126 240
256 270
336 355
277 406
223 360
302 420
11 228
104 428
274 287
43 407
52 201
395 421
69 315
137 314
80 493
102 117
20 49
129 490
121 238
107 353
60 156
30 468
96 141
46 105
163 445
151 243
253 413
63 280
175 213
49 97
222 312
56 439
81 285
239 389
145 336
7 109
208 467
310 479
483 486
213 248
154 208
306 385
2 92
250 363
146 325
286 341
54 259
194 282
126 400
136 144
164 341
155 230
15 32
137 390
276 471
7 126
43 431
312 454
260 275
324 426
64 478
175 417
14 344
15 467
290 426
121 251
34 414
47 162
82 109
241 402
95 126
123 425
82 201
4 327
148 263
85 431
206 238
183 270
284 417
110 391
266 274
15 360
254 466
194 416
148 241
33 147
49 79
106 462
56 83
124 453
268 301
25 282
138 176
91 347
78 356
94 199
430 493
275 476
49 136
106 246
298 458
278 338
108 201
17 140
108 288
386 482
1 70
168 172
376 458
11 168
220 290
220 375
31 448
221 330
198 241
367 437
6 96
157 263
140 283
62 409
371 439
153 329
242 329
489 494
292 404
208 263
387 457
192 338
73 347
241 468
15 159
140 233
60 201
179 237
389 469
97 486
194 432
2 295
19 379
57 160
149 261
78 96
151 307
69 442
227 416
132 307
183 250
259 377
180 391
41 56
280 338
229 496
276 280
62 499
336 481
37 290
189 406
4 279
72 117
193 398
95 378
43 391
169 174
333 447
104 402
97 195
351 393
194 486
157 182
368 386
176 222
10 182
101 455
417 493
331 441
49 405
255 488
177 445
172 244
63 121
291 422
22 490
246 377
240 428
319 460
6 303
53 238
67 202
316 416
341 464
220 344
299 463
346 399
139 228
254 443
211 354
118 439
121 224
53 288
70 113
71 387
47 255
39 373
241 405
72 426
342 412
22 30
88 238
277 419
336 359
174 310
32 262
323 358
74 492
351 355
385 450
366 457
267 281
97 260
293 412
404 433
227 406
131 167
193 419
387 445
15 404
16 413
3 48
210 375
94 270
251 474
191 271
76 444
203 207
182 252
389 487
105 142
74 245
316 417
65 318
264 390
97 306
405 477
84 241
78 285
40 260
12 251
35 300
438 440
383 491
433 499
371 378
156 327
223 471
276 425
70 84
249 471
101 499
128 161
26 93
100 128
66 429
123 474
179 407
125 264
234 312
37 293
13 349
122 274
228 367
12 297
209 395
174 459
21 485
97 397
392 495
38 312
416 467
227 323
112 251
40 45
35 366
134 430
131 411
167 353
82 404
44 416
293 341
17 322
217 346
227 383
265 453
429 436
74 469
180 399
472 475
32 181
313 314
