500 2977 1500
24 10 12 22 17 25 25 7 5 10 20 11 17 8 10 11 25 21 13 18 8 12 23 23 16 16 14 7 6 10 23 11 14 19 24 6 9 15 10 22 11 19 18 10 10 11 14 7 18 13 11 23 22 12 6 21 18 7 7 23 20 14 6 13 9 23 13 16 15 15 20 12 8 23 13 22 7 16 15 19 10 23 25 13 6 19 17 22 22 23 18 14 5 17 24 17 10 23 16 14 10 7 20 20 12 18 19 14 11 5 18 20 12 9 12 18 7 17 18 6 13 19 8 9 24 21 22 24 21 9 15 14 10 5 18 9 10 16 22 15 5 16 7 14 7 9 22 23 5 8 16 7 13 12 20 19 16 17 11 14 18 12 17 7 13 7 25 6 22 16 5 22 10 11 22 20 22 24 21 20 9 7 22 23 24 8 6 21 22 19 13 17 12 6 6 22 11 21 16 22 20 19 12 11 11 15 12 9 15 22 11 12 17 23 18 22 9 10 15 15 13 6 22 22 17 6 10 8 14 5 17 8 24 12 11 23 18 13 18 8 23 9 22 9 15 20 20 7 19 15 5 22 14 12 23 7 19 17 22 14 14 25 23 18 13 12 17 6 20 18 17 18 24 25 25 19 15 16 22 13 9 21 5 11 8 10 9 21 6 5 5 5 8 9 18 18 24 6 7 11 25 19 11 11 19 6 6 24 23 25 10 16 14 8 23 6 25 18 21 15 11 16 8 21 21 15 14 19 19 11 20 15 17 23 9 12 6 21 14 14 7 19 24 5 8 22 22 22 9 9 8 14 11 11 18 22 18 25 6 21 5 13 25 24 20 25 21 17 18 13 21 21 9 7 5 22 11 17 24 15 22 19 23 11 12 14 10 11 18 21 14 6 25 14 17 6 20 9 16 17 21 5 25 10 6 13 9 10 19 6 17 13 6 23 7 7 25 8 17 12 10 10 13 6 13 16 25 16 7 7 24 16 22 7 17 7 20 9 5 16 23 6 20 15 13 9 19 11 5 13 9 19 10 15 18 24 22 24 20 17 13 13 8 17 15 9 18 11 20 20 23 14 17 14 16 11 11 24 17 22 19 5 21 13 5 19 14 9 19 20 23 22 7 8 24 10 22 10 8 19
3 11 19 12 14 6 17 9 7 7 8 18 13 18 5 7 8 3 5 20 20 17 11 9 6 11 6 11 18 16 13 13 14 15 8 10 7 13 9 12 13 15 10 7 12 5 6 8 20 8 12 6 8 12 19 6 11 7 7 19 16 19 9 7 7 20 8 14 10 8 20 14 3 17 9 13 8 5 6 7 3 14 20 8 4 17 13 5 18 9 17 18 16 4 19 17 15 12 19 13 3 17 5 16 13 11 6 15 5 9 6 15 20 18 4 13 5 8 18 5 6 18 7 8 18 15 18 16 4 5 3 14 12 12 4 4 20 15 16 20 18 8 7 3 8 17 18 10 6 14 15 5 3 8 15 7 10 20 9 13 7 12 9 13 20 13 15 7 17 3 16 7 14 6 16 12 4 19 6 13 14 8 17 20 16 12 18 14 3 16 16 18 6 15 10 3 19 11 9 12 10 18 7 7 17 11 8 12 3 16 20 9 18 5 6 17 15 18 3 15 4 11 7 12 6 12 4 20 18 15 6 9 18 9 7 18 4 8 10 20 14 6 20 3 5 16 5 9 17 10 7 17 17 5 13 11 19 18 16 19 18 18 13 19 9 18 13 20 12 9 12 20 12 15 3 12 4 14 8 13 7 12 17 5 9 6 15 16 12 16 5 19 19 14 14 8 5 13 20 8 11 9 19 19 9 15 20 16 20 5 9 17 13 10 9 12 10 5 20 10 17 14 9 20 9 18 3 15 4 16 5 15 4 3 9 8 14 15 15 19 14 19 11 16 11 5 17 13 12 7 5 20 10 5 19 15 5 17 6 19 20 4 4 16 10 6 8 17 20 14 18 12 16 19 6 16 13 16 18 17 10 8 4 8 18 18 12 5 3 20 18 9 8 6 16 19 20 3 7 15 3 7 6 15 18 15 8 6 10 18 10 17 4 3 17 19 18 6 15 12 6 9 10 4 7 11 11 7 7 6 5 12 11 16 14 11 3 3 19 20 18 8 8 19 20 15 13 10 10 16 7 17 10 10 3 10 11 11 19 6 8 16 11 8 13 10 4 13 9 15 8 5 14 18 4 19 12 5 7 11 3 13 14 3 12 14 18 4 16 20 10 15 18 6 8 13 9 18 14 17
243 318
228 311
179 291
25 116
152 238
75 89
225 275
32 212
69 387
0 250
233 453
88 367
364 401
189 272
3 238
119 470
112 372
22 267
257 444
265 407
239 401
40 389
94 303
22 147
30 273
183 336
28 284
94 413
325 451
305 422
301 492
29 89
0 429
206 274
202 330
309 315
4 285
74 442
284 433
248 454
110 465
366 374
62 285
299 340
54 124
181 366
249 494
119 478
17 221
16 421
159 314
42 277
122 162
158 495
48 447
312 331
388 402
298 339
218 251
91 274
85 89
60 401
430 464
172 196
171 252
147 227
28 267
87 224
252 483
303 315
117 354
3 150
19 39
260 492
360 386
99 496
181 239
159 175
9 12
91 167
39 295
267 305
285 295
29 328
380 466
185 312
298 299
54 194
164 167
192 336
152 337
11 366
2 346
43 218
351 415
44 296
127 148
366 432
280 333
4 20
141 449
174 246
17 76
356 438
63 368
213 248
198 212
249 426
14 96
140 146
277 396
131 453
237 359
7 140
111 317
374 426
79 226
67 454
170 224
37 79
416 491
349 377
303 411
436 451
137 468
45 158
105 237
111 334
212 244
247 341
266 345
138 389
71 414
215 263
323 467
119 432
194 446
147 437
141 386
377 447
224 412
26 266
134 264
82 368
100 431
226 407
49 164
48 460
330 473
179 186
406 434
209 370
42 74
81 383
164 223
211 464
179 414
73 108
312 491
12 75
74 183
209 409
93 432
14 37
11 443
392 490
230 259
218 273
211 340
97 312
73 293
210 340
44 210
281 445
78 416
477 497
3 184
97 482
161 450
144 153
283 323
226 236
77 128
472 473
27 165
28 39
238 338
119 228
1 449
198 369
330 346
27 329
116 431
57 396
248 309
143 201
37 258
82 210
358 378
173 448
154 470
70 267
4 179
12 281
149 406
2 337
10 342
126 150
309 431
7 137
204 308
126 139
138 459
123 130
49 235
226 447
303 449
262 315
100 457
285 495
49 332
88 159
130 479
430 433
44 442
58 145
253 283
47 415
66 69
216 401
293 459
264 459
266 350
57 345
104 319
179 394
46 67
166 482
292 361
76 234
248 487
15 321
124 462
75 157
59 266
221 341
113 432
64 316
185 403
257 357
129 138
267 346
32 252
37 241
128 259
445 475
153 201
200 370
256 355
171 288
443 475
89 479
295 394
73 183
18 201
42 139
307 345
17 360
3 92
182 346
161 224
41 84
139 192
0 293
11 59
261 309
4 400
32 452
139 299
392 393
239 318
87 406
242 321
177 271
14 383
166 208
111 117
1 464
254 486
192 325
368 458
374 405
416 437
49 396
204 260
133 296
109 200
230 334
417 435
145 321
234 365
25 165
348 424
345 414
204 353
246 354
89 446
230 271
267 355
43 205
133 339
97 464
58 93
276 465
14 179
291 437
37 363
38 255
65 371
186 275
5 149
313 339
112 142
75 98
266 319
266 488
216 332
101 497
246 297
69 234
91 366
60 260
47 143
395 403
339 485
74 340
41 151
281 410
266 413
296 496
98 132
441 494
7 317
102 149
109 385
150 369
114 368
53 404
142 443
26 382
257 278
9 329
112 473
257 365
8 213
335 380
222 310
168 450
52 464
4 286
271 395
232 249
42 391
11 170
167 485
142 290
242 465
219 266
143 187
2 286
63 265
157 346
120 423
92 224
423 425
86 127
65 175
131 438
53 257
136 387
79 382
34 483
158 161
316 401
38 170
261 394
36 184
65 462
17 396
206 227
160 351
46 195
45 175
109 297
0 133
274 471
16 499
269 474
101 307
87 127
32 151
1 399
52 334
372 467
241 474
127 370
316 438
118 184
58 201
314 424
227 481
13 223
280 352
405 478
126 134
114 454
240 270
244 278
190 432
183 298
53 341
317 390
406 498
61 363
150 340
36 225
349 469
1 310
224 488
442 466
76 175
134 394
308 394
148 232
22 479
62 138
16 91
82 480
451 462
145 272
158 280
447 497
253 402
356 487
305 459
113 269
37 244
50 239
97 441
8 275
18 128
286 383
175 469
110 345
245 333
145 207
27 68
57 117
33 245
157 268
92 274
3 318
7 62
273 360
141 493
311 389
107 356
427 470
0 132
227 276
22 337
105 306
323 480
362 491
344 391
70 176
64 191
230 381
74 280
0 438
192 487
231 285
208 311
387 400
363 435
174 493
61 386
198 447
127 329
55 446
338 383
73 316
408 442
79 236
123 203
255 412
216 292
52 356
80 149
44 188
57 371
117 433
49 97
132 145
167 414
311 462
254 330
257 300
131 158
192 489
204 282
311 429
11 182
255 300
19 233
289 498
27 177
87 350
356 425
26 306
206 391
65 102
9 97
226 242
65 286
56 102
140 471
164 444
266 382
440 466
87 107
234 260
32 217
50 321
119 130
63 136
215 352
116 229
39 125
72 259
93 151
181 299
323 431
327 461
107 225
111 192
211 228
230 257
173 261
129 478
158 426
121 414
65 329
278 433
14 421
150 222
203 308
253 435
432 482
255 438
180 453
251 320
261 421
206 449
248 380
36 94
36 98
99 232
185 384
22 263
69 241
225 423
243 276
69 316
76 309
227 377
76 319
40 427
202 345
400 447
366 434
355 384
227 347
234 299
79 467
54 299
123 368
320 402
95 229
261 264
283 330
315 444
137 470
113 315
11 248
232 424
235 449
45 170
225 255
116 161
17 261
230 307
190 440
183 474
382 420
213 293
255 429
363 423
139 307
464 488
42 476
82 441
51 323
148 429
89 173
297 471
148 336
199 235
269 292
162 364
255 404
2 359
319 336
137 491
258 422
115 143
99 159
37 453
40 364
74 269
68 344
2 142
25 49
229 372
108 413
22 185
1 97
213 315
116 390
61 178
184 242
81 477
83 446
166 415
294 372
198 207
116 154
32 224
315 476
194 402
170 385
184 291
258 408
45 132
126 304
273 354
410 497
39 413
77 304
174 251
129 385
88 361
471 491
7 328
52 333
199 386
156 192
280 449
32 284
78 115
231 258
184 290
84 463
114 149
217 485
36 312
47 365
457 474
93 445
72 106
14 476
97 439
224 302
293 414
158 394
245 461
454 488
3 196
137 415
163 267
229 390
151 265
252 320
23 253
65 233
353 365
162 222
186 393
310 379
89 303
83 385
57 451
164 341
141 298
154 481
81 408
322 475
297 415
16 153
11 422
343 374
135 395
101 257
42 141
35 445
131 361
9 186
419 491
164 471
168 404
425 486
414 496
290 424
289 291
368 385
288 289
164 299
82 213
59 418
178 444
45 176
16 426
91 226
238 410
171 183
223 499
181 462
128 222
258 428
398 458
172 375
241 328
33 255
103 252
386 458
229 405
131 318
29 344
87 351
89 427
340 448
175 428
74 135
358 446
156 331
243 327
323 432
132 456
192 204
211 230
136 285
97 207
443 486
329 392
102 157
177 412
108 234
274 346
89 498
322 419
53 153
213 411
152 498
268 455
136 187
30 405
326 417
89 444
173 451
364 411
35 474
215 492
132 413
306 423
212 374
125 383
239 297
296 461
38 133
200 395
9 306
426 449
165 436
3 395
168 405
129 239
90 204
24 28
153 340
252 382
364 418
99 450
214 455
28 190
285 441
214 340
15 486
5 98
376 388
168 322
183 494
213 226
147 496
50 163
114 487
250 300
284 442
176 443
184 449
246 454
74 361
194 414
261 483
141 421
209 282
170 344
205 469
260 435
6 440
336 361
254 361
25 398
310 311
206 417
121 303
289 375
354 476
83 442
124 287
162 301
36 365
219 309
196 294
371 471
187 445
148 276
89 108
90 213
328 455
285 351
24 79
21 219
214 382
158 203
117 317
127 317
181 388
196 250
146 375
245 288
107 359
327 436
2 79
40 146
118 403
21 31
218 315
210 321
81 211
50 251
304 377
163 411
259 318
80 223
396 483
229 314
321 432
54 448
110 296
70 243
146 157
230 456
18 403
98 131
33 187
2 149
247 497
81 265
421 430
181 238
293 426
293 314
117 493
65 213
356 484
223 303
134 416
177 190
106 322
325 463
173 347
201 274
291 366
24 197
20 66
265 305
355 431
179 351
29 130
12 280
204 459
167 282
17 53
249 387
178 378
126 202
6 376
52 107
12 113
123 343
21 148
76 132
28 47
91 119
4 158
168 239
447 466
46 55
356 379
35 296
259 407
132 365
320 381
299 439
53 338
193 455
313 434
117 498
227 262
29 348
224 398
3 263
227 414
84 440
83 328
14 187
362 436
135 140
95 174
139 260
195 458
211 402
39 307
154 186
219 315
107 298
292 419
165 200
233 394
85 127
205 297
244 317
194 459
446 492
207 226
352 475
100 212
0 356
220 234
184 366
229 280
1 291
126 133
157 365
193 368
301 484
136 418
411 417
297 417
293 340
168 256
396 495
95 374
281 436
28 347
95 248
26 211
160 367
236 347
125 234
262 437
291 345
209 237
70 344
254 389
5 101
128 191
167 374
26 370
45 451
256 478
219 431
16 219
148 492
167 178
308 324
117 161
337 442
206 222
195 470
194 321
55 276
330 448
85 148
340 446
22 356
198 302
258 439
187 430
238 387
62 300
414 423
72 467
290 304
7 26
155 190
468 499
140 357
175 268
268 392
35 127
12 177
23 81
127 452
68 235
12 199
180 359
210 346
131 324
355 485
5 31
48 191
395 451
24 152
175 445
317 324
137 460
163 301
42 350
353 356
328 333
52 448
122 363
377 391
411 441
62 305
235 385
7 499
223 363
173 487
153 229
2 291
3 151
153 326
24 403
477 484
259 367
151 362
338 460
127 482
356 440
348 363
362 449
17 98
235 289
81 126
37 489
124 161
269 298
91 333
141 225
76 185
64 136
20 167
198 368
108 109
60 105
172 267
3 34
36 50
244 442
386 397
364 433
13 329
295 321
170 381
392 446
239 425
240 287
394 447
76 380
77 448
104 400
167 400
390 481
99 284
3 209
237 287
117 477
75 396
93 487
305 495
70 198
80 138
263 269
286 413
47 113
421 495
105 151
18 474
355 357
402 442
85 461
67 205
131 471
92 428
108 230
433 456
359 391
93 422
4 478
7 45
242 424
209 238
156 333
229 486
400 474
48 439
206 409
33 329
254 496
5 45
35 88
132 489
192 403
237 323
296 309
96 354
67 472
125 471
108 137
149 388
351 421
3 161
168 179
205 477
168 406
103 375
68 155
121 474
257 370
193 463
221 403
195 475
71 401
13 472
55 391
302 335
88 185
163 318
200 314
210 220
142 174
33 274
1 176
378 493
306 355
13 351
93 345
110 241
221 446
64 290
22 108
161 428
45 117
293 455
10 222
198 434
89 288
110 395
318 386
80 425
341 493
91 375
212 431
267 330
268 450
309 401
203 244
103 169
374 488
228 263
256 434
189 337
101 269
179 489
75 259
192 285
155 490
187 305
292 469
396 447
77 249
86 196
124 392
259 310
222 408
278 308
445 476
125 275
145 493
191 331
77 156
1 389
65 406
229 434
318 345
111 227
93 234
167 490
59 226
33 316
45 330
181 262
427 443
260 428
128 177
23 410
174 204
122 175
157 218
82 491
141 281
44 207
66 323
28 315
139 463
111 303
59 81
114 263
2 344
441 475
84 388
435 448
92 478
119 132
103 209
241 476
29 265
151 455
53 475
176 358
10 303
44 118
1 85
127 193
111 239
344 466
152 251
64 319
231 254
161 415
422 429
88 497
336 341
379 465
124 442
168 243
178 492
234 308
87 456
147 374
458 487
217 333
243 335
29 31
85 267
137 349
34 158
96 223
157 322
129 314
247 482
344 485
5 252
194 400
165 368
338 494
181 258
133 185
50 92
102 147
147 270
184 445
48 481
257 326
131 250
187 396
173 492
55 462
236 393
230 476
247 259
193 346
72 490
203 461
291 443
50 280
401 452
101 487
150 225
279 328
94 357
209 389
462 476
316 324
405 456
13 179
9 251
285 407
54 353
250 479
64 261
84 441
319 377
79 85
59 252
186 213
17 438
25 393
53 286
74 443
86 476
213 415
151 237
15 408
29 276
20 38
245 454
260 271
224 332
83 436
56 104
67 217
373 405
158 194
31 345
127 380
276 489
300 407
248 417
349 355
201 363
442 491
81 121
372 418
69 326
311 453
44 460
7 320
158 481
231 271
164 228
70 219
135 280
154 216
143 261
133 169
307 318
79 421
142 386
257 348
93 194
2 92
251 381
14 224
134 173
88 194
61 469
80 176
280 447
148 229
38 487
111 475
23 250
315 464
119 416
0 32
219 439
163 181
312 498
184 492
122 392
116 496
75 296
63 79
216 358
214 423
396 432
9 405
94 99
246 323
222 307
116 408
13 378
152 478
188 348
287 430
261 385
25 419
163 171
96 426
174 316
52 86
15 426
219 331
337 345
429 470
172 278
127 324
440 448
88 471
12 363
45 457
374 423
161 292
330 421
233 414
204 340
372 441
84 297
167 238
244 264
275 351
215 250
31 169
208 210
202 460
6 77
182 327
5 312
43 356
27 39
37 197
60 463
309 493
128 254
85 349
134 181
206 395
199 452
188 494
175 197
91 458
193 300
369 453
236 412
125 279
163 490
340 410
401 465
231 397
250 369
100 215
128 451
276 351
13 106
172 201
326 403
490 497
19 309
386 425
250 379
89 239
67 299
17 144
381 472
17 344
232 337
221 257
297 443
174 384
61 255
395 482
148 422
340 379
101 438
53 117
206 224
323 413
278 471
21 134
153 456
338 481
284 431
401 429
362 365
200 455
179 228
302 319
140 482
114 329
219 243
162 444
25 168
178 471
288 293
172 453
312 387
97 453
36 362
105 411
227 354
193 326
70 246
0 297
191 357
286 487
98 154
171 341
205 474
69 211
435 497
183 232
34 209
15 251
132 208
185 327
275 289
168 203
22 384
215 299
386 467
249 377
63 282
181 201
81 145
84 130
72 250
5 107
52 131
251 390
337 387
136 256
141 159
222 415
244 331
108 392
38 53
229 458
187 364
207 498
404 410
158 493
39 360
48 307
254 317
100 240
123 300
181 327
230 420
304 497
267 411
295 379
306 389
20 468
404 487
206 278
189 374
323 353
265 376
13 209
33 321
133 241
364 441
223 454
229 492
289 493
203 246
294 405
38 447
49 467
71 293
239 450
50 375
308 439
400 487
68 387
60 394
35 321
273 439
302 369
200 418
326 381
387 457
52 225
315 480
314 422
171 460
318 332
3 29
150 260
141 258
42 377
45 391
198 371
7 441
332 346
182 266
102 179
69 406
297 498
292 441
205 298
192 459
428 438
417 477
58 329
219 383
442 474
349 387
43 338
255 392
235 471
114 332
98 190
61 334
210 368
358 423
272 390
51 429
9 125
464 494
23 151
4 45
218 335
54 371
266 277
120 176
107 322
397 499
93 144
203 396
24 376
150 288
211 498
67 236
359 390
222 289
54 212
105 377
298 465
51 324
124 212
256 362
204 436
280 364
19 71
169 420
51 398
17 59
184 260
60 341
144 191
54 375
409 490
142 492
125 460
45 437
342 427
87 279
234 442
244 444
247 313
53 343
306 344
94 316
102 313
228 357
294 342
209 316
135 308
352 385
77 363
95 408
148 479
123 277
330 476
17 488
143 381
209 212
7 95
169 475
226 429
145 150
142 433
156 485
214 334
87 292
253 269
172 460
77 388
310 400
52 434
25 66
404 472
11 202
63 426
235 276
383 417
74 374
38 233
85 134
335 414
106 472
313 341
283 400
30 129
358 390
383 420
421 448
145 204
112 487
119 485
6 148
167 355
277 297
77 289
74 228
75 100
126 378
106 393
46 58
464 475
155 417
15 344
123 457
43 223
97 447
77 321
144 239
117 320
337 423
7 344
296 481
1 146
44 432
65 113
207 276
229 338
305 324
308 499
108 179
92 207
160 176
217 254
317 361
364 491
231 422
193 209
120 388
22 109
22 461
320 489
219 497
335 447
207 263
134 218
13 421
124 268
20 363
168 272
392 482
247 293
368 423
48 378
44 314
159 351
266 421
149 382
172 230
252 367
94 248
299 311
238 240
305 450
149 272
450 492
326 483
8 495
315 394
304 448
96 332
282 472
90 378
302 387
377 413
206 281
119 475
279 486
184 266
33 261
44 144
253 489
269 420
99 335
12 347
336 404
148 176
176 253
141 211
268 374
162 431
62 199
293 398
211 428
265 468
39 479
4 386
117 175
140 321
94 95
33 441
167 357
252 263
164 335
57 497
46 248
329 478
209 224
340 440
51 197
123 237
53 57
259 405
124 406
195 362
53 79
230 295
184 472
136 161
34 260
16 301
12 202
141 231
338 412
149 189
77 120
98 383
360 406
340 464
284 285
276 306
33 308
54 136
46 479
27 339
65 247
201 449
194 381
27 272
84 213
205 234
428 435
53 206
403 492
173 220
122 460
69 281
285 421
300 439
322 494
137 305
84 453
98 450
327 438
159 214
7 86
53 296
251 253
94 334
344 487
12 403
321 421
90 382
32 36
50 365
173 439
330 418
24 296
160 195
307 363
221 338
22 127
176 281
213 263
408 437
41 213
436 445
183 317
387 490
158 327
314 443
79 162
216 431
379 457
165 169
160 360
51 392
36 203
221 233
122 415
293 480
245 484
376 434
68 388
170 202
158 285
216 365
30 52
20 200
128 293
110 416
26 106
136 443
356 435
53 170
231 284
147 330
94 237
44 433
131 237
191 320
168 456
107 255
210 458
399 485
395 495
142 445
94 121
356 421
38 80
318 492
207 440
46 467
104 419
121 231
6 448
6 239
175 461
68 142
274 372
40 495
178 405
192 251
97 387
176 354
83 320
240 277
176 267
320 492
7 412
75 192
53 71
153 178
233 324
55 363
393 412
137 283
38 403
279 435
221 414
133 492
412 453
172 363
83 383
34 404
147 152
129 458
13 256
130 222
12 62
267 435
112 403
106 376
79 230
338 440
258 300
279 357
149 246
26 78
287 454
265 477
23 317
68 460
128 350
75 487
78 403
254 468
81 159
124 221
62 188
342 383
32 70
260 436
316 334
231 237
207 249
276 375
70 188
400 437
214 435
213 273
17 94
303 487
325 380
17 166
198 211
115 385
256 341
5 382
350 433
200 261
237 240
11 299
126 498
246 401
239 324
62 384
327 389
194 210
260 294
143 242
366 494
56 496
351 484
123 326
395 424
178 316
285 358
334 336
246 299
0 270
169 442
213 365
393 463
147 486
213 224
61 129
82 325
294 399
330 390
250 342
384 441
57 105
164 425
90 375
14 303
16 348
119 315
192 471
182 450
16 475
153 179
103 429
79 331
13 32
401 491
92 304
159 331
2 81
55 122
401 437
112 291
160 497
193 362
258 342
20 65
199 383
173 476
378 451
22 393
373 425
334 468
195 349
32 447
22 57
165 204
124 388
383 446
82 426
305 397
35 467
62 194
150 310
23 240
62 94
96 204
280 331
354 376
58 122
77 342
304 310
73 265
75 301
327 390
314 480
165 172
392 455
44 444
81 466
78 230
157 420
72 397
64 206
24 336
235 339
284 344
162 417
30 205
37 238
25 485
31 114
54 88
27 336
240 360
117 491
219 396
287 458
89 223
67 159
177 367
35 152
105 172
458 483
80 115
50 393
145 191
132 293
208 408
92 477
3 16
72 149
319 478
225 482
366 450
69 376
354 429
262 370
245 295
339 454
96 488
21 421
290 324
80 235
132 410
150 399
10 389
84 337
268 421
144 395
256 370
336 462
70 273
70 72
2 443
165 273
79 449
2 380
42 186
247 472
112 342
123 275
84 434
66 150
20 119
97 263
8 499
284 482
380 439
15 369
170 472
119 213
198 274
71 208
133 401
288 466
240 391
4 31
285 487
262 436
123 371
234 474
371 447
159 165
235 493
60 277
181 308
448 477
61 297
114 159
322 331
136 476
141 486
252 270
319 488
112 262
353 488
14 318
229 236
114 490
180 391
184 274
185 364
69 463
26 406
11 352
104 215
62 407
181 251
100 269
147 332
279 398
188 216
350 467
46 86
102 125
37 294
56 321
31 199
386 415
273 455
370 467
52 234
176 382
190 300
70 323
173 299
28 209
443 494
113 198
37 326
372 435
153 205
42 55
234 327
68 151
413 490
197 359
134 470
277 301
95 222
67 137
361 409
98 435
139 406
39 186
186 211
71 257
52 110
232 464
115 484
330 342
337 371
253 381
235 346
23 233
126 241
161 283
409 470
86 244
97 490
153 455
206 352
379 424
278 383
83 360
353 479
335 403
162 394
24 287
14 464
297 321
210 396
30 126
170 418
164 400
170 440
324 426
44 247
108 216
89 154
75 491
165 351
238 277
2 343
338 472
28 204
127 248
128 447
465 477
122 383
95 198
146 423
225 388
311 381
66 306
41 439
252 495
348 373
27 171
57 320
120 241
136 174
207 373
69 296
13 52
71 233
281 284
190 204
37 239
32 397
244 342
16 52
91 97
118 492
146 336
62 294
453 499
349 450
445 456
19 388
14 324
94 441
16 335
283 375
186 194
289 427
6 444
2 159
104 413
105 248
167 221
138 274
8 360
416 436
102 418
146 491
341 422
318 460
44 310
272 477
128 343
40 59
207 375
54 145
117 252
343 448
208 460
28 272
332 457
206 276
17 19
110 477
255 377
59 243
54 425
47 94
131 408
190 317
252 283
37 269
14 221
137 342
374 436
277 286
242 272
148 328
122 359
151 346
375 414
6 364
41 315
167 193
147 307
208 308
141 462
15 211
127 204
144 176
293 309
254 381
107 187
334 410
109 439
227 472
83 215
73 191
199 223
87 108
268 394
22 155
133 394
171 316
189 236
250 346
107 471
178 204
64 164
454 492
2 497
197 248
194 495
58 131
221 235
86 377
68 332
19 385
246 384
309 369
66 263
146 449
84 226
21 301
225 297
185 195
113 402
46 454
82 431
258 421
225 454
136 361
27 481
225 292
35 371
111 269
291 471
215 454
91 442
225 273
411 485
89 387
333 413
55 357
0 261
285 337
48 137
105 374
7 72
185 288
182 344
49 206
168 374
361 413
41 470
0 271
104 314
394 401
165 362
113 262
216 399
47 234
212 325
154 261
5 492
71 417
249 373
33 409
7 166
276 440
343 489
259 478
55 402
105 238
341 392
38 106
66 94
108 112
444 494
398 409
338 362
221 314
43 200
215 420
137 318
114 362
162 233
263 333
70 375
64 349
32 274
259 323
257 314
381 463
196 376
292 331
2 259
19 397
349 370
243 457
10 231
106 372
209 400
97 107
319 353
198 277
356 465
447 484
293 443
25 190
261 407
39 405
193 278
113 454
294 402
155 484
75 213
137 143
393 446
48 423
70 98
122 125
288 324
180 495
191 474
27 120
135 437
60 88
283 396
0 175
150 405
329 476
39 408
253 278
203 462
145 396
196 210
184 269
369 404
70 88
269 454
181 200
126 326
319 436
12 486
94 317
123 436
97 252
271 278
2 243
101 331
32 281
145 389
37 351
106 334
131 218
24 435
300 303
194 301
279 436
364 461
241 349
26 179
173 359
433 498
290 444
127 267
19 340
286 301
55 289
85 388
3 63
32 460
258 304
290 450
235 407
343 409
390 395
73 237
45 213
209 257
84 457
249 409
52 436
124 257
74 450
195 196
14 160
142 294
16 174
111 209
240 248
2 404
59 461
343 419
7 200
1 407
21 340
237 427
196 343
110 207
318 359
134 281
389 391
10 233
301 465
325 489
182 417
310 452
317 396
107 112
126 399
21 231
112 193
408 456
128 411
234 258
20 326
231 290
90 405
22 436
410 458
171 334
416 419
155 387
328 477
145 167
151 326
331 385
228 252
386 429
133 428
415 495
65 164
103 373
270 304
184 368
20 359
33 408
236 276
153 492
356 433
176 294
377 379
233 357
116 371
190 196
163 270
359 423
300 366
414 499
217 335
238 337
303 445
127 161
102 358
371 416
241 434
79 450
117 221
26 44
116 343
94 158
51 89
236 361
292 339
77 373
360 450
468 489
24 439
56 182
16 47
144 145
160 431
25 179
160 212
67 468
144 285
482 490
220 354
180 203
87 420
40 437
208 273
195 327
81 487
69 335
213 387
203 321
158 286
178 212
231 310
262 266
4 83
452 487
29 397
36 302
190 217
275 355
59 76
136 456
69 248
199 450
49 225
100 229
273 300
181 399
141 147
117 414
50 161
356 492
275 459
221 379
228 432
254 494
19 267
104 493
109 124
292 417
126 428
61 398
183 310
130 342
100 411
56 432
132 449
44 403
51 460
139 283
44 402
195 287
60 499
207 473
10 420
14 286
166 350
231 478
64 416
323 418
47 333
430 493
69 210
254 357
82 397
216 413
264 339
65 472
378 480
92 320
186 324
91 348
160 194
339 411
149 459
258 434
54 236
148 235
22 207
24 282
53 258
422 433
151 253
288 495
159 412
484 489
430 445
173 266
13 305
180 396
261 430
231 288
173 230
74 366
149 327
180 473
232 490
112 337
343 478
224 393
296 336
87 324
73 109
159 423
415 468
44 353
16 187
181 386
298 386
159 419
36 449
152 259
143 404
5 190
35 77
62 117
11 253
66 347
252 388
58 331
313 475
56 101
242 384
269 475
364 388
97 152
10 301
246 286
277 404
442 457
282 424
314 407
102 199
20 155
209 495
337 360
17 361
189 461
1 332
89 309
113 260
403 455
56 142
263 296
308 488
83 398
218 479
217 361
68 70
180 432
348 408
312 458
265 422
50 458
314 344
288 303
4 70
198 398
152 223
47 455
0 328
362 461
10 462
59 369
234 294
334 396
139 214
177 437
252 442
3 254
223 294
95 275
178 482
231 294
192 334
328 419
232 406
80 415
170 393
70 168
153 482
388 438
119 278
124 395
339 346
142 439
68 353
216 378
20 72
466 491
14 20
119 447
98 192
101 292
23 94
163 170
39 72
196 478
196 451
179 219
356 372
60 170
100 200
101 316
146 283
222 409
82 111
319 385
37 52
271 283
486 491
129 253
99 393
88 149
132 462
122 430
490 493
45 83
158 430
120 155
216 283
155 261
245 368
62 252
270 343
239 313
187 318
408 494
52 313
116 369
46 192
77 454
72 435
56 316
191 277
22 289
223 488
5 90
315 328
52 398
454 480
14 342
452 482
193 434
239 390
0 465
170 412
135 378
64 258
363 428
103 121
157 227
165 425
94 332
20 75
3 40
290 410
80 446
209 460
348 497
60 439
39 75
44 498
5 64
285 462
117 229
5 247
52 476
283 408
201 454
260 465
138 172
89 294
361 473
276 452
128 166
233 305
452 456
84 168
112 409
130 437
472 498
216 422
128 158
1 46
251 277
218 383
130 367
