500 2973 1500
11 20 6 18 14 25 24 6 17 9 10 19 13 17 9 15 7 14 12 10 14 17 7 18 23 10 5 6 14 8 12 12 24 25 15 7 6 25 17 20 16 24 20 18 12 9 5 5 7 15 11 10 16 17 11 7 7 16 24 20 20 15 20 23 15 14 5 23 15 23 19 23 11 15 13 12 24 6 13 20 14 23 6 18 18 10 7 8 23 8 13 17 16 19 22 17 25 22 8 5 21 17 17 24 6 23 22 7 20 6 6 9 10 12 23 8 16 13 23 20 20 13 15 17 9 8 23 5 18 8 10 23 13 23 15 21 14 25 16 10 25 10 20 18 13 5 12 20 24 15 13 25 23 15 6 23 20 22 6 20 22 14 14 15 19 14 5 9 17 9 6 15 22 12 22 6 8 6 12 19 11 9 25 6 25 8 7 5 16 24 11 16 6 25 12 9 19 21 20 13 6 20 11 8 12 21 9 10 10 9 24 18 14 11 17 7 21 23 19 22 17 11 25 18 13 13 8 5 9 16 5 14 8 19 20 10 23 9 17 11 10 10 25 6 22 15 14 23 20 11 6 5 21 19 10 16 20 6 22 23 19 10 6 22 19 15 8 8 22 17 10 16 20 13 12 12 23 14 9 6 8 19 19 6 21 22 22 23 5 22 19 20 24 5 18 14 8 7 25 18 18 24 18 18 7 7 20 19 8 10 11 15 14 20 24 12 23 10 11 12 22 7 14 23 19 15 18 21 13 6 11 20 9 18 20 9 14 11 6 20 16 18 18 20 18 19 15 16 20 13 6 21 17 22 21 19 18 21 15 21 24 17 16 19 6 25 14 15 15 25 21 8 20 15 7 20 17 18 8 24 13 23 5 7 13 13 18 7 22 18 25 16 6 9 10 22 15 21 6 23 14 5 11 25 17 13 15 5 13 11 19 14 19 6 10 11 15 8 7 25 22 21 24 24 15 16 7 7 23 17 24 13 5 20 19 23 11 19 18 13 11 23 20 16 15 20 23 17 9 14 18 10 21 22 15 16 8 6 20 25 25 19 8 17 14 7 14 16 21 6 15 20 25 6 18 12 12 22 12 16 23 13 20 11 14 25 14 15 7 8 23 23 18 8 10 19 18 13 7 17
3 3 20 3 3 18 9 12 10 10 19 4 12 8 17 13 9 4 15 16 20 3 12 12 9 17 8 9 18 6 11 16 17 7 5 9 18 14 7 19 13 12 4 7 8 20 16 19 7 12 16 19 6 17 7 5 8 20 5 14 14 20 13 4 4 19 12 16 16 6 20 7 9 17 15 5 13 16 8 11 20 5 6 13 12 9 11 18 18 3 13 12 20 7 3 20 14 13 5 13 12 10 13 18 10 8 17 5 12 8 14 15 14 12 13 15 4 18 11 16 7 5 7 8 6 7 5 14 7 20 15 11 9 15 16 16 20 11 17 4 19 16 19 17 4 16 12 6 6 11 8 14 12 15 12 17 20 16 18 7 7 6 4 20 8 10 17 20 6 20 8 19 16 5 13 19 5 12 13 3 18 16 12 5 13 4 3 13 3 4 10 20 10 12 11 12 8 4 14 10 14 8 5 15 3 20 16 15 8 16 19 19 5 19 14 10 8 9 19 19 15 16 17 8 16 9 5 5 7 15 13 3 10 4 15 16 15 14 6 5 7 11 13 15 12 8 5 6 9 17 7 18 4 18 10 11 4 3 6 20 9 17 15 19 12 10 5 12 11 3 20 8 6 19 8 19 10 4 9 20 13 14 4 20 8 3 8 12 15 18 4 17 16 16 11 12 17 6 9 18 18 10 20 12 3 18 15 13 9 13 12 5 7 11 8 20 4 4 17 16 12 9 7 16 20 6 16 16 8 19 7 5 17 10 4 20 3 14 5 20 15 3 14 12 5 11 8 18 9 16 9 19 7 10 16 11 6 19 15 6 19 7 9 11 20 6 11 11 19 16 6 20 13 6 5 7 4 3 18 17 8 14 11 8 19 19 11 4 3 17 7 8 13 7 17 5 17 12 19 8 14 16 4 6 9 4 5 14 14 13 12 3 8 9 11 13 15 5 10 4 17 4 19 8 13 8 19 7 13 5 8 11 6 13 5 11 8 9 11 18 16 5 11 9 10 5 8 15 13 5 12 8 3 18 8 11 5 13 19 8 4 12 10 11 20 17 7 13 16 6 15 16 15 20 7 5 12 9 16 12 12 7 20 3 11 19 4 4 3 6 10 15 20 9 10 3 5 12 10 14
290 439
272 366
177 391
98 312
75 474
236 342
102 386
70 343
177 181
155 450
260 458
64 341
199 409
36 359
2 152
213 352
162 367
37 196
246 445
324 366
211 327
19 312
103 399
249 306
183 272
26 89
144 347
67 290
33 387
343 364
275 332
194 367
377 439
33 34
4 212
140 455
226 466
407 453
64 400
0 317
24 355
118 194
203 307
166 415
329 388
79 176
199 289
336 376
131 350
163 211
73 412
25 31
134 159
163 356
21 24
423 446
127 489
395 484
204 492
198 480
400 481
262 286
48 368
22 255
183 402
270 416
196 388
2 106
394 452
433 468
84 250
405 461
230 415
12 33
297 303
234 389
231 427
87 160
111 305
31 35
114 354
123 197
194 381
179 428
46 59
17 383
170 406
48 249
48 169
353 418
10 282
158 453
107 409
70 453
154 461
73 144
146 338
10 92
55 283
241 354
276 399
325 450
1 168
197 316
168 412
218 339
71 241
194 402
34 181
359 457
133 414
398 429
74 308
97 114
197 262
401 474
317 487
11 76
221 337
116 474
374 398
338 362
97 112
336 410
224 495
108 454
276 447
201 440
117 234
5 125
74 394
170 254
172 431
167 268
87 462
153 495
1 433
282 491
48 104
32 192
237 323
143 291
144 276
113 335
44 285
214 354
47 290
42 276
439 475
173 438
357 419
358 434
60 185
117 120
170 333
61 474
50 97
369 430
104 488
106 360
115 244
189 410
373 383
372 422
213 466
44 171
321 405
32 229
8 105
92 145
127 335
305 485
335 367
24 263
150 437
110 412
204 457
147 247
222 293
279 393
82 255
143 253
28 279
127 249
53 477
93 131
5 87
195 250
151 342
26 392
131 316
23 237
16 448
279 441
352 458
203 324
272 494
83 484
194 409
235 461
29 240
19 246
149 368
140 317
302 480
270 450
119 376
152 184
135 229
211 215
11 322
205 212
32 274
79 473
107 462
471 496
88 301
34 495
5 57
479 484
216 324
12 267
187 436
68 280
16 31
176 339
12 463
124 320
180 205
238 297
41 112
223 305
109 488
193 410
257 495
212 471
129 483
18 139
177 262
60 96
355 465
225 459
39 456
14 95
24 388
97 304
56 150
149 210
86 315
113 449
257 371
154 344
178 490
276 437
280 397
117 371
397 452
113 290
183 249
218 357
68 444
8 254
21 110
148 286
172 394
107 384
24 93
226 343
438 480
98 103
178 378
170 395
338 355
164 329
91 336
37 147
5 385
153 479
406 424
153 290
169 279
96 177
79 103
98 333
89 415
37 416
72 176
463 470
106 292
198 320
332 339
302 446
253 464
170 376
16 485
75 231
38 137
35 458
27 120
307 399
63 348
23 101
150 443
184 316
231 360
217 321
189 203
235 413
23 377
174 188
146 470
359 492
74 244
254 369
21 150
65 201
111 275
254 367
3 418
252 481
202 304
170 450
222 224
329 373
71 404
30 470
364 459
297 301
84 146
58 185
5 233
26 386
415 470
23 418
21 446
97 364
24 115
175 330
162 292
57 303
117 251
389 396
12 38
236 439
12 119
133 390
37 100
277 332
278 449
312 375
104 399
258 381
42 114
285 353
217 335
244 332
19 322
185 453
88 262
252 271
446 475
399 401
159 286
212 476
299 340
393 437
196 413
151 278
29 182
61 171
220 286
283 417
268 488
265 376
304 384
205 219
82 469
210 313
89 386
225 440
106 456
42 328
71 341
99 311
173 213
120 291
251 336
163 367
5 410
209 495
317 427
106 218
352 407
142 205
79 106
99 204
168 363
114 468
160 307
281 314
240 470
379 491
314 467
256 275
270 475
86 397
144 281
257 466
45 483
59 388
102 343
226 253
181 447
288 482
335 392
126 421
439 474
103 172
272 330
51 384
136 390
411 453
64 164
122 231
221 287
240 383
166 321
272 424
81 464
160 454
381 464
207 328
149 366
54 72
21 299
299 486
169 257
70 383
167 183
56 81
236 494
157 361
32 176
1 131
107 401
80 480
153 222
241 252
228 273
11 488
187 441
78 421
353 490
217 360
82 311
107 415
333 489
16 352
414 441
87 256
117 329
123 270
16 235
281 328
446 491
30 321
306 411
133 169
322 410
188 493
270 422
122 183
136 332
150 476
254 414
31 403
42 306
210 420
174 301
174 427
87 402
32 415
9 154
35 467
230 333
6 94
87 355
444 479
190 406
373 423
165 393
270 468
148 285
62 328
196 396
55 409
4 314
71 466
38 181
23 234
335 356
244 466
126 220
29 484
189 434
147 365
316 480
5 61
39 402
209 436
254 267
340 441
301 477
420 456
7 144
162 459
320 375
27 32
4 402
390 414
70 265
79 189
56 434
135 411
336 402
156 266
62 174
334 468
180 270
12 83
81 144
31 152
25 66
117 343
108 118
121 272
3 376
181 245
328 408
280 428
178 328
55 352
196 423
321 432
39 117
105 464
50 286
170 298
278 432
121 168
128 237
107 178
348 368
196 478
279 436
185 357
377 386
88 114
452 493
105 110
99 284
160 221
418 465
230 292
84 488
272 285
157 404
277 347
2 224
115 209
301 353
1 173
54 332
246 367
159 466
183 244
181 464
229 286
122 463
37 281
183 380
468 488
388 434
87 260
86 336
410 438
184 441
232 402
75 196
6 17
6 124
297 419
317 343
349 450
173 302
128 250
247 381
76 381
287 490
116 148
375 485
207 470
4 265
154 366
257 319
162 290
96 278
0 86
234 477
262 290
63 292
250 427
293 490
338 429
108 243
124 264
14 136
263 380
31 357
194 428
139 178
485 493
261 340
5 111
14 385
181 422
313 380
187 265
269 345
152 288
180 227
2 184
72 380
111 259
209 240
205 235
62 296
409 433
157 312
50 374
151 436
22 422
117 352
411 427
247 248
66 277
277 372
12 326
104 373
382 448
241 313
65 171
190 216
150 438
28 74
141 182
164 209
86 244
257 433
165 347
185 394
152 448
77 85
288 317
138 445
116 382
321 456
81 130
289 303
79 434
222 300
208 353
248 424
472 492
244 329
352 429
116 412
72 408
62 223
95 200
239 314
137 232
69 410
106 330
227 361
92 483
37 411
96 320
155 161
196 377
151 174
306 483
121 203
98 264
9 77
57 419
10 359
43 103
51 397
250 441
5 428
18 454
112 165
193 196
127 290
62 396
22 30
17 372
271 296
35 230
107 142
236 401
54 374
72 341
79 445
92 283
3 96
124 458
42 86
143 223
135 473
86 240
12 97
46 366
292 445
328 499
38 326
203 316
243 433
23 256
435 473
189 384
281 288
35 155
25 292
22 76
447 472
46 171
441 471
3 386
155 287
271 341
35 462
47 183
61 74
188 298
203 493
25 225
163 283
146 264
81 493
173 308
244 307
244 369
35 310
21 158
206 327
112 265
179 226
403 435
144 467
97 414
315 380
389 430
236 467
206 347
129 184
72 308
59 274
24 382
315 460
406 449
146 310
98 468
43 402
200 277
146 467
370 382
116 130
63 481
127 488
324 326
123 324
72 89
454 459
213 288
265 435
197 291
213 222
220 486
87 337
385 413
109 124
10 323
189 291
69 188
448 460
67 337
76 241
121 456
18 499
280 381
349 453
202 280
144 241
136 452
378 427
28 473
107 344
7 78
63 212
63 343
139 444
71 218
163 188
189 260
83 312
133 408
42 363
400 407
291 302
109 411
50 320
73 173
196 358
181 402
13 244
45 193
142 476
308 459
160 407
193 438
78 276
210 211
218 264
186 286
86 140
115 168
177 405
19 140
108 109
50 103
196 269
39 186
238 351
36 316
56 443
62 427
40 50
100 463
328 455
197 313
385 412
334 336
178 379
11 385
87 120
278 335
345 357
70 483
314 339
169 267
265 437
333 460
10 327
100 182
290 405
275 405
369 395
351 443
45 282
98 132
18 352
172 392
62 339
56 122
80 455
52 451
176 398
130 258
384 444
162 354
136 334
212 426
239 297
83 286
183 185
87 289
111 479
205 430
55 460
181 231
273 300
195 490
101 211
128 423
188 399
48 455
25 54
378 396
121 207
98 374
63 267
141 180
69 82
392 476
93 142
69 483
38 192
178 479
44 238
136 165
162 491
41 457
49 86
0 215
150 239
252 340
127 216
233 480
58 201
396 488
153 250
314 336
249 496
303 444
402 411
347 490
75 371
218 345
160 377
241 446
387 489
46 131
36 128
285 491
177 468
193 343
173 477
20 307
143 426
337 379
140 243
6 331
236 427
165 223
359 393
82 247
91 379
102 402
146 307
110 222
47 278
27 236
405 444
279 483
225 228
72 467
421 422
228 482
202 375
174 471
332 468
307 434
219 393
44 427
30 478
25 371
158 260
436 481
103 381
280 476
137 193
418 446
58 142
11 436
109 453
288 406
15 380
37 359
245 359
175 263
109 194
55 376
109 344
70 108
155 375
124 466
226 300
277 422
125 329
114 286
106 352
69 301
165 328
354 364
185 365
248 295
436 464
202 380
1 354
17 90
219 490
107 349
273 302
74 210
340 481
23 172
198 307
151 384
138 488
12 497
45 464
320 335
2 448
3 279
60 191
190 338
315 356
310 468
269 444
116 225
104 166
10 122
99 334
295 410
326 447
176 276
13 208
205 470
267 280
219 402
223 289
163 426
203 205
267 428
105 115
15 366
351 472
246 460
45 257
6 100
106 240
265 353
266 437
13 119
24 213
178 266
21 330
288 400
10 63
124 193
323 395
226 229
323 412
118 309
79 425
122 393
30 133
200 310
73 467
144 482
25 227
235 302
75 325
114 374
182 408
109 431
153 235
79 117
305 327
94 211
375 397
287 437
166 254
28 175
258 353
398 459
5 104
278 453
130 291
390 495
67 286
297 422
46 186
282 418
114 441
42 195
57 281
287 422
53 361
159 309
21 291
245 334
103 389
209 214
15 37
262 367
108 429
31 124
234 267
173 411
111 132
79 424
43 476
61 365
399 445
241 470
103 233
264 431
22 380
40 464
252 377
7 20
242 258
97 368
403 496
108 158
40 223
85 359
282 391
171 413
215 479
108 373
196 483
219 288
234 264
139 436
9 466
145 459
427 480
96 370
138 171
234 286
98 258
247 308
170 224
183 235
146 404
95 101
79 250
101 218
253 281
208 453
422 478
157 305
19 480
121 325
245 315
248 252
283 330
86 223
99 408
88 375
175 264
470 494
86 357
69 375
37 398
257 389
36 334
56 100
129 442
385 443
295 382
112 271
88 125
284 416
273 422
24 136
118 119
109 355
280 387
98 381
150 307
278 286
256 478
172 471
115 123
266 268
125 258
126 278
1 198
68 326
329 412
55 237
133 343
222 281
94 165
113 344
53 415
13 99
175 335
23 49
294 391
23 34
63 341
18 466
197 487
257 274
355 493
63 413
77 117
64 457
1 134
118 447
131 414
60 313
55 369
26 359
80 404
35 252
157 326
105 232
141 465
382 435
38 168
173 381
397 483
105 458
96 460
93 381
267 414
105 462
140 150
113 277
106 257
196 379
164 308
26 149
455 468
36 75
42 197
92 186
15 131
181 189
356 472
37 79
42 53
134 244
310 417
70 173
205 291
216 312
11 278
313 343
102 246
8 405
143 159
31 365
275 492
3 225
422 450
236 430
330 394
221 253
295 347
280 495
21 147
17 298
360 493
353 429
15 354
138 147
220 425
110 434
127 313
54 71
126 229
165 215
4 390
96 297
135 397
56 316
253 381
48 238
67 196
23 25
210 402
29 340
272 342
191 483
64 494
105 294
197 334
124 455
112 308
61 413
326 339
85 135
284 317
36 493
130 191
21 422
266 376
23 189
315 414
11 371
480 486
32 315
109 163
64 257
174 273
94 426
84 262
5 192
9 336
358 385
27 379
123 168
111 395
14 428
119 124
9 310
148 208
175 420
115 291
81 207
153 247
43 192
369 497
395 421
203 430
124 443
141 431
289 339
227 237
61 91
37 89
125 423
278 396
183 349
207 339
199 255
166 355
200 464
53 344
15 51
191 273
138 297
96 349
76 299
206 410
15 439
120 246
305 431
58 461
15 393
19 381
220 242
286 432
3 402
26 418
118 226
219 344
239 332
301 466
150 237
93 143
315 438
406 476
166 260
105 331
231 263
79 124
53 457
333 418
382 492
209 437
45 79
279 343
342 418
194 496
127 236
53 242
88 133
174 478
255 450
162 381
18 87
73 449
277 305
33 375
240 261
375 387
337 438
1 484
192 374
115 122
83 483
287 445
33 443
241 284
109 445
391 450
255 464
176 323
243 257
177 222
172 468
216 450
29 467
0 203
120 133
235 273
199 327
63 276
119 400
10 77
236 295
52 56
58 276
336 459
174 210
205 248
396 457
29 94
397 485
11 481
231 455
96 299
26 252
94 297
195 394
98 292
185 447
57 392
112 121
347 445
87 487
477 482
410 475
278 328
124 366
487 490
42 375
311 386
55 332
163 249
111 236
5 325
90 415
39 384
284 414
32 237
117 440
271 363
148 380
180 247
101 412
55 462
113 158
109 404
17 184
206 456
281 361
175 221
31 408
221 301
57 193
55 358
461 470
107 368
114 472
19 498
348 429
61 348
183 196
53 262
45 187
110 467
174 455
72 421
75 216
166 291
448 470
440 463
72 327
22 464
30 166
174 319
170 323
422 455
5 265
169 332
239 384
216 444
253 422
134 384
10 370
302 489
124 269
58 388
15 299
119 451
55 343
194 284
94 164
25 446
86 173
343 352
180 278
391 488
116 410
409 432
114 175
161 352
284 401
223 447
348 435
407 475
182 207
189 487
137 342
8 410
237 484
75 80
303 344
54 333
262 279
252 421
29 47
381 393
285 392
92 167
331 399
165 346
101 335
401 433
83 287
194 387
124 464
223 275
14 430
196 308
75 79
62 413
322 456
138 258
326 442
370 375
35 202
27 307
4 338
25 436
97 129
472 478
153 312
117 215
348 388
78 373
191 460
60 195
245 410
444 466
23 263
20 255
116 456
132 390
188 474
6 479
391 497
130 285
293 463
249 252
213 256
26 56
239 474
42 426
66 163
23 154
292 380
48 114
175 227
238 439
414 426
108 114
0 232
78 105
158 384
38 199
102 141
114 284
150 315
120 378
305 423
159 333
121 411
407 433
64 258
298 333
98 191
292 339
286 423
256 365
81 391
292 378
110 253
275 365
274 381
264 452
118 473
23 386
52 346
60 429
76 178
20 166
43 166
36 89
245 474
137 297
9 203
128 464
154 308
149 475
70 288
152 322
122 263
115 369
297 331
27 251
339 474
217 337
326 453
122 166
205 328
223 406
309 440
226 391
68 386
363 468
118 238
287 496
35 417
221 351
17 474
269 294
1 37
2 363
5 267
22 296
241 295
446 454
11 68
234 303
256 262
301 486
272 415
206 312
275 366
44 499
5 48
290 458
269 482
258 478
396 472
107 156
194 277
25 179
136 149
239 309
46 190
81 253
59 288
112 480
166 191
31 131
163 201
145 464
154 325
28 204
117 173
287 457
194 406
40 490
205 349
250 317
99 228
153 412
375 476
3 474
4 448
296 372
188 405
194 455
337 363
82 479
371 410
256 371
128 145
226 283
120 445
199 213
44 440
229 438
35 126
117 415
448 462
375 480
75 285
170 296
72 157
274 325
68 94
105 147
213 326
115 226
165 252
441 462
30 77
263 337
73 454
461 489
118 489
176 408
208 332
142 331
103 316
423 445
184 435
151 173
9 86
178 455
336 482
62 267
235 262
47 448
287 381
83 89
154 495
85 291
312 462
65 241
197 347
102 180
127 218
281 363
36 116
143 386
307 491
217 441
235 306
243 372
206 477
127 337
102 410
79 423
206 373
95 159
144 499
340 458
190 326
317 432
95 465
364 428
178 186
36 253
427 493
58 75
152 228
1 474
75 441
135 313
213 385
157 320
177 392
98 163
260 448
37 43
2 19
305 360
60 318
6 485
372 432
106 428
15 472
127 479
389 424
356 434
109 117
255 468
93 127
240 386
2 295
289 454
148 297
108 135
269 483
66 226
68 466
356 379
240 248
164 208
11 140
75 484
304 306
76 78
3 424
14 372
64 238
239 410
14 397
127 219
263 468
173 215
103 280
146 325
353 421
236 400
28 29
278 358
27 423
62 250
102 262
128 475
257 328
326 440
300 303
153 206
286 287
25 303
78 487
143 399
48 197
100 143
70 223
226 296
321 324
32 268
129 362
416 419
284 424
100 131
243 440
93 138
104 437
298 455
285 342
113 489
87 152
356 394
206 273
92 472
304 462
81 178
68 150
251 395
90 300
329 342
149 281
229 355
275 473
167 251
4 246
80 311
62 419
97 117
106 494
290 427
279 442
28 109
81 139
71 407
188 341
126 255
76 215
321 480
39 288
292 459
7 354
189 259
106 269
234 266
18 348
216 330
128 184
16 198
145 262
350 352
459 498
132 327
33 377
201 482
95 197
10 405
196 376
233 271
264 350
261 370
11 439
82 413
88 106
146 306
415 455
204 399
259 382
293 493
169 191
207 457
45 306
143 424
362 409
64 210
188 452
252 491
14 290
471 473
176 469
84 185
301 384
145 435
220 237
68 147
33 257
131 457
167 498
297 484
116 149
68 149
151 299
461 491
178 419
268 412
150 497
56 58
413 498
183 337
135 252
96 495
135 425
429 455
199 242
433 461
33 339
131 228
15 190
52 390
237 266
128 211
254 429
72 299
110 307
433 447
367 407
149 333
98 288
62 228
428 462
237 424
84 139
321 406
402 479
124 348
86 411
88 165
231 339
3 309
107 400
145 269
264 481
19 329
180 429
82 84
282 431
189 238
69 134
142 289
1 444
21 420
439 481
112 159
284 348
57 360
138 416
109 222
255 411
102 192
126 340
397 449
185 204
273 325
335 423
350 384
269 467
336 449
33 79
358 453
115 121
160 271
41 107
295 461
235 363
70 395
26 409
206 405
90 490
186 247
288 397
30 113
219 328
423 468
19 404
119 160
252 487
253 467
137 429
61 117
326 330
254 384
229 243
16 350
6 12
189 294
280 354
96 194
238 300
35 327
333 380
409 480
164 317
119 188
60 117
93 431
10 166
245 485
161 343
213 441
170 405
104 310
171 280
99 344
66 119
361 412
337 426
163 206
156 471
310 409
14 190
106 309
64 79
42 432
220 334
249 383
47 317
285 456
255 394
289 457
181 415
146 434
158 332
214 219
38 360
124 240
136 263
158 459
224 393
158 306
66 346
301 390
118 290
120 490
143 406
149 373
315 479
181 207
197 365
95 122
98 453
111 365
66 235
81 154
425 475
227 343
158 454
55 148
0 269
378 475
276 474
117 495
31 104
10 380
35 344
67 451
14 250
230 286
288 363
217 288
88 207
234 436
103 376
232 481
136 147
419 487
35 243
4 170
373 413
124 157
145 202
341 366
33 445
238 312
45 460
19 70
148 247
158 383
226 355
259 425
303 392
14 58
57 446
136 444
330 406
46 411
190 211
291 307
35 404
110 152
197 436
149 381
209 371
347 494
70 151
84 159
78 368
319 322
48 54
366 413
266 414
127 270
95 106
190 220
457 472
52 418
13 434
187 484
251 260
11 460
297 449
186 239
267 491
49 119
230 470
185 319
185 416
69 415
42 261
201 406
136 196
49 89
177 378
267 335
30 340
398 426
23 166
365 467
146 401
64 470
75 278
53 298
220 471
70 444
36 146
211 485
34 132
153 346
113 368
259 267
114 176
2 432
91 364
88 144
90 333
210 495
172 443
18 367
16 390
111 392
293 368
103 254
187 257
171 486
430 459
204 371
172 440
139 181
54 373
270 321
334 436
96 212
315 477
203 267
417 457
245 279
50 216
210 493
151 469
69 339
48 159
404 420
82 347
47 108
31 374
50 303
49 258
94 236
217 431
27 45
34 450
103 492
68 260
151 494
220 333
241 379
5 290
369 423
273 481
259 438
67 306
20 169
443 498
167 468
134 149
39 61
41 453
90 189
56 112
141 316
322 382
103 331
65 403
74 150
168 394
354 494
193 207
92 458
35 170
139 266
114 152
268 483
368 381
222 280
0 168
103 244
124 298
250 458
55 113
441 467
74 283
50 77
255 319
153 420
128 406
80 123
75 218
305 455
52 67
142 478
346 395
311 330
117 359
57 145
41 405
288 433
273 471
227 481
10 341
224 407
258 403
53 467
149 321
66 353
117 406
292 496
424 451
149 391
146 186
88 296
20 305
126 276
235 241
382 469
273 298
153 265
36 216
49 403
343 414
45 227
3 149
156 437
138 473
0 135
77 183
30 146
109 169
173 218
91 356
245 444
419 466
211 273
161 369
35 204
261 321
174 381
202 251
308 348
166 379
27 209
93 445
13 357
210 227
185 336
7 124
217 383
74 450
141 495
98 195
22 293
15 341
284 342
371 401
7 301
47 68
230 490
398 406
128 204
305 433
144 451
183 198
421 437
171 366
127 276
66 71
1 375
142 364
19 346
77 339
285 290
301 443
25 497
343 460
89 447
27 254
12 316
317 381
187 297
106 370
51 393
112 230
309 361
413 431
247 276
319 388
55 327
25 26
328 439
110 262
183 287
402 471
168 460
10 292
279 468
84 316
320 435
142 224
92 444
234 457
151 255
250 474
243 450
462 472
241 246
281 495
102 328
219 493
86 417
363 446
144 448
93 108
32 96
5 307
89 396
187 230
325 402
271 499
308 371
340 417
60 349
66 357
138 154
123 271
225 323
253 480
190 253
175 392
113 301
157 493
348 349
234 258
104 463
209 210
219 418
92 498
16 201
274 414
222 324
27 70
149 318
78 397
102 436
55 218
373 380
46 472
66 312
213 443
377 397
230 474
206 372
67 264
289 315
460 488
15 101
269 435
129 134
236 449
316 445
24 250
107 490
8 177
466 470
82 279
55 267
69 405
336 341
225 306
73 448
10 377
134 486
412 457
102 483
87 200
104 213
95 363
29 420
134 332
111 116
84 231
171 476
68 243
437 499
277 325
307 359
205 296
198 324
114 329
418 480
91 408
141 366
71 94
273 360
27 94
92 484
238 242
198 296
72 217
287 396
53 362
151 406
376 482
408 432
34 197
146 347
66 476
55 117
135 198
202 344
83 199
179 297
345 460
461 469
222 240
269 358
41 267
126 311
22 439
306 372
64 206
53 158
157 226
367 403
228 405
428 478
136 310
12 139
66 183
411 451
273 322
96 243
320 330
262 304
232 347
94 295
17 122
39 75
60 174
99 300
0 113
286 400
20 197
21 450
288 458
143 214
74 407
390 471
327 497
266 452
141 408
40 268
145 466
198 299
231 375
18 354
14 54
54 215
160 413
323 446
248 395
144 156
277 424
66 244
359 367
122 302
116 434
227 231
402 454
86 144
169 459
215 442
371 480
9 269
42 378
167 389
15 437
61 233
298 326
40 45
295 481
424 439
73 241
67 334
205 426
27 276
164 169
46 306
268 309
220 248
284 453
298 475
293 425
87 291
290 291
248 408
201 339
270 437
235 339
79 387
111 133
172 404
38 236
303 434
93 462
375 447
23 326
354 397
256 288
107 228
272 341
93 294
379 498
191 444
310 425
16 477
152 348
41 400
18 35
87 249
361 452
43 438
322 408
192 406
48 50
7 56
284 386
128 455
357 425
299 379
166 224
23 94
116 137
248 490
277 346
259 450
268 288
99 320
301 374
212 241
116 447
246 434
196 323
4 300
37 184
131 286
347 444
93 144
302 372
120 379
262 476
387 460
224 312
214 256
189 200
153 425
90 195
352 361
451 472
399 464
25 473
175 226
32 495
69 196
411 447
19 284
49 283
123 307
80 260
252 381
324 491
164 323
38 405
219 327
310 476
107 478
270 481
154 407
309 364
68 257
126 401
8 338
4 475
135 282
116 468
24 87
286 357
130 138
127 349
45 271
111 178
108 487
32 497
164 226
128 379
299 492
384 409
63 282
187 309
284 368
143 340
111 297
300 374
197 385
91 380
96 199
222 247
104 424
32 418
85 430
140 454
129 470
47 168
108 415
193 496
83 91
356 475
6 326
261 402
141 328
163 462
0 22
189 419
445 496
192 417
291 454
78 405
162 321
310 453
76 129
83 254
4 307
286 334
323 398
281 384
150 192
61 450
309 400
74 112
233 403
11 491
109 388
365 420
411 476
54 64
223 242
399 443
128 141
78 281
303 488
172 193
49 62
33 230
148 376
196 422
2 92
156 183
23 279
118 151
265 498
168 390
323 427
152 458
49 280
111 430
202 486
27 203
300 379
50 245
347 370
58 192
24 360
190 301
28 491
186 205
320 353
16 25
338 490
31 33
226 318
75 347
32 78
207 390
474 491
124 171
148 405
201 310
162 418
194 221
216 327
277 291
449 478
37 233
302 441
43 68
189 393
77 253
109 146
26 472
407 474
326 487
112 487
102 442
49 422
43 79
71 183
43 69
31 173
0 393
241 397
28 129
30 293
14 468
75 321
262 364
275 414
241 411
116 430
38 372
49 185
250 444
195 293
286 356
17 136
78 340
181 298
335 351
46 175
152 369
129 415
186 490
122 421
94 221
86 473
104 183
195 478
30 411
146 438
31 54
230 349
185 310
323 471
34 300
28 191
359 498
134 411
100 434
68 228
256 456
21 473
119 457
410 443
30 269
92 474
213 296
195 456
48 204
84 393
62 252
76 200
108 255
382 458
305 406
209 297
237 245
32 336
276 350
124 173
268 446
120 206
162 325
459 495
199 496
42 342
224 305
105 162
62 213
199 312
240 404
305 472
198 323
95 148
132 174
398 476
8 206
43 140
319 472
49 327
434 456
161 357
110 175
212 389
266 339
3 318
299 439
223 398
343 379
59 222
61 404
102 195
135 491
56 291
88 213
160 419
191 414
222 271
186 211
144 180
150 364
38 342
9 171
164 355
253 293
77 246
399 433
299 397
106 467
342 380
8 263
265 479
103 343
120 228
395 477
16 123
188 285
201 333
99 224
263 413
20 105
6 323
136 296
243 380
58 297
63 398
77 215
271 470
240 268
154 169
113 252
238 380
131 433
214 272
83 283
364 457
308 339
195 287
3 123
1 410
259 263
362 393
336 463
108 220
105 118
348 373
117 118
237 370
292 491
215 399
43 361
3 426
169 391
29 215
236 329
79 136
189 453
202 285
182 332
142 467
109 300
82 125
397 455
30 453
321 452
22 320
168 413
253 487
161 337
162 372
343 383
162 249
324 425
181 215
69 141
63 199
145 337
316 447
8 142
136 316
289 293
244 391
180 250
90 106
6 448
15 218
153 391
43 276
94 317
320 384
131 331
387 391
102 178
241 335
429 475
116 346
52 101
29 369
228 362
234 446
