500 2980 1500
8 9 5 8 9 8 16 25 14 15 21 20 21 9 25 16 10 9 11 14 16 11 6 18 18 17 24 9 12 5 19 6 7 17 9 20 18 21 11 16 18 24 14 24 12 24 6 22 14 9 13 7 8 14 8 8 9 25 6 13 21 8 12 24 15 20 18 11 24 15 13 15 16 22 5 14 18 16 21 23 5 13 20 6 19 10 15 6 18 23 21 19 22 5 23 11 15 24 21 18 11 8 10 9 5 16 13 9 10 15 24 9 20 7 15 20 8 8 15 7 6 19 21 8 18 13 5 20 16 8 9 21 17 15 25 24 19 16 16 11 18 20 16 13 20 25 23 18 25 18 20 6 16 18 19 9 17 18 6 9 8 10 25 19 13 14 22 20 11 13 22 11 24 17 19 21 13 18 12 12 15 21 13 10 12 20 13 25 21 17 22 25 18 14 24 16 23 19 22 25 15 12 18 13 22 25 14 18 13 14 19 16 25 18 24 16 6 16 23 8 15 9 12 11 25 5 19 18 21 14 16 7 6 13 17 22 24 10 15 13 8 10 24 14 10 24 21 18 11 15 20 20 21 18 10 18 23 8 23 25 9 16 17 10 23 13 8 6 13 11 24 11 21 15 21 14 10 19 22 24 13 18 21 23 17 21 24 21 9 7 17 8 8 10 23 19 18 25 25 25 24 22 22 7 7 8 12 17 6 23 12 14 19 18 18 5 21 22 19 10 22 15 10 6 10 15 5 16 7 19 24 13 23 9 11 24 9 7 14 25 25 14 6 24 6 5 17 9 9 12 10 20 14 17 13 13 5 9 6 23 15 7 20 12 19 21 5 22 20 7 20 15 5 11 15 23 6 25 19 11 24 10 15 6 13 18 25 25 14 14 25 10 14 21 23 13 15 10 24 8 24 21 23 25 7 12 19 8 17 6 7 11 10 15 8 13 8 6 21 22 13 12 24 24 23 20 24 19 6 24 10 24 25 10 11 23 25 18 22 5 14 18 9 24 21 23 23 24 13 21 21 14 15 8 15 18 13 17 8 14 21 22 16 17 5 12 13 11 14 12 13 12 5 13 19 11 25 19 21 6 13 21 13 5 17 23 7 8 14 21 6 5 5 10 5 20 23 20 8 14
3 16 10 11 20 10 9 5 19 11 4 16 6 16 3 10 5 20 19 8 16 11 20 16 17 9 19 18 3 14 7 10 9 5 20 16 7 18 16 4 9 8 14 9 12 19 10 16 20 4 6 4 13 20 4 6 3 7 6 19 20 15 4 3 16 13 3 15 6 18 17 6 19 13 11 20 18 19 5 19 11 12 17 12 18 14 7 14 3 16 7 20 4 13 18 11 19 9 17 19 6 7 8 14 3 12 9 20 3 16 20 5 13 15 4 8 20 5 6 16 5 9 10 19 17 8 8 10 8 9 18 11 18 14 7 15 3 16 16 15 3 4 10 19 15 19 10 8 13 14 6 9 16 13 10 5 20 3 7 13 17 16 13 19 12 12 4 16 15 15 4 11 8 10 20 4 8 7 10 9 9 19 7 20 16 15 11 15 20 11 9 8 15 18 18 20 16 10 9 17 12 12 15 7 3 4 10 15 16 11 16 20 15 11 15 19 8 9 6 14 5 18 19 8 18 10 18 19 6 15 13 9 7 14 9 15 6 12 3 4 19 4 13 4 16 19 10 17 9 15 4 13 14 5 8 6 16 6 12 4 15 4 13 9 15 15 5 13 5 15 6 17 13 14 8 12 3 15 16 5 3 12 5 13 20 17 14 14 18 3 11 8 4 16 20 11 7 3 7 12 15 13 6 15 10 16 3 13 6 5 4 19 9 6 9 19 14 11 18 8 4 14 8 12 14 8 20 10 8 20 17 20 8 4 16 19 19 3 4 18 8 9 17 10 6 16 5 10 14 15 14 9 8 7 12 20 7 3 6 19 4 5 15 3 7 19 19 15 17 17 14 6 3 4 16 5 15 11 4 9 14 14 8 7 15 15 15 3 20 11 5 7 5 12 9 3 8 10 9 16 6 16 6 10 15 16 19 3 7 20 20 10 12 7 12 8 6 19 14 4 18 6 16 17 9 17 20 5 13 14 8 4 8 6 10 3 20 8 7 15 16 6 20 8 13 9 14 15 14 14 17 13 11 13 17 5 7 4 12 6 15 15 19 12 5 4 11 18 13 9 8 16 3 10 18 19 16 14 6 15 10 14 17 18 3 12 7 3 17 19 10 19 12 7 12 3 11 8 5 12
55 250
38 378
66 215
267 387
43 412
195 449
333 335
78 86
276 281
251 439
334 476
212 277
227 282
1 341
27 144
460 479
98 277
399 442
20 341
74 434
88 125
76 316
28 230
105 320
282 351
5 17
197 296
197 367
199 434
87 260
162 185
303 368
218 397
271 441
77 486
65 263
214 438
120 140
364 447
175 288
98 385
21 179
106 150
203 454
30 312
375 394
100 384
203 428
199 453
296 390
384 471
207 328
281 465
224 329
383 413
305 427
204 459
6 339
410 494
63 348
6 371
407 463
291 415
188 356
162 225
111 407
282 461
7 129
23 238
168 225
1 56
46 82
111 449
146 170
73 250
70 357
5 249
154 313
180 452
194 404
366 415
12 326
55 327
139 363
211 259
160 313
259 323
196 487
29 307
9 283
326 487
251 294
71 155
11 271
100 137
69 345
56 135
89 97
227 484
124 430
397 466
142 475
214 253
45 218
165 228
13 133
373 497
386 489
98 242
160 428
1 93
155 272
161 487
107 234
348 401
9 82
30 267
218 324
371 392
5 26
199 345
90 327
310 313
199 448
41 233
108 241
138 426
404 430
95 236
350 411
256 359
96 297
238 400
101 132
109 368
68 388
10 250
27 363
67 130
143 478
471 473
57 239
127 265
3 154
247 433
90 385
117 344
227 382
242 499
29 334
136 217
101 115
316 375
107 118
172 233
224 334
128 366
288 309
168 388
192 381
232 289
64 73
223 336
288 490
47 405
53 418
313 401
25 248
338 490
282 365
227 462
132 391
55 412
242 276
58 390
53 267
173 260
29 463
115 146
7 10
220 492
118 308
322 477
224 254
274 283
139 348
203 287
67 225
242 364
385 426
259 439
400 477
264 398
91 387
138 261
16 461
136 455
49 120
15 190
84 212
83 86
357 461
83 222
302 465
247 401
160 170
130 131
305 412
67 134
148 348
331 474
111 124
277 285
6 372
36 357
71 141
144 203
2 131
154 234
32 474
48 238
236 242
193 390
205 463
253 394
8 317
136 335
43 93
230 304
339 350
286 382
92 370
290 295
192 348
187 244
127 410
224 488
0 394
36 56
337 378
53 279
184 224
246 264
183 369
94 405
157 275
89 350
372 388
479 488
69 90
84 146
11 162
244 349
47 255
207 359
156 416
401 476
113 190
111 450
174 282
82 435
309 351
242 431
171 409
142 216
0 234
93 417
455 463
31 173
39 279
13 161
302 340
63 409
150 344
238 422
81 84
323 396
91 141
40 107
100 421
287 347
59 162
269 365
11 145
4 145
393 399
123 315
30 132
238 276
199 293
166 186
108 228
162 186
162 242
388 430
150 270
26 326
8 42
241 450
32 196
323 440
81 87
13 28
39 302
126 351
233 467
22 23
207 271
196 310
104 257
489 498
268 272
54 499
144 344
123 492
426 427
325 405
26 183
87 160
234 456
139 336
387 412
123 233
85 481
161 455
299 450
290 337
431 484
3 220
43 161
15 104
402 408
78 390
131 235
306 491
243 287
354 361
152 464
34 409
34 410
119 193
12 401
17 245
5 131
90 181
323 453
181 445
141 242
17 333
38 92
40 480
176 207
37 241
27 397
124 233
3 216
209 411
404 419
67 400
200 209
240 284
58 463
239 460
7 145
47 100
99 260
189 408
4 382
214 255
196 201
9 389
317 436
384 402
321 495
84 189
320 386
71 176
173 398
340 445
194 369
146 361
76 432
12 227
137 444
70 308
67 319
90 180
71 360
56 384
147 280
89 423
24 307
6 429
149 291
193 479
187 369
208 401
191 495
161 339
87 262
75 402
384 409
266 270
252 418
40 404
34 134
172 218
284 396
112 444
7 191
113 164
161 294
36 283
12 236
49 313
55 124
190 386
16 98
370 455
28 325
279 289
154 241
106 152
236 323
19 432
142 311
72 120
312 466
234 260
90 495
343 404
38 125
171 427
251 474
63 342
228 337
230 329
146 458
0 463
144 488
29 319
96 269
110 315
356 491
119 272
2 388
75 166
98 107
130 314
1 82
57 434
62 223
92 491
201 227
219 462
63 434
308 429
4 204
219 396
317 364
362 376
29 92
237 331
229 388
46 158
88 144
10 457
47 368
135 306
62 217
170 470
110 456
41 87
125 181
186 272
254 332
110 361
64 70
115 198
112 301
26 355
60 195
246 398
410 467
53 487
99 312
185 313
98 227
176 308
71 140
260 402
375 430
211 291
286 425
29 215
51 177
153 486
193 353
189 475
184 350
138 152
184 476
341 404
51 306
259 472
204 305
21 381
258 328
86 108
158 485
144 371
240 252
79 321
272 448
252 302
55 345
189 201
34 283
38 122
40 356
1 257
154 213
49 99
308 310
28 250
341 370
113 343
8 495
78 324
268 353
316 489
27 225
225 495
429 476
9 24
218 413
173 226
48 83
67 281
176 363
255 417
147 407
189 438
237 318
276 451
151 393
97 320
112 438
172 448
186 365
148 346
203 498
121 325
238 350
225 400
234 301
32 68
422 460
145 255
70 241
102 139
266 456
147 324
4 212
47 345
139 185
42 204
102 374
17 359
366 439
87 483
5 387
214 258
46 458
5 100
380 439
143 319
183 236
301 414
233 321
81 249
364 493
88 494
137 164
309 366
50 68
300 354
77 219
331 459
339 468
103 446
125 389
178 407
0 367
278 457
97 169
127 175
438 483
109 387
29 459
28 179
278 311
164 466
179 383
218 259
29 61
46 71
232 338
66 429
128 474
384 494
120 145
221 292
5 153
125 436
196 411
200 301
133 340
169 264
93 157
226 329
453 469
259 285
438 466
164 481
295 409
316 497
139 186
45 145
227 380
354 359
418 479
185 302
9 474
341 445
391 496
321 350
131 231
35 264
35 381
218 302
140 402
97 302
164 362
235 460
215 487
82 449
20 166
122 225
109 162
208 269
58 260
78 113
124 482
167 225
49 423
231 473
295 463
171 418
239 255
461 480
155 355
408 421
147 469
140 418
92 369
416 438
164 472
99 148
26 473
25 433
231 295
77 260
14 42
305 385
54 254
150 436
61 117
324 489
78 181
282 411
223 233
22 266
251 377
118 312
335 352
305 387
2 370
323 368
162 398
7 72
263 312
166 210
406 489
146 436
173 480
153 487
14 307
256 315
251 278
25 294
176 448
142 402
168 255
210 359
250 447
355 418
14 168
291 311
13 459
119 499
137 362
189 400
221 281
117 149
161 219
305 351
33 464
2 378
121 265
31 68
171 422
338 457
233 308
122 353
379 387
72 242
116 152
315 495
323 404
14 184
122 180
213 224
171 376
244 402
180 456
459 492
41 355
87 284
194 311
64 99
319 394
18 364
34 460
33 136
284 362
109 377
177 256
4 218
49 279
110 466
342 484
68 375
4 130
297 491
267 315
107 236
205 441
176 380
96 468
349 378
30 83
320 416
354 475
338 491
21 173
132 366
11 136
270 395
79 347
439 452
8 369
296 452
11 392
146 204
209 439
398 453
166 472
179 376
0 222
87 189
303 347
400 416
289 324
274 406
93 355
76 389
1 375
100 188
83 416
69 157
243 371
194 316
208 261
106 262
96 254
193 480
87 101
239 282
296 429
133 425
139 177
55 202
51 231
104 428
87 95
173 241
53 152
351 382
445 494
20 110
367 396
414 466
102 230
86 176
19 376
20 117
487 489
190 209
14 475
89 135
374 468
172 270
169 343
128 311
234 385
53 104
31 78
187 346
216 237
413 428
132 251
343 436
151 447
243 351
68 339
64 321
127 396
322 498
127 208
272 435
26 221
35 351
47 204
268 444
308 359
146 239
279 304
36 428
114 426
208 303
253 435
234 323
19 33
30 291
138 247
173 266
164 289
111 461
282 447
170 215
4 267
364 432
99 338
3 231
299 483
159 175
111 216
92 193
379 425
148 284
214 374
147 197
204 306
333 438
161 304
18 295
88 171
171 407
111 259
44 64
25 31
47 227
166 246
371 387
144 422
149 155
121 210
147 376
236 406
323 366
55 179
141 437
216 288
126 362
158 359
141 354
150 448
189 377
362 427
29 361
315 438
65 202
73 423
291 317
228 463
138 346
48 80
364 482
103 452
383 435
225 373
231 234
190 482
342 481
86 309
237 418
57 488
60 352
305 369
361 419
87 352
29 387
191 427
11 192
259 366
330 484
13 26
80 151
92 219
133 242
273 290
275 296
0 407
64 104
7 68
334 492
96 435
393 422
89 99
60 497
139 181
104 314
19 252
295 473
112 457
33 404
162 478
178 423
12 170
180 217
275 376
333 386
145 193
169 417
186 420
45 276
81 321
218 409
236 496
90 469
134 412
110 459
357 431
160 295
71 82
227 276
308 476
386 464
300 326
109 282
277 398
282 331
211 411
66 251
34 131
412 431
103 440
366 390
393 425
121 430
315 488
199 289
5 104
68 490
99 214
12 35
29 313
42 123
124 387
275 459
312 373
64 138
182 318
291 346
283 358
213 452
221 320
442 461
293 495
150 402
274 416
181 361
406 447
20 497
163 281
94 488
315 320
9 387
265 397
7 108
352 403
161 467
207 440
166 208
429 489
35 494
155 389
218 229
168 180
69 374
84 490
215 453
246 426
201 437
179 238
33 89
196 373
23 312
84 257
87 119
301 358
12 167
2 214
103 111
38 112
14 167
376 491
204 341
114 257
218 288
319 366
352 358
58 95
282 453
31 495
43 76
395 429
420 479
227 301
377 495
244 296
25 289
45 350
31 82
124 373
57 205
31 434
148 248
133 237
259 312
76 296
4 279
284 329
45 245
97 215
11 193
245 388
55 273
326 446
91 93
2 486
123 369
133 150
44 73
282 454
176 231
121 155
403 452
203 346
192 336
173 189
24 259
31 446
266 491
260 360
254 415
232 242
44 51
95 258
152 394
167 357
47 215
122 365
9 488
291 360
386 455
466 495
298 485
383 486
85 391
239 340
79 158
66 480
178 205
239 365
73 97
58 328
120 245
22 244
328 403
28 142
200 459
107 354
268 464
50 414
345 425
339 445
287 356
79 373
118 487
207 340
58 124
267 426
139 377
60 155
217 460
25 207
125 157
348 368
376 450
332 348
148 393
25 137
96 304
178 299
193 496
355 485
143 251
363 475
426 465
23 64
136 187
268 452
451 471
47 220
184 273
166 279
194 301
383 488
23 473
150 322
40 120
372 453
34 420
289 338
48 291
257 464
329 496
183 286
291 455
251 366
26 171
243 302
193 262
7 155
354 363
131 194
181 246
164 214
414 473
202 243
82 420
97 220
154 350
349 489
296 367
10 260
427 468
71 275
49 93
228 278
147 264
31 280
37 293
2 139
206 418
309 328
8 276
60 455
4 313
238 338
50 59
7 109
12 33
187 248
426 442
151 420
200 266
373 393
395 402
138 420
453 460
71 470
50 298
290 340
162 293
393 435
414 467
328 405
44 309
357 415
15 119
422 449
67 343
233 499
35 301
61 461
25 423
209 223
136 207
237 493
335 483
347 381
286 412
41 159
200 208
25 187
18 187
133 446
152 213
175 320
59 72
61 140
421 435
41 176
23 387
291 325
221 472
176 445
23 295
81 225
430 453
142 279
176 182
415 496
154 499
99 424
98 234
224 281
58 371
200 314
180 431
295 441
233 301
103 234
8 232
19 366
90 388
359 406
78 393
316 393
28 139
158 462
1 260
50 272
83 110
51 251
329 456
131 322
430 434
143 257
96 469
86 491
112 229
158 409
69 115
56 91
256 380
55 213
75 167
167 440
410 447
275 299
102 272
247 248
69 138
165 168
17 328
134 388
73 465
35 242
95 313
139 162
142 441
70 363
155 284
79 427
100 482
89 357
67 144
328 388
69 223
90 365
263 438
379 476
8 163
5 199
201 305
96 138
80 412
403 436
76 354
450 495
192 453
249 282
136 441
447 497
237 396
387 469
351 437
234 454
141 446
43 323
63 164
222 340
95 155
112 185
264 367
303 411
301 337
287 440
140 335
221 246
31 395
40 327
366 477
300 433
25 134
42 372
168 439
93 392
127 442
188 239
161 274
239 261
360 482
91 476
12 442
157 322
43 279
102 464
17 144
75 200
60 326
32 164
391 472
361 390
299 354
135 235
18 360
82 180
40 92
51 232
342 433
328 491
107 180
260 431
121 499
29 428
361 453
58 428
334 396
136 378
69 265
20 306
248 317
105 377
229 402
107 376
254 348
102 197
147 482
251 431
130 450
318 481
313 342
344 396
43 278
135 449
182 385
267 428
191 392
21 152
140 447
361 411
206 474
154 164
178 283
275 461
135 284
133 435
317 457
476 484
3 248
144 410
263 390
59 336
173 403
99 209
415 432
351 372
104 415
36 238
54 445
64 280
176 453
109 262
73 265
171 366
174 498
73 486
134 459
280 348
183 382
73 348
49 155
126 447
161 168
308 472
279 372
189 228
148 205
401 453
104 478
250 394
227 482
425 447
155 363
341 479
16 218
378 408
212 296
112 416
20 144
107 185
231 450
28 436
42 54
211 408
102 107
61 367
226 493
194 373
222 492
225 429
277 448
9 174
249 498
304 386
441 482
109 412
152 298
224 326
80 187
193 398
237 313
60 137
4 206
225 257
102 355
19 389
358 398
264 419
268 369
148 475
46 459
174 382
275 464
224 471
229 450
182 471
467 486
52 249
307 421
100 180
215 254
27 403
264 335
252 300
304 420
452 486
52 114
144 489
210 300
66 222
114 179
213 245
32 458
12 448
47 390
330 436
99 206
70 167
40 397
28 158
70 79
81 373
66 473
440 473
124 179
73 181
88 375
142 151
37 346
207 405
109 407
448 467
144 362
55 446
292 396
315 379
49 430
114 176
152 379
44 194
5 206
267 444
436 448
244 412
67 150
139 421
272 388
168 191
34 54
431 453
401 492
102 252
36 457
103 454
302 424
131 419
141 431
318 405
26 440
286 323
38 166
335 454
132 368
400 465
232 330
329 336
264 486
318 431
351 462
195 417
135 205
80 441
288 366
70 417
156 364
330 457
159 293
221 400
226 449
80 448
37 116
89 240
252 390
104 155
148 398
157 437
25 447
69 319
395 453
9 284
245 424
297 351
64 152
68 93
135 388
297 483
165 194
186 386
74 112
252 472
59 108
96 401
454 455
272 449
370 498
148 229
21 442
50 453
84 231
124 349
241 443
146 339
225 474
57 206
231 462
176 233
6 384
198 312
167 439
15 487
107 471
106 252
228 254
5 258
166 483
24 488
3 227
152 308
182 400
21 431
321 457
171 307
159 343
116 399
200 335
28 56
81 470
11 148
4 349
399 496
130 362
115 127
335 367
139 323
277 317
49 452
253 425
177 209
367 431
178 429
77 429
61 219
75 326
194 254
205 450
75 92
150 419
232 362
20 348
231 474
229 397
204 248
157 166
321 375
162 441
117 196
411 444
85 451
206 228
120 341
297 413
348 441
173 493
111 126
44 256
307 327
35 125
85 495
332 359
3 372
161 472
242 261
111 118
72 494
101 382
293 409
16 425
135 261
212 221
37 474
13 261
339 345
45 240
67 398
124 431
296 462
57 186
189 436
206 234
372 409
327 368
201 477
88 284
86 186
485 495
350 487
325 453
380 434
145 294
188 196
37 451
11 70
301 369
191 240
292 347
181 447
204 349
36 337
47 286
185 204
84 128
278 295
243 342
367 496
88 288
308 454
0 317
365 497
252 305
316 388
110 421
311 498
451 485
160 374
353 471
377 462
38 375
397 429
22 350
229 375
59 189
27 140
42 285
79 398
145 377
80 81
172 499
12 235
15 391
289 327
414 443
271 335
262 333
287 484
299 440
293 344
53 122
378 442
42 459
160 279
97 461
81 91
214 265
170 337
153 403
98 161
15 234
3 446
51 286
214 224
151 338
74 470
58 402
356 388
202 425
121 368
99 251
292 445
326 400
328 366
241 251
46 476
25 282
57 202
154 380
254 464
63 320
182 203
261 453
58 255
186 231
279 463
340 401
226 341
42 111
69 353
190 280
249 314
10 248
85 341
229 244
156 182
161 430
50 472
341 480
115 314
231 491
62 190
213 234
31 165
395 489
43 366
327 350
110 170
126 179
18 79
43 264
429 434
225 317
355 402
46 214
113 219
12 173
231 325
330 381
133 400
172 375
203 294
283 394
59 207
387 444
245 474
157 486
39 400
44 80
145 259
383 406
252 496
19 91
385 474
117 354
123 226
66 382
188 263
95 188
30 235
378 399
124 146
11 61
168 336
51 139
136 482
89 314
144 249
380 463
139 175
259 443
97 397
136 275
193 248
95 411
201 472
65 275
221 263
210 439
113 234
2 102
128 329
377 394
134 175
61 155
199 486
240 488
144 395
355 472
119 126
156 207
53 178
170 339
300 385
27 94
88 470
278 466
113 132
427 475
83 180
128 170
7 159
261 454
267 380
318 361
87 494
386 456
59 431
158 481
252 478
341 475
235 335
303 463
39 325
153 294
44 60
214 216
76 360
248 259
100 331
36 150
301 430
264 359
48 168
158 306
120 207
319 440
154 358
40 458
399 433
295 431
296 420
386 400
52 414
114 379
201 489
3 97
279 444
249 351
173 272
71 407
200 302
182 472
106 193
236 400
33 429
211 409
334 435
139 332
29 438
23 345
75 251
94 278
178 478
175 488
451 497
4 496
19 222
394 460
34 139
334 352
59 464
204 308
96 233
80 149
105 392
17 199
48 302
345 430
82 392
74 303
359 427
364 487
223 483
150 372
314 380
411 482
126 175
340 382
149 219
289 404
365 498
18 396
39 54
283 498
17 334
173 225
150 399
44 445
40 374
269 374
30 103
53 401
49 250
209 233
47 221
3 21
112 461
1 421
85 294
138 258
150 220
362 389
77 185
342 411
442 452
99 138
188 446
319 327
185 495
244 401
258 450
178 394
188 473
49 176
297 372
3 293
152 358
445 489
258 444
210 322
87 283
388 404
317 482
36 378
56 223
274 445
349 481
170 186
119 459
116 377
57 77
80 255
25 123
76 144
48 128
300 308
206 390
43 112
94 365
410 457
244 436
133 297
182 351
253 265
132 484
345 390
227 371
107 314
173 454
165 436
337 410
198 307
349 426
131 204
78 129
268 292
98 196
156 289
0 433
37 266
72 338
124 191
137 297
185 224
118 187
1 188
372 431
202 434
94 392
231 418
348 458
242 314
18 215
184 212
255 266
253 306
395 496
154 372
131 446
57 492
173 257
33 272
22 238
15 383
285 425
17 75
134 231
42 233
234 296
292 483
168 417
155 442
222 381
373 461
81 360
271 410
85 499
82 103
376 417
64 396
321 389
51 69
213 383
10 266
276 288
199 230
157 383
171 229
54 136
178 355
91 326
364 443
13 420
106 397
313 418
181 255
84 99
301 466
124 272
195 269
54 346
147 350
4 332
74 437
288 419
1 331
369 424
134 497
13 226
280 394
185 223
222 476
92 108
352 435
123 326
134 332
302 398
452 493
3 110
25 291
344 383
138 160
47 202
350 477
229 249
101 170
116 398
237 492
63 104
315 450
252 277
191 268
287 373
73 236
302 307
269 327
301 350
355 368
13 137
47 54
83 386
35 108
7 447
34 443
258 352
166 433
74 423
380 395
146 347
234 441
21 163
99 262
271 330
187 314
213 434
149 271
396 463
224 239
326 481
262 416
52 231
14 207
178 293
104 436
20 122
40 305
7 472
16 222
149 474
76 156
413 447
89 318
158 392
92 107
115 172
69 338
255 274
104 394
12 387
43 131
68 422
17 168
399 407
283 333
146 433
75 419
339 477
78 489
55 325
183 266
236 454
235 437
83 118
58 312
357 369
440 466
56 153
172 394
447 475
252 253
291 295
142 377
211 274
249 431
300 378
111 187
86 422
116 290
188 211
48 396
89 297
26 472
118 129
140 477
104 202
13 130
89 182
363 409
3 201
344 420
415 495
48 277
392 458
20 141
36 309
144 455
303 448
199 439
140 442
151 252
295 361
307 459
181 359
135 442
42 206
184 364
173 304
72 311
180 208
158 262
260 489
378 418
166 493
41 168
31 275
21 127
32 199
98 437
362 496
55 247
8 407
148 442
17 188
36 395
249 355
23 476
14 349
51 464
125 189
277 340
75 462
291 408
224 420
212 332
218 321
199 368
35 117
188 463
214 440
120 446
346 477
25 424
105 127
344 459
21 301
21 451
16 91
413 453
33 137
25 319
363 497
204 357
217 318
75 129
251 307
269 400
30 468
57 498
204 244
43 403
133 410
216 289
75 97
234 361
125 450
56 332
166 379
63 242
231 289
257 280
129 170
408 467
70 234
104 278
50 399
334 479
161 353
28 272
22 179
50 115
54 151
193 454
81 397
98 246
107 255
70 72
285 490
83 315
151 413
116 402
227 320
160 493
200 283
11 475
64 209
9 204
86 415
293 299
266 470
369 437
88 257
169 409
305 418
84 362
54 218
225 241
271 273
436 453
4 330
90 303
18 242
296 435
300 352
70 336
11 77
105 402
271 396
90 400
1 495
32 264
101 420
14 220
259 316
113 359
371 477
49 417
52 344
438 496
25 170
97 244
345 432
197 206
192 392
279 368
79 374
6 335
24 275
64 100
390 438
8 217
70 216
186 287
31 334
54 361
59 122
217 474
321 490
9 138
63 311
275 422
33 472
134 464
21 499
169 318
201 229
60 444
9 252
274 391
70 490
63 296
190 216
366 486
350 458
200 252
209 435
12 68
136 294
346 416
123 465
284 317
126 273
294 342
45 331
20 227
349 402
246 336
48 208
74 186
301 355
113 200
239 440
116 465
62 113
210 440
92 290
14 353
401 424
6 304
205 425
108 208
189 361
200 482
304 352
79 205
15 483
101 343
138 140
261 314
79 364
76 237
140 392
148 427
7 373
207 496
104 461
122 158
5 259
450 486
183 264
288 322
199 272
227 455
19 242
218 406
167 447
196 368
14 449
250 313
61 487
171 331
221 422
439 465
190 231
122 137
475 488
200 232
254 257
19 201
145 368
230 322
36 332
407 411
42 124
143 314
39 284
188 373
239 471
463 492
94 228
70 271
163 190
179 352
212 315
328 441
116 263
312 429
72 74
97 233
8 411
154 484
271 298
54 412
320 383
255 456
34 372
160 314
421 429
343 444
30 245
124 354
75 386
127 437
49 130
150 482
298 348
385 396
213 444
202 257
121 228
16 99
1 63
58 285
483 486
21 373
116 311
1 136
175 463
5 404
332 346
59 295
353 424
288 391
214 226
235 392
165 372
172 176
434 467
306 389
60 357
164 223
20 476
117 422
124 385
131 150
104 110
202 236
419 452
103 161
19 281
57 177
4 301
278 429
275 377
139 320
384 444
298 431
356 445
170 320
241 475
135 430
201 432
6 358
66 82
382 403
123 358
277 290
128 351
85 93
109 283
278 379
15 337
52 443
3 238
277 481
239 417
17 146
107 356
14 182
345 395
21 95
53 493
88 450
411 443
200 449
381 425
69 110
421 499
28 408
223 265
166 219
368 413
358 403
148 337
127 186
278 350
175 209
2 110
266 435
300 321
207 417
30 439
238 411
21 88
347 477
316 439
39 411
210 294
27 34
273 468
250 349
95 271
42 212
105 339
173 281
192 295
422 478
264 326
197 371
223 245
82 195
100 161
24 50
154 343
99 150
246 307
52 282
248 274
304 427
420 460
15 87
255 299
241 457
44 238
248 287
397 426
226 302
206 284
8 145
105 434
76 214
117 455
134 235
313 350
259 360
199 255
265 403
73 230
83 99
26 184
10 27
61 268
234 381
6 62
257 385
422 482
17 471
271 470
163 449
46 406
124 494
345 469
319 361
81 96
227 268
158 160
195 337
41 351
209 285
236 240
99 228
90 485
81 449
267 365
108 268
96 197
176 400
301 360
83 183
120 344
169 413
260 483
106 153
233 312
67 311
36 84
80 239
41 429
301 467
80 302
25 419
273 282
163 223
107 417
137 378
20 309
116 350
88 275
163 457
3 62
283 304
67 152
116 301
351 429
381 398
259 411
166 333
366 380
40 90
49 416
281 457
342 496
313 384
275 322
219 376
16 459
408 483
136 485
161 259
369 431
203 351
308 490
38 225
33 446
89 428
46 296
304 400
16 171
266 415
140 491
48 347
404 467
294 466
208 372
36 163
216 358
2 426
42 159
226 261
293 345
115 190
31 442
209 405
135 175
102 202
152 302
24 332
34 469
214 458
152 285
16 494
277 427
99 268
119 386
96 150
101 293
53 211
113 363
169 189
39 335
319 498
54 93
311 458
16 140
193 488
391 485
383 440
22 110
27 227
200 250
138 488
1 336
92 139
76 471
217 392
12 153
137 407
125 385
36 68
83 360
159 316
322 373
374 419
139 464
76 461
377 447
255 491
48 153
266 360
146 424
219 366
238 349
173 473
44 152
231 271
55 169
48 474
172 472
307 325
235 449
86 283
40 443
279 283
3 55
22 55
5 149
105 384
228 280
356 358
117 473
126 203
343 374
331 381
352 421
285 440
168 477
117 356
132 214
0 318
99 193
232 415
277 312
101 137
293 411
107 239
333 382
195 382
107 270
60 234
115 484
166 386
256 415
290 402
437 465
140 278
185 403
17 243
63 283
207 449
82 276
333 388
193 210
0 289
135 464
253 336
355 473
283 332
8 485
218 392
221 475
272 416
223 446
334 429
99 403
292 442
25 387
315 451
16 122
49 375
171 357
272 422
44 182
185 380
306 421
335 479
128 443
34 477
38 285
234 236
17 93
333 408
266 319
118 479
182 387
290 343
97 449
68 279
96 410
67 323
251 497
1 463
76 393
431 441
4 298
105 306
304 470
213 441
350 371
451 462
120 189
179 318
97 341
0 488
277 454
121 174
108 269
126 280
129 316
195 412
155 180
21 208
20 236
109 243
182 220
79 297
160 192
11 376
5 386
64 266
382 422
447 449
61 454
333 390
29 72
199 351
28 221
114 196
113 444
175 438
140 460
383 439
400 469
51 92
393 464
133 436
234 446
120 222
87 157
167 206
121 214
212 488
42 480
115 225
357 368
144 451
151 389
100 258
127 459
122 342
218 463
114 271
280 467
411 462
205 436
328 472
254 361
169 385
148 362
301 409
352 389
3 274
275 398
197 393
174 397
216 487
100 406
127 199
14 111
187 216
25 192
136 374
84 284
30 431
11 487
348 376
338 479
102 130
68 407
266 367
141 325
310 418
82 232
215 271
173 249
46 309
37 49
280 438
67 192
6 356
352 467
141 397
45 338
66 468
305 422
60 334
19 344
58 196
189 270
265 344
150 210
153 381
16 34
107 433
22 147
199 336
134 180
31 376
150 338
53 453
116 219
204 444
353 429
52 91
162 352
277 374
334 448
28 473
83 111
