500 2966 1500
22 10 17 23 7 25 14 15 14 17 9 16 22 25 14 25 5 20 24 17 8 16 10 22 6 21 18 24 24 13 21 18 24 23 23 8 11 15 16 11 23 19 22 25 19 12 23 25 22 24 12 12 12 18 10 20 16 23 5 21 11 23 10 14 8 15 18 11 20 8 6 23 5 20 6 18 21 24 21 6 8 12 25 12 14 5 9 20 6 10 25 8 9 19 12 19 9 23 22 22 19 22 12 5 20 23 12 22 22 7 7 7 5 10 24 16 5 8 11 5 25 24 13 22 7 11 9 7 25 10 22 6 16 21 9 5 10 23 9 5 25 10 14 11 21 9 18 5 8 20 6 18 25 14 22 5 16 8 18 8 23 5 7 5 8 11 8 7 8 20 10 19 24 7 14 5 18 9 9 22 18 9 20 7 14 25 16 11 18 25 15 19 7 24 5 11 10 11 10 19 7 17 10 25 12 12 7 9 16 12 13 22 22 23 17 19 7 14 7 6 19 15 14 7 23 12 19 16 22 7 9 16 6 9 12 24 9 8 18 23 25 6 15 19 9 11 9 7 11 12 6 13 11 24 10 20 17 9 7 7 10 7 21 12 10 22 20 12 18 9 13 25 17 18 25 19 17 5 6 24 18 6 19 8 16 8 14 11 15 21 25 21 20 13 8 12 15 8 7 20 21 9 6 24 22 10 18 13 22 10 5 20 7 7 17 9 5 11 6 19 10 21 25 10 19 24 20 14 14 11 18 21 14 17 8 17 14 12 9 20 9 17 10 14 14 20 8 16 11 21 6 16 5 10 8 11 6 6 25 18 6 18 13 15 22 12 25 11 19 18 15 17 17 7 8 9 20 11 9 6 14 16 19 5 8 14 6 19 7 16 5 10 6 21 7 21 20 8 6 19 15 7 22 10 22 21 23 24 12 22 5 15 16 24 16 8 16 25 22 25 6 11 19 21 24 17 24 21 9 18 21 21 6 24 5 12 21 5 14 7 16 13 18 12 20 18 10 11 22 19 8 23 25 20 11 16 10 25 5 15 14 8 24 10 10 6 25 13 7 6 6 12 24 16 10 16 17 12 9 6 10 24 5 22 6 5 12 17 5 24 24 21 6 18 7 18 25 9 23 21
3 16 8 18 14 19 19 19 20 7 10 6 7 15 3 20 13 8 7 13 14 16 13 13 9 3 13 9 19 18 6 17 20 20 9 18 3 8 12 19 8 7 15 14 9 7 12 20 15 4 13 15 4 6 15 10 15 10 9 18 20 18 9 17 12 10 7 11 3 19 7 3 14 19 4 9 3 13 5 19 9 8 17 20 15 7 15 13 14 14 14 20 20 16 19 18 4 15 6 10 3 4 3 4 9 5 14 18 18 15 4 20 9 4 11 20 12 9 17 20 5 10 12 14 9 12 8 11 12 4 15 15 19 5 7 3 18 18 4 18 10 6 7 10 5 17 12 6 4 15 8 11 20 17 9 13 15 15 10 8 9 10 3 12 5 11 7 3 9 14 19 8 4 14 5 19 10 15 9 11 7 19 3 15 15 14 16 15 4 6 11 10 6 14 19 18 4 7 10 12 7 10 16 15 5 8 8 15 8 20 17 12 6 11 7 5 10 8 11 18 8 5 12 10 12 17 18 19 8 3 16 7 15 20 3 8 9 6 12 7 19 10 4 7 11 8 17 4 14 6 11 6 17 10 6 7 3 6 13 19 7 13 3 19 9 9 5 9 6 17 4 11 9 19 7 4 13 5 4 9 7 9 19 20 18 3 4 5 16 10 15 10 16 15 14 17 4 7 19 11 11 14 11 3 11 16 4 6 11 10 16 20 14 4 11 10 14 9 15 13 18 20 14 7 8 4 3 10 18 5 19 5 8 8 4 8 6 6 19 13 5 8 10 14 20 11 20 20 5 8 11 3 10 9 5 3 19 20 4 15 19 11 10 20 5 3 10 3 13 18 19 13 11 9 20 8 12 14 5 12 16 4 16 19 5 14 15 9 18 13 20 19 5 19 4 17 13 18 4 4 5 12 7 7 10 15 12 9 4 13 10 6 3 5 7 13 4 17 11 14 18 18 4 14 9 17 18 3 20 11 15 7 4 5 17 5 11 13 12 13 11 13 4 10 6 5 6 3 16 14 8 15 3 16 17 5 11 9 13 17 8 4 6 18 3 17 19 10 7 9 20 7 7 6 13 17 18 9 19 9 20 6 8 11 4 20 14 5 14 6 9 9 11 19 7 6 3 15 10 5
141 349
376 489
361 486
89 424
156 421
134 325
59 244
44 147
122 191
188 451
93 417
36 477
310 373
34 198
97 385
129 348
104 435
61 240
111 150
35 196
21 28
343 460
275 288
89 165
142 165
164 437
26 241
132 309
69 231
31 152
331 347
12 352
394 454
50 253
6 45
168 322
212 255
195 389
250 297
131 313
175 441
13 322
0 169
308 317
271 283
83 391
314 383
112 289
365 406
246 391
48 352
370 453
289 475
225 370
232 279
23 397
384 483
295 369
67 198
285 363
131 144
162 446
65 483
275 408
55 328
138 190
103 378
20 499
155 456
19 102
172 420
198 427
461 466
122 275
290 495
362 366
129 253
288 383
458 492
3 129
385 478
61 132
120 320
160 450
105 275
67 347
134 155
5 138
35 287
90 210
52 157
119 174
179 345
424 427
363 379
56 241
15 98
131 412
57 396
20 141
135 350
139 197
45 215
25 278
40 367
123 409
1 117
231 249
61 317
45 86
336 375
165 250
89 158
335 364
57 482
106 495
141 479
234 296
300 406
19 141
292 379
93 155
156 249
267 303
334 391
87 103
254 474
135 200
70 384
228 353
65 358
60 333
159 234
48 149
130 184
3 66
168 483
175 426
110 344
428 485
15 179
294 434
345 479
28 180
25 388
155 374
139 415
120 349
200 441
57 361
64 220
175 242
295 380
167 316
163 256
0 343
208 361
79 324
141 345
234 351
166 407
229 239
97 125
266 367
119 351
186 332
1 263
44 136
111 300
327 440
169 384
125 340
272 486
276 407
159 184
166 364
19 327
362 477
207 278
264 315
287 307
318 461
52 417
22 87
252 336
8 186
294 301
365 377
30 41
254 482
193 289
6 483
136 423
268 394
285 347
167 221
201 484
1 314
155 435
156 362
79 372
164 181
18 244
186 329
174 175
313 412
26 193
319 335
312 498
238 444
75 432
204 309
97 453
105 315
300 389
240 488
199 471
222 235
126 190
284 455
232 238
295 348
176 304
251 419
152 212
192 373
303 360
222 254
247 333
294 328
103 254
248 334
148 412
447 491
105 493
468 484
181 258
276 307
153 312
135 447
5 295
204 429
248 469
98 195
86 230
40 292
57 376
174 433
296 375
383 410
25 63
112 287
11 361
349 376
46 343
436 497
336 373
430 456
96 206
24 415
90 342
342 443
40 275
277 425
238 350
373 417
130 434
93 346
143 171
93 238
32 290
229 451
4 235
312 316
77 102
417 471
180 200
342 359
329 369
96 391
310 323
184 443
195 343
451 492
314 440
61 101
155 348
191 453
124 128
150 291
265 362
79 430
104 255
303 324
56 67
132 466
333 402
101 111
230 460
84 396
170 426
37 337
164 311
35 53
136 200
461 463
305 371
54 398
195 246
64 446
219 353
372 475
16 285
381 451
58 432
119 443
426 478
47 91
58 313
147 477
145 406
169 467
14 338
65 422
197 200
81 389
69 242
273 339
353 390
284 390
271 364
480 489
9 95
240 314
164 308
339 363
5 304
337 392
13 148
248 401
21 497
356 454
8 450
124 273
120 343
21 180
147 163
121 144
323 486
385 405
204 338
26 271
97 381
89 175
74 391
101 253
13 215
90 105
133 393
125 497
172 487
132 442
8 337
352 370
149 188
146 406
266 418
154 398
230 261
65 255
28 299
356 429
64 497
112 233
163 196
295 316
139 432
76 197
388 442
42 492
55 433
64 149
25 248
7 486
330 383
30 392
34 374
142 453
362 481
161 394
55 239
306 482
35 308
333 423
46 426
141 172
218 416
104 314
31 307
253 281
79 486
269 363
404 495
28 349
376 436
293 490
234 392
27 243
322 462
38 372
17 143
160 481
109 318
60 101
347 461
133 255
43 395
143 349
49 384
4 483
18 301
103 127
107 314
231 471
126 456
47 271
124 221
54 79
119 350
156 404
65 478
201 298
196 201
39 76
134 414
168 200
213 380
318 335
191 283
3 291
25 414
384 433
117 391
179 271
394 498
455 460
176 327
194 274
40 86
147 371
94 439
205 370
209 312
312 460
5 233
6 180
108 348
378 460
338 412
155 255
94 434
220 305
275 320
102 316
222 363
57 261
47 119
154 496
486 490
252 340
53 493
371 377
103 114
138 177
74 208
172 188
340 431
296 318
120 339
198 317
193 252
46 487
339 382
283 323
225 473
254 322
151 391
267 346
184 455
13 488
59 401
31 124
434 457
48 446
457 463
22 393
395 448
4 374
73 326
189 373
51 471
81 217
104 179
143 286
89 432
171 390
451 484
370 495
169 371
157 240
335 498
307 384
179 427
159 316
387 397
240 301
150 395
85 118
110 497
295 472
62 245
88 129
175 203
50 347
94 197
363 370
207 258
392 464
206 239
309 354
135 149
5 253
242 450
5 31
348 448
94 208
344 424
245 400
160 289
10 417
159 218
367 398
57 79
317 403
86 467
8 246
56 246
426 487
147 288
88 239
91 172
197 438
194 343
204 397
269 498
181 340
46 324
269 462
435 461
197 420
70 93
192 239
346 362
16 206
5 329
34 119
37 427
250 376
166 458
189 359
83 124
77 448
106 227
440 453
301 423
276 466
200 401
184 451
278 326
33 293
408 464
294 381
98 299
150 207
228 304
208 341
275 312
106 486
48 491
181 435
287 348
171 250
185 235
315 437
191 373
372 408
441 467
89 181
48 52
65 373
80 304
215 257
350 489
97 430
205 382
120 347
157 499
100 260
233 490
108 149
321 377
209 367
33 40
245 411
204 313
42 379
97 260
249 294
55 140
6 305
176 318
297 406
20 385
398 483
181 447
85 188
43 164
82 265
81 148
261 400
7 19
45 449
68 443
30 71
172 388
65 370
205 218
20 145
152 471
199 242
13 101
262 279
311 473
114 293
29 74
216 340
141 348
7 60
323 411
1 58
168 255
118 209
41 346
47 418
220 443
35 344
378 472
321 358
72 177
194 455
172 227
136 383
124 156
182 201
46 439
49 102
93 274
90 494
241 412
193 240
35 325
118 257
44 106
182 214
322 335
264 485
372 447
10 28
243 309
388 428
32 135
240 353
108 420
324 343
187 325
101 261
59 157
75 429
50 246
104 233
141 475
385 419
25 456
151 161
262 448
362 387
279 338
36 133
156 337
137 142
123 233
251 370
104 294
130 148
0 209
91 324
119 191
114 417
198 485
113 308
114 227
298 419
408 414
172 407
225 401
125 249
223 484
150 176
288 488
68 205
304 330
31 345
298 443
97 254
2 208
43 220
147 405
287 482
123 416
199 223
197 222
119 369
258 475
168 264
80 346
14 410
386 450
212 269
64 113
110 252
13 305
196 252
325 423
399 406
6 469
53 287
52 413
65 451
264 361
59 151
118 223
195 428
103 260
202 273
246 343
67 376
168 311
80 188
179 336
189 286
121 335
94 259
94 214
164 206
273 292
357 446
27 32
476 495
285 439
9 425
330 362
247 419
43 249
202 422
188 378
83 319
192 387
119 470
73 365
155 301
101 227
194 384
262 273
187 248
173 222
1 218
78 393
103 146
228 426
350 457
140 175
58 158
128 470
359 388
121 486
300 316
231 416
8 219
325 375
229 482
83 200
38 392
77 264
36 336
50 135
72 155
178 425
289 368
142 490
430 447
230 269
237 363
212 476
149 332
149 391
49 140
50 207
111 329
52 243
11 467
406 409
16 448
139 193
95 171
145 298
228 422
161 266
255 270
144 187
33 154
17 308
49 86
402 490
175 391
140 361
175 375
84 108
171 318
190 311
172 318
97 295
370 396
51 442
329 431
12 87
267 456
221 410
8 332
240 403
131 325
121 233
310 414
151 159
79 368
4 239
56 380
340 459
10 414
425 432
144 424
329 432
166 261
79 474
223 288
452 463
45 364
340 434
315 349
389 454
210 349
99 252
135 476
265 482
283 376
14 486
82 416
100 293
485 496
171 199
112 467
36 352
174 305
254 465
440 446
269 464
237 343
25 187
121 129
276 464
257 260
128 422
148 335
339 450
360 384
61 241
267 352
277 410
69 461
84 480
63 398
272 278
215 437
3 185
379 461
152 354
80 347
150 357
358 479
405 432
190 445
109 182
104 224
184 368
464 477
20 491
12 69
290 419
56 81
5 373
77 195
291 317
207 298
208 397
157 243
119 434
310 317
124 135
265 431
199 323
61 463
263 346
201 332
197 427
18 46
344 482
38 175
324 384
220 232
131 265
29 258
306 466
73 398
181 349
233 394
20 74
268 407
23 248
329 403
107 333
1 45
101 167
76 345
281 431
52 239
315 447
125 198
79 210
113 133
299 315
84 342
143 435
22 172
133 224
120 277
93 349
178 204
53 279
197 488
19 109
122 314
113 213
153 472
144 335
353 485
388 436
4 136
45 434
167 445
490 492
43 304
311 348
383 494
284 432
225 461
123 436
243 379
187 470
405 477
245 356
157 352
258 383
73 497
60 211
42 298
252 477
234 428
39 495
185 335
20 158
174 449
295 374
47 61
433 437
41 336
3 101
358 490
33 258
17 104
50 88
90 203
95 150
100 437
171 310
126 197
104 161
196 383
286 337
116 167
217 223
163 421
188 311
380 497
27 261
7 306
36 143
84 353
422 436
221 434
81 189
180 185
25 302
13 47
17 172
397 415
2 499
311 459
160 262
98 251
236 483
188 202
74 283
54 375
313 460
204 378
156 172
115 135
161 417
285 454
313 493
121 346
19 341
59 320
353 370
122 378
177 211
30 171
43 254
11 485
241 364
368 416
140 412
282 286
49 135
8 417
88 383
63 150
150 285
154 269
70 172
3 405
310 330
17 94
80 259
75 442
187 234
456 470
38 220
26 381
232 442
275 334
102 430
73 288
186 463
402 480
188 498
156 466
12 365
308 410
98 429
180 252
78 211
304 390
309 387
253 498
315 480
101 134
51 180
172 267
132 173
217 253
137 267
28 167
52 226
49 199
197 366
106 244
380 467
451 474
263 324
149 464
34 47
8 67
186 407
222 265
183 352
205 284
13 421
5 292
291 464
282 424
329 446
63 291
40 170
81 376
226 478
131 212
96 219
136 373
178 258
127 187
220 397
181 367
146 447
268 418
44 385
291 390
219 491
261 404
111 491
8 109
300 478
267 486
141 294
86 199
80 139
196 368
160 184
1 28
49 459
213 440
370 399
143 481
362 412
42 297
276 370
85 375
137 303
171 344
348 465
183 214
34 252
18 125
140 185
74 200
165 172
156 256
173 490
251 467
107 353
206 399
36 118
47 228
246 278
363 389
309 487
125 409
131 324
127 290
3 419
375 410
74 492
486 487
0 237
172 369
218 236
243 402
75 139
202 447
202 363
262 473
108 284
7 16
445 451
108 222
115 459
18 355
213 475
16 347
57 290
103 278
115 389
451 464
51 338
23 384
368 422
235 340
121 146
170 436
79 107
181 363
106 338
147 391
69 210
317 462
302 424
256 364
29 261
246 485
32 204
149 351
7 55
119 153
410 483
313 334
188 385
154 424
74 402
341 437
34 171
251 270
88 388
387 458
73 237
30 371
68 283
46 298
214 341
168 448
296 499
291 387
11 326
105 160
95 294
147 284
122 146
73 92
332 460
205 443
307 356
38 356
23 37
282 402
65 436
161 253
366 475
43 338
47 95
107 364
109 215
22 495
63 320
358 375
13 477
201 376
80 397
23 443
132 218
17 489
143 436
445 488
433 493
132 464
141 193
161 288
230 447
41 401
303 391
255 331
44 443
43 449
256 294
232 243
140 188
146 328
184 287
30 67
59 378
274 373
138 192
147 294
102 253
266 379
335 339
462 478
245 492
429 453
124 326
206 398
78 134
154 270
211 413
207 332
273 326
304 396
302 479
118 437
48 303
211 406
107 449
270 468
253 356
72 378
362 485
386 407
358 465
239 258
112 193
208 425
263 362
106 188
55 391
56 452
117 203
156 269
230 492
333 343
310 344
29 134
1 478
49 150
14 456
99 379
203 219
210 425
118 146
367 451
300 407
40 498
250 298
37 486
145 229
147 305
92 98
141 464
349 356
35 230
384 451
169 440
138 366
43 96
131 169
326 347
116 325
36 320
244 382
299 449
216 230
355 450
393 437
28 426
213 468
63 165
194 368
305 423
119 293
17 370
9 170
32 36
144 164
166 193
17 152
243 491
226 273
1 184
258 287
171 356
75 192
363 459
223 482
214 353
335 338
57 307
78 149
21 249
261 493
233 381
147 292
148 298
40 291
291 414
191 314
5 279
287 480
63 427
146 351
77 489
7 398
92 426
38 437
406 468
159 322
62 72
150 390
145 162
98 281
299 438
208 403
269 354
127 251
338 415
182 277
87 205
326 337
8 147
235 417
90 298
72 255
12 294
128 476
68 470
92 308
27 340
206 373
357 449
72 189
370 475
167 381
108 226
409 472
97 370
173 301
7 105
178 466
121 423
88 475
73 429
148 274
376 399
99 383
182 380
150 202
155 477
183 281
100 343
242 342
140 469
308 453
225 449
145 439
59 203
427 456
168 434
55 178
129 326
324 422
108 177
4 89
326 463
126 214
129 432
162 311
34 457
257 277
37 243
181 463
241 254
45 124
12 31
234 421
334 338
54 273
7 471
8 118
32 33
99 298
87 152
357 398
2 412
251 448
56 355
252 394
345 413
138 242
209 482
167 404
222 406
174 215
18 272
111 350
135 158
289 320
365 393
63 318
50 416
177 219
226 397
246 455
232 472
370 406
75 242
244 461
76 451
33 235
10 214
241 413
38 294
28 399
58 390
128 374
363 482
258 279
431 441
90 439
10 196
11 155
368 476
119 375
131 395
223 415
25 126
355 401
345 354
38 102
62 362
298 456
40 208
27 83
79 427
85 350
128 182
27 47
243 493
247 410
4 73
377 421
16 356
36 314
78 122
210 284
51 237
50 239
255 376
240 476
438 487
211 285
89 243
1 149
203 403
298 486
140 218
39 173
32 427
111 220
192 461
100 252
239 430
85 461
114 350
158 263
72 237
85 138
104 118
140 327
117 165
240 459
165 381
91 295
274 432
156 328
135 286
44 441
36 372
145 158
214 355
307 455
187 358
14 31
256 299
299 402
21 264
129 477
129 455
6 461
111 319
137 286
17 350
161 353
474 490
146 176
243 249
66 144
11 486
350 461
457 482
128 311
116 277
18 59
11 449
140 239
181 254
248 447
263 277
10 381
58 154
116 387
35 143
275 458
147 150
35 471
3 252
39 177
325 486
114 367
23 291
123 434
20 226
178 496
157 219
121 333
54 121
99 433
246 348
164 253
63 112
6 106
109 364
225 319
83 323
212 370
168 173
64 146
397 495
64 459
250 442
292 458
24 289
113 394
155 229
426 469
40 160
377 415
15 279
173 306
80 373
379 407
144 317
173 281
48 236
176 208
18 446
358 363
17 115
175 350
114 487
108 139
36 198
43 282
80 434
224 356
153 318
218 471
354 476
338 471
333 406
19 375
189 354
369 420
158 374
116 314
105 188
67 489
48 125
154 423
243 362
113 315
12 160
97 436
106 273
387 499
233 298
203 226
153 314
141 209
277 403
51 183
349 415
187 440
263 291
467 484
337 435
249 494
84 129
339 386
90 421
365 415
162 361
32 46
49 196
21 236
73 345
37 220
198 231
194 398
205 433
94 392
309 324
428 491
448 493
120 139
16 129
128 471
114 275
140 256
1 217
4 225
76 92
131 159
138 485
447 466
19 140
345 358
103 395
114 187
17 303
4 248
53 449
174 369
84 301
310 359
159 445
116 485
44 222
66 130
340 379
264 370
294 448
160 490
398 410
141 389
79 190
176 330
148 472
18 471
243 289
83 281
258 262
18 48
68 164
283 306
278 292
232 465
26 232
105 338
219 386
150 313
45 419
294 492
99 158
306 391
83 265
122 297
15 134
245 408
47 300
35 370
352 402
39 85
42 232
389 474
128 287
118 466
136 313
17 127
377 410
147 487
1 278
55 210
12 173
379 387
433 497
225 414
8 100
274 438
85 362
3 83
157 340
327 384
362 371
194 302
448 491
264 394
70 87
226 365
185 436
103 403
251 368
285 418
292 297
334 345
74 256
177 301
355 416
446 497
68 414
421 491
112 115
373 390
121 174
40 350
165 398
88 148
113 187
155 280
195 425
354 395
17 259
54 362
413 472
228 318
4 221
305 398
320 419
103 232
186 401
255 306
29 48
173 337
316 472
34 499
233 427
100 409
237 325
68 201
271 420
79 89
159 326
345 498
223 327
255 301
325 457
141 413
169 321
128 467
84 197
160 306
119 365
19 300
31 406
141 243
123 429
89 282
95 472
75 193
32 449
284 286
5 135
94 383
171 455
28 446
135 387
353 454
19 478
210 361
5 343
36 267
47 200
249 305
251 393
112 381
84 276
204 237
104 147
49 494
458 473
59 420
256 477
0 357
181 392
126 332
266 269
241 308
227 378
190 458
60 384
125 194
263 410
154 473
136 318
17 383
144 304
67 349
459 460
47 339
18 470
55 363
247 493
299 313
0 279
358 485
143 282
151 213
165 460
283 402
34 153
259 347
331 477
64 235
218 425
86 367
214 440
55 241
27 341
172 492
264 402
137 437
131 486
90 248
86 218
4 308
23 246
312 350
121 236
0 382
276 277
65 331
245 430
284 486
89 499
157 358
35 382
90 165
313 498
127 294
214 323
108 213
141 377
34 304
152 269
6 488
324 462
56 434
8 41
128 191
88 374
139 374
281 392
200 348
172 464
105 291
13 119
328 459
22 269
114 175
285 409
199 219
132 445
353 486
71 80
178 317
95 416
91 393
372 434
83 181
249 388
278 390
454 489
58 454
25 270
3 288
91 497
405 465
10 138
44 318
385 489
316 446
271 368
111 287
67 259
54 201
209 275
190 322
372 499
132 487
216 491
226 382
272 481
168 417
217 299
4 130
45 251
244 423
111 292
156 217
81 304
65 304
189 340
94 199
63 71
73 152
110 314
44 442
241 284
269 445
115 481
418 474
291 412
125 297
185 437
414 480
21 103
379 484
42 90
9 124
349 464
92 97
355 391
33 416
253 462
283 490
73 395
218 488
43 243
86 225
128 166
29 469
100 291
85 442
184 311
89 422
219 461
119 245
124 318
350 369
62 449
219 479
242 352
237 415
180 244
121 151
88 386
165 482
198 313
38 139
232 446
73 387
66 209
3 197
25 49
166 266
33 182
7 391
294 330
384 418
312 329
116 121
34 426
49 358
264 351
106 449
240 484
313 315
54 247
407 437
354 457
149 248
190 334
83 162
189 400
265 430
442 466
92 364
230 403
172 223
129 492
7 348
48 407
68 343
24 285
121 318
223 314
172 247
131 372
198 496
249 377
262 352
390 472
203 217
244 378
354 391
234 282
257 472
147 326
83 177
56 488
83 453
148 485
137 379
134 233
105 127
126 310
48 372
222 274
8 151
16 282
25 325
136 418
107 400
175 356
14 47
434 445
285 429
91 417
417 473
185 325
430 443
76 215
91 114
51 187
106 374
17 81
78 328
59 184
13 275
29 266
10 43
100 447
336 392
0 446
329 436
105 212
87 260
182 293
85 376
248 439
0 337
228 295
85 430
159 273
172 378
49 380
131 385
34 72
62 87
58 434
141 431
399 467
34 181
190 479
60 328
69 147
120 431
160 219
68 210
30 58
24 163
207 393
290 317
360 374
116 193
24 335
3 435
179 231
329 376
446 455
73 477
347 421
163 382
187 228
152 365
79 391
82 277
299 451
217 441
422 424
220 432
325 357
4 303
342 494
73 260
291 454
25 355
70 171
224 364
377 467
50 415
376 445
0 316
8 472
177 357
192 421
297 309
12 122
51 358
262 472
32 117
432 474
217 471
385 391
149 367
76 298
419 476
194 494
208 238
119 129
367 401
193 265
31 446
4 311
2 233
48 223
147 382
38 370
234 411
209 377
192 283
11 479
84 246
1 124
132 256
31 335
12 180
226 386
156 200
256 292
2 453
82 261
143 292
188 217
215 373
161 180
80 264
443 472
271 416
306 419
116 216
176 271
110 219
175 373
91 385
39 428
31 207
84 315
141 260
419 462
21 426
205 431
85 130
28 73
44 393
140 485
123 382
224 355
282 369
188 234
62 284
55 93
4 499
122 493
77 363
30 251
40 286
294 464
80 172
211 330
396 482
276 442
154 488
67 237
38 276
207 339
329 387
375 493
255 421
75 476
130 157
347 384
299 321
7 153
106 112
5 54
458 493
175 408
46 72
146 461
273 447
45 146
328 411
0 457
59 301
115 378
29 408
169 473
94 136
36 50
224 234
231 450
400 499
177 279
309 323
11 23
21 440
108 380
11 140
92 197
261 430
83 118
26 212
244 393
189 304
301 448
125 247
57 259
139 144
89 100
37 53
191 278
250 324
114 177
162 359
375 465
212 223
61 158
133 201
316 454
70 114
399 486
386 491
288 486
377 438
230 380
84 320
25 419
106 441
44 366
34 493
341 442
69 333
67 372
55 196
8 176
177 276
45 286
145 297
296 309
188 256
273 424
314 404
217 259
315 371
135 366
336 355
121 386
444 486
19 29
295 426
200 342
191 332
132 272
114 247
308 498
439 443
48 121
57 347
170 265
226 231
52 185
167 421
137 241
423 485
64 396
271 333
198 448
111 145
54 71
190 308
55 451
181 294
96 336
211 270
269 277
56 262
109 435
32 187
128 497
160 382
159 192
215 379
275 424
51 238
112 232
177 307
67 442
25 177
329 352
127 379
127 153
174 255
263 470
278 433
44 213
454 462
261 307
21 222
12 176
177 374
308 392
353 432
20 408
411 447
212 216
111 410
7 390
22 189
355 462
20 172
217 330
61 170
345 351
135 187
103 323
293 461
23 315
92 336
136 311
410 430
215 458
228 344
151 209
231 253
195 449
131 230
132 289
181 372
29 91
147 245
31 460
55 383
62 437
208 422
48 241
37 320
7 494
274 277
75 287
287 354
221 287
423 480
46 464
150 449
374 406
447 461
33 426
370 430
170 217
29 368
64 436
331 339
270 418
295 327
189 383
1 29
116 146
79 254
405 417
30 138
157 190
11 307
320 454
233 310
234 307
281 317
115 346
92 473
67 417
66 287
180 283
110 285
259 424
188 382
201 398
224 495
78 242
275 394
316 324
136 166
71 356
363 382
265 469
31 262
176 262
128 289
118 128
22 186
409 429
189 442
151 181
189 267
11 410
241 447
74 306
120 487
211 325
181 492
114 143
250 432
37 240
381 493
82 100
15 79
30 388
309 467
19 146
309 375
212 497
32 229
149 216
137 391
284 348
121 468
24 95
381 457
212 498
344 480
2 32
46 118
249 399
104 479
162 314
117 207
190 391
252 494
18 243
2 242
37 297
20 478
293 462
279 443
80 356
24 154
39 375
100 407
378 395
286 317
217 279
229 438
347 452
184 478
111 459
26 133
466 471
385 401
195 468
66 440
65 325
395 402
99 323
192 278
193 497
160 416
246 477
116 306
76 181
3 289
195 196
98 360
365 493
317 386
36 101
331 383
227 363
443 454
20 328
259 462
163 467
22 140
61 357
10 35
210 495
61 99
116 302
214 349
129 290
147 474
83 134
136 192
225 481
81 106
258 323
134 143
82 444
452 481
126 158
327 392
181 482
20 457
267 479
30 401
344 345
97 201
259 326
2 278
155 162
81 354
243 297
143 371
137 150
182 384
323 362
264 337
40 119
124 290
242 484
3 376
51 302
319 498
179 361
129 377
105 238
52 431
299 404
401 412
166 452
407 429
212 358
85 265
3 453
221 447
297 459
398 438
0 284
433 462
28 321
43 210
61 402
246 347
248 279
37 329
187 272
277 349
311 326
172 286
69 185
113 330
127 262
87 213
282 453
88 351
449 478
120 301
10 285
103 293
329 414
337 385
274 320
293 382
168 224
174 251
27 410
236 346
265 293
76 250
18 351
108 441
383 447
109 312
57 173
286 440
443 471
180 275
167 236
376 440
258 320
141 188
84 186
58 242
27 461
80 109
81 451
37 455
39 296
51 99
351 419
346 380
375 454
77 462
247 440
114 419
421 486
68 454
68 294
59 410
49 465
283 367
65 476
151 474
60 162
142 241
145 482
225 275
76 343
273 418
152 345
207 263
350 408
248 269
164 355
128 199
210 479
344 492
260 314
208 439
4 66
16 288
463 488
209 236
55 323
354 367
198 469
26 433
225 375
137 191
1 267
386 479
12 286
314 395
154 291
212 438
87 90
349 469
171 209
36 301
82 164
366 487
188 315
184 231
289 381
265 353
142 172
184 278
227 323
276 443
10 82
389 489
346 496
27 377
340 465
21 72
37 73
33 109
198 346
310 412
201 465
180 476
38 133
191 222
141 258
463 478
140 267
29 296
33 387
96 249
284 354
70 132
171 374
135 321
41 478
87 357
346 485
24 177
393 405
94 472
36 204
264 422
39 69
18 232
282 347
31 223
287 382
221 347
452 480
90 140
90 376
81 302
175 322
4 473
188 220
44 103
133 268
184 268
277 287
127 267
31 276
142 168
445 481
39 361
387 493
131 294
76 376
381 408
54 489
169 182
122 461
21 420
102 268
94 131
396 430
60 312
374 383
468 477
161 239
163 275
166 461
49 409
131 282
160 162
44 338
443 490
146 392
355 399
320 334
61 262
339 460
293 398
238 386
43 397
148 462
335 366
16 177
407 444
64 476
83 340
55 297
27 486
105 361
76 357
216 293
24 201
220 473
128 488
221 400
364 467
70 334
6 55
154 298
195 254
117 384
358 482
315 414
194 335
337 460
6 193
214 229
3 98
93 227
69 479
337 371
45 46
119 211
212 234
360 424
94 495
56 232
230 480
301 434
136 257
422 447
46 166
24 361
319 405
171 336
105 142
104 332
161 192
197 261
93 102
182 252
23 336
220 491
198 335
84 238
20 437
446 451
6 397
34 429
193 249
45 381
191 460
168 476
277 426
20 196
353 448
93 177
177 423
417 454
49 395
48 326
447 486
20 96
62 370
193 330
176 179
91 352
222 411
87 159
215 459
28 395
249 448
51 459
31 179
384 487
291 416
32 110
123 246
129 300
33 97
89 394
170 470
356 478
120 236
101 340
116 362
326 329
41 302
199 287
166 349
437 441
263 319
124 184
77 251
191 267
160 436
93 171
63 322
332 399
31 421
51 64
249 432
311 322
30 305
189 477
113 238
121 383
369 437
2 136
36 339
335 451
406 487
411 432
161 256
389 476
58 184
461 498
316 397
294 350
161 257
296 316
183 359
216 255
224 297
306 458
178 489
207 281
268 472
36 467
209 316
114 131
