500 2955 1500
22 11 18 9 25 12 24 20 9 18 11 12 15 18 17 11 6 5 22 20 20 7 22 10 25 14 22 20 12 5 20 9 14 9 9 6 17 7 22 6 16 6 19 9 19 21 6 5 10 7 12 10 10 13 5 10 25 9 22 14 11 9 21 15 22 17 8 25 25 13 5 24 14 16 6 10 11 5 9 14 6 16 6 22 20 6 16 25 25 14 17 16 13 23 21 24 24 7 10 8 20 16 22 17 12 10 22 6 24 19 8 14 20 13 24 20 19 6 21 19 21 16 23 22 6 5 18 25 17 11 15 21 24 22 12 13 11 17 25 15 13 15 8 21 17 16 8 21 8 8 24 6 8 13 10 21 19 6 17 7 19 7 14 22 15 13 11 22 10 10 9 10 18 25 23 11 25 15 9 7 5 24 13 20 24 17 8 20 7 11 18 16 11 14 20 10 24 6 20 23 16 6 10 14 6 13 16 24 9 5 15 9 19 19 16 9 19 9 25 24 13 24 18 8 23 10 7 12 21 20 10 13 25 7 7 10 18 6 15 11 20 10 17 21 25 16 14 25 10 12 8 7 5 8 22 23 22 8 19 8 9 22 18 12 12 13 12 14 23 16 21 8 19 19 6 13 14 20 24 10 12 16 6 14 9 8 25 24 8 7 14 18 15 25 14 21 21 17 12 20 15 12 10 25 19 23 12 21 7 12 16 12 11 22 14 21 23 22 7 12 12 25 11 17 7 6 18 11 21 5 6 6 22 21 11 25 16 21 11 8 23 17 6 14 20 23 11 6 24 11 22 17 18 22 5 5 5 8 16 7 11 21 18 8 10 12 13 21 11 13 25 24 9 5 16 22 11 17 12 22 25 7 19 24 14 6 13 24 25 25 23 11 11 21 25 25 10 25 18 15 19 12 17 21 13 23 14 11 25 13 5 23 17 10 11 24 22 8 20 9 12 13 6 16 16 24 13 15 25 11 20 18 8 6 9 11 23 12 21 13 18 18 23 10 15 5 21 12 8 18 20 21 24 11 9 10 9 18 14 25 22 13 9 23 23 25 19 12 17 10 11 11 19 21 20 23 11 12 9 10 20 25 25 19 12 16 22 13 7 5 9 7 20 23 18 8 14 18 17 14
3 10 7 3 16 9 13 17 7 17 7 9 8 5 11 10 11 7 6 18 17 8 5 6 14 11 18 20 6 17 13 9 5 3 8 18 4 5 9 16 13 7 18 18 9 5 3 4 5 5 20 13 13 12 6 20 3 20 10 4 12 9 3 20 14 3 4 12 18 8 7 20 18 9 11 8 12 18 14 20 19 16 4 4 9 16 10 17 10 6 15 8 9 16 11 10 20 14 12 12 13 3 16 15 7 12 13 12 12 18 3 10 6 12 15 6 16 15 8 6 17 6 7 9 19 4 7 19 11 9 12 20 13 11 16 17 6 13 7 20 9 4 18 7 3 10 11 7 3 5 17 6 11 16 6 11 6 4 7 8 10 5 12 11 12 8 11 15 12 4 3 4 4 9 10 16 3 7 19 11 16 7 14 12 12 10 13 4 18 10 13 19 10 18 12 19 15 6 8 12 14 18 6 20 5 3 16 3 6 4 20 8 3 11 11 8 16 12 9 12 11 9 4 4 19 14 16 6 12 9 17 16 16 14 5 13 15 11 10 7 14 15 13 5 12 9 3 5 16 13 14 20 9 18 5 3 15 13 14 5 4 18 14 18 8 17 19 13 5 20 13 13 4 10 4 9 5 14 5 8 12 5 6 20 9 6 15 3 4 5 11 13 3 11 5 7 18 8 6 9 11 10 16 19 15 4 3 15 8 7 16 13 11 4 10 15 16 17 16 16 7 13 10 15 11 6 3 7 19 5 7 20 11 9 13 19 7 5 11 20 6 20 11 7 17 13 7 15 15 20 19 20 20 4 11 15 9 13 9 3 10 4 16 6 4 15 13 18 7 7 4 19 9 16 17 20 19 9 4 4 19 18 11 10 3 13 18 19 8 3 15 15 5 17 14 9 18 17 20 3 15 18 11 12 4 8 5 17 13 10 3 13 3 4 7 10 19 8 3 8 10 14 11 20 20 13 9 6 17 4 7 3 17 19 4 17 10 13 18 9 9 9 8 11 7 15 9 10 15 6 6 9 8 13 15 20 8 10 10 5 3 7 19 14 20 16 10 10 8 8 6 20 12 6 8 8 15 20 11 19 19 9 18 9 8 5 4 19 14 17 11 11 8 17 12 4 18 8 17 13
175 271
120 260
140 462
124 320
31 85
71 252
42 56
47 188
7 281
282 436
79 196
394 482
166 187
165 389
87 305
105 435
406 441
281 348
160 472
32 317
205 373
43 249
65 313
64 158
240 486
281 455
119 498
207 314
10 356
73 457
123 385
288 488
84 282
195 384
153 216
5 411
309 446
25 99
141 221
196 316
290 485
352 378
128 353
83 386
348 458
42 78
406 411
351 414
436 487
96 285
183 427
26 415
292 466
162 226
23 353
61 436
107 152
50 464
16 379
223 274
7 258
114 427
209 310
3 113
194 319
134 456
342 387
127 421
36 293
308 489
55 319
412 482
211 351
97 177
344 388
110 469
185 458
53 80
115 391
188 421
273 424
38 203
355 465
183 444
365 390
64 91
427 456
41 62
26 90
324 464
42 295
318 425
321 380
105 360
155 275
215 259
307 348
273 388
110 188
245 409
17 64
69 461
87 397
6 124
114 486
148 458
110 407
107 378
304 490
177 349
50 399
288 469
75 120
109 222
34 378
372 382
33 335
243 474
124 286
190 482
142 498
75 460
213 268
6 120
54 161
383 413
189 312
147 369
73 330
10 398
174 478
44 123
22 228
280 333
57 151
105 332
111 404
231 277
173 199
141 164
123 338
198 276
246 272
399 477
57 124
170 196
16 498
54 289
233 494
174 265
339 471
136 459
145 244
55 311
92 214
41 126
164 475
126 197
94 315
24 204
274 397
117 227
37 206
134 435
205 325
257 356
66 94
389 431
36 466
54 404
22 412
3 470
6 299
30 220
63 144
385 454
92 168
163 390
230 330
266 275
222 302
84 344
253 274
99 277
9 142
124 261
16 445
7 368
344 489
329 444
309 419
218 260
97 411
162 212
104 279
104 369
315 483
81 364
305 350
265 445
221 274
282 309
284 453
390 465
257 430
416 445
119 183
31 340
310 409
14 460
393 427
321 359
52 179
306 403
50 89
190 458
34 430
291 327
152 402
152 233
379 436
89 396
221 342
49 443
266 463
228 263
134 329
76 80
0 318
177 196
312 334
83 441
107 289
238 488
210 216
163 467
322 425
84 304
43 483
381 471
72 393
3 440
170 260
73 444
204 253
126 402
393 397
176 288
314 359
202 378
88 150
72 262
86 194
28 174
37 62
77 349
160 206
417 484
120 133
194 333
176 222
141 412
260 324
226 392
227 438
139 499
158 448
332 343
35 170
42 55
367 377
136 157
29 371
291 481
96 338
53 222
173 354
85 314
406 483
91 441
168 382
13 417
137 350
42 85
261 456
80 192
198 231
145 272
102 114
91 189
196 233
27 439
209 447
92 135
72 127
133 406
0 44
189 416
77 417
261 389
179 240
176 181
387 428
191 477
422 468
355 414
86 87
195 295
3 87
153 448
307 411
80 197
172 441
285 447
104 254
155 417
187 233
204 397
106 421
127 435
292 312
151 264
205 420
152 350
89 185
277 389
365 428
92 257
234 453
39 106
417 489
414 455
121 391
79 191
198 252
265 485
39 148
164 312
272 391
392 456
198 203
285 467
155 399
444 494
27 378
352 475
135 223
13 426
168 320
201 336
466 478
204 463
94 336
2 10
176 449
111 172
156 276
142 268
310 375
354 362
329 410
128 213
225 287
123 281
308 454
30 67
74 417
94 134
16 490
301 485
23 333
348 431
201 267
150 291
193 405
1 396
170 338
211 305
29 254
473 496
136 325
17 464
422 491
130 496
127 255
141 229
144 294
124 418
383 479
311 350
48 118
24 370
313 434
132 486
153 455
215 243
1 257
35 333
166 394
173 495
207 380
37 241
144 325
55 290
65 67
7 396
392 408
283 396
297 480
81 155
33 434
303 356
470 494
39 73
139 180
346 348
377 406
290 377
131 459
36 317
44 465
67 205
164 437
202 246
61 363
78 187
346 456
215 246
23 129
221 449
322 382
234 470
141 259
135 331
47 86
35 480
238 264
28 437
217 314
70 107
102 160
289 394
151 490
265 392
94 239
17 26
364 392
323 360
70 217
422 453
188 436
203 436
240 473
274 480
34 364
165 455
306 418
273 425
150 240
20 65
191 229
175 362
403 481
101 127
333 368
243 453
163 363
245 486
166 329
230 304
4 365
92 374
466 496
446 480
231 469
22 53
24 305
130 175
338 429
31 480
287 387
44 308
48 387
227 465
74 310
83 193
45 365
421 437
5 109
149 356
57 62
397 406
12 67
2 83
110 429
240 258
209 438
282 433
14 205
329 419
343 376
208 426
365 429
341 396
231 413
122 402
184 333
63 287
183 260
255 337
411 466
150 206
92 337
27 93
260 434
425 495
319 460
31 166
321 374
69 345
422 428
64 78
82 482
282 302
147 199
220 407
204 234
245 432
365 485
21 166
274 295
12 448
111 245
191 197
111 292
59 203
166 349
233 376
117 231
0 139
78 367
256 374
99 334
63 170
160 305
4 242
295 463
176 357
250 291
28 255
15 411
429 430
7 335
231 260
22 271
226 487
61 218
373 432
81 469
330 477
136 476
119 165
295 333
57 406
46 73
113 235
166 495
189 427
125 221
96 138
392 429
153 209
64 187
186 210
295 312
65 376
364 484
141 320
129 149
31 83
246 481
26 428
164 383
228 453
217 326
167 270
340 342
87 322
241 336
279 474
126 175
180 454
185 393
355 392
147 438
105 124
259 374
56 93
170 188
157 329
315 372
141 410
338 351
104 436
195 416
192 281
278 346
299 451
292 394
149 462
223 467
206 343
73 292
64 484
148 463
40 187
145 436
175 489
8 371
429 461
206 383
222 375
199 244
292 351
212 485
189 239
138 266
110 322
65 390
8 388
326 445
175 374
256 415
444 473
158 226
55 96
86 88
326 376
223 292
136 353
248 375
122 164
248 361
339 384
95 454
112 153
61 192
23 114
280 375
239 251
282 449
55 326
55 466
199 401
245 484
117 235
418 435
82 280
250 354
146 242
8 260
130 241
160 249
407 416
12 307
26 150
196 269
132 139
139 229
281 350
36 174
19 95
35 408
339 426
430 481
276 497
90 493
258 449
298 314
210 266
38 280
4 171
284 440
387 412
15 74
247 478
151 302
86 452
354 410
35 491
162 289
38 115
105 381
78 336
29 487
429 490
37 331
227 485
126 346
207 486
34 192
203 268
52 258
130 294
306 454
140 308
50 406
36 296
67 72
209 296
254 311
193 455
401 499
369 372
240 449
279 288
67 442
7 286
82 413
158 212
145 353
42 288
173 251
276 335
177 280
406 408
388 401
2 404
195 495
59 385
159 181
252 360
443 474
90 412
362 415
77 472
95 429
313 394
224 282
26 327
29 374
86 400
58 83
18 44
65 142
51 262
281 479
281 384
93 229
171 428
289 442
105 358
205 358
338 357
434 460
280 330
49 307
190 358
340 394
44 100
236 387
264 499
55 79
98 310
172 262
402 499
279 388
424 449
14 397
179 202
98 141
339 410
101 398
234 357
397 476
55 490
287 349
64 401
22 350
170 474
118 364
329 341
27 63
177 214
149 287
56 302
22 424
112 165
194 218
117 496
74 397
64 340
2 209
154 375
23 224
263 429
80 151
134 313
165 378
125 201
264 297
29 238
389 482
361 438
161 480
144 161
341 425
256 456
5 279
57 356
25 240
128 478
34 449
74 157
48 241
197 233
189 297
257 495
80 155
162 342
31 315
168 328
232 349
38 465
46 307
11 387
335 490
363 493
149 457
426 445
134 391
306 469
143 491
56 267
231 320
27 265
29 53
155 312
91 102
16 30
36 306
162 313
312 473
167 351
193 320
242 492
139 457
377 464
197 436
174 379
154 271
416 469
122 468
38 362
90 326
180 397
162 202
317 480
39 102
161 231
60 126
12 488
378 465
34 312
234 252
284 399
319 443
420 445
44 476
33 361
370 390
217 321
118 210
48 442
121 202
95 466
31 48
92 466
240 458
197 256
35 204
48 407
356 419
46 242
397 431
377 409
305 421
140 313
44 258
335 415
149 288
354 406
337 358
215 299
320 455
46 217
129 262
130 135
194 252
271 428
103 156
222 255
130 340
300 426
389 467
92 252
112 420
19 456
23 182
276 368
240 406
69 447
311 362
52 403
24 295
83 417
30 127
13 331
271 449
250 325
177 405
173 267
2 23
151 353
20 183
299 489
316 319
186 338
115 369
253 350
193 266
91 364
247 335
212 383
272 486
123 407
94 243
163 349
69 212
262 283
86 467
246 374
201 292
128 207
52 395
12 484
61 411
44 448
261 410
10 247
244 295
432 460
190 369
160 430
41 86
118 367
32 212
54 201
135 358
200 396
219 269
124 184
90 250
290 314
224 386
194 465
325 480
27 142
321 399
16 149
162 264
93 135
100 264
213 343
171 280
366 418
86 325
368 495
101 309
258 466
128 295
86 478
182 406
20 367
289 446
161 390
195 204
139 142
0 172
143 368
178 284
117 239
223 277
81 291
451 491
466 480
3 85
214 400
227 286
472 490
230 300
62 368
212 433
236 498
54 439
72 144
156 346
215 354
286 442
117 269
179 338
153 201
48 58
274 278
19 340
202 365
101 430
185 191
12 34
178 223
144 430
78 197
78 388
307 499
3 426
77 354
195 312
33 448
190 412
249 465
176 340
148 153
159 409
348 352
135 154
110 437
147 259
255 308
217 382
96 245
25 393
236 389
290 334
106 146
152 482
374 415
286 469
215 424
1 368
291 379
180 475
6 142
103 457
259 387
92 241
208 282
151 176
167 322
103 320
2 220
116 389
87 483
187 260
198 246
222 339
70 382
399 440
203 398
307 308
151 248
140 412
182 497
62 71
334 399
254 455
14 309
224 362
367 389
56 75
91 381
212 290
153 485
43 211
303 474
456 495
143 489
79 90
75 308
294 373
74 268
6 284
63 121
74 326
446 495
64 238
88 325
192 339
57 89
302 480
65 147
388 453
300 346
351 450
209 499
53 262
102 444
159 237
124 342
105 420
46 356
9 174
341 387
0 431
183 351
289 306
92 115
73 116
204 387
71 360
161 443
1 361
452 480
231 401
52 98
153 473
135 400
46 208
137 346
320 337
104 413
28 195
123 318
47 184
159 349
272 488
86 265
49 394
312 385
4 6
173 456
32 253
24 472
0 12
159 321
390 399
45 407
93 423
202 448
140 415
21 60
75 437
37 317
266 499
352 414
82 194
241 257
59 368
136 458
39 82
272 442
237 380
319 324
60 237
354 446
188 383
378 448
10 497
49 74
15 333
78 135
129 428
270 421
96 451
88 189
148 290
423 429
137 389
231 296
48 210
101 490
350 494
9 163
39 375
218 242
9 381
427 439
429 491
30 149
330 474
96 232
33 453
163 201
57 79
87 246
49 190
26 489
30 375
64 98
58 230
155 278
10 265
172 460
42 116
181 313
30 286
8 163
111 286
19 435
13 115
52 194
5 406
76 152
232 294
263 354
47 195
108 142
243 417
260 297
214 427
342 448
215 340
115 140
15 406
63 374
22 400
204 413
4 300
76 93
26 365
117 140
13 282
229 363
382 399
182 184
269 474
296 297
5 465
184 437
175 313
160 437
133 268
67 429
341 349
277 461
286 368
18 159
284 379
108 287
285 422
402 479
242 337
151 303
8 305
173 316
360 433
125 433
12 263
91 443
272 461
184 492
83 302
115 161
283 486
88 166
121 161
250 339
284 435
65 413
98 102
224 269
26 344
92 448
199 410
134 281
304 344
29 367
26 304
299 473
180 228
43 202
289 482
186 209
203 394
101 286
256 458
15 76
19 166
324 402
187 239
4 183
90 154
265 369
407 433
66 140
0 10
254 267
309 427
171 318
29 498
455 482
368 374
111 239
341 482
120 220
108 187
126 385
187 294
65 330
74 475
33 368
93 443
137 351
414 431
232 446
68 216
23 439
218 382
155 340
355 380
215 479
132 310
18 460
12 172
200 344
104 133
166 296
131 172
59 116
30 232
135 456
426 473
9 160
245 422
163 457
188 457
211 365
291 403
80 322
150 397
364 455
265 276
25 387
25 472
50 498
21 339
149 193
17 271
22 124
95 308
130 388
40 122
228 328
199 281
68 93
207 210
164 233
299 360
348 393
263 346
17 257
59 248
115 474
81 483
35 49
197 282
226 242
261 298
110 412
249 384
11 447
148 274
169 488
300 341
168 341
85 405
50 299
16 276
53 85
89 110
151 429
72 409
212 285
346 497
23 179
56 335
142 364
100 368
479 482
80 425
54 416
13 166
212 456
95 441
327 488
196 280
397 466
15 178
85 345
58 203
359 478
198 307
160 420
262 263
188 473
60 276
167 391
160 405
308 331
35 442
382 454
300 414
199 467
208 270
28 282
71 231
150 172
29 490
245 312
246 478
184 247
267 321
293 442
79 387
190 196
180 226
221 423
73 167
15 270
214 297
194 240
21 245
176 452
96 427
71 423
147 338
189 281
236 341
187 439
206 240
308 392
26 487
177 245
183 407
59 305
201 477
66 410
272 368
62 294
394 493
70 371
409 465
126 183
119 292
100 436
219 491
79 131
34 477
203 491
406 491
335 473
170 313
89 130
282 427
202 479
338 465
20 495
129 314
371 401
155 158
262 284
324 465
402 441
4 470
261 350
48 243
54 312
267 276
419 429
47 127
122 156
257 270
12 355
414 492
86 355
310 346
218 274
115 423
12 59
124 276
40 341
26 200
352 360
94 136
340 411
138 155
141 201
33 106
85 488
41 203
180 205
144 344
153 321
175 192
116 310
276 277
175 216
20 364
36 106
242 358
347 495
0 200
57 236
19 93
245 340
38 211
69 364
265 296
39 280
170 216
18 36
27 428
67 335
86 382
11 18
185 194
220 398
161 202
181 331
239 375
73 393
74 120
222 300
349 423
408 486
22 88
113 441
76 412
244 472
413 430
39 114
67 323
51 147
41 182
391 485
7 371
320 399
67 365
315 457
191 223
208 414
21 405
29 242
85 397
170 334
187 465
256 491
143 165
161 391
408 453
82 314
231 463
191 445
0 70
149 499
95 313
456 493
289 304
229 350
147 299
235 351
371 446
88 109
206 300
32 265
73 423
174 403
115 387
76 442
341 457
333 400
88 186
21 341
422 473
90 181
121 132
150 268
52 215
210 467
4 493
284 404
236 466
22 284
241 340
242 445
81 481
171 222
16 449
233 442
91 327
105 324
79 100
95 122
156 229
167 473
262 365
221 355
306 419
120 165
315 415
183 455
73 385
122 465
149 483
158 353
153 363
408 454
392 470
105 274
141 166
57 196
310 313
303 375
92 279
287 363
247 446
83 434
55 219
66 206
48 258
354 443
106 143
133 255
322 356
175 245
16 271
44 122
2 55
178 457
25 60
129 284
64 213
233 250
66 392
53 398
200 237
172 261
374 484
50 205
129 415
282 484
186 447
182 458
39 117
286 337
75 386
93 220
133 298
107 357
108 260
8 225
225 345
68 136
440 492
218 490
18 72
145 184
69 377
209 344
20 85
217 452
162 223
153 367
74 433
100 266
334 414
431 496
146 425
121 369
215 494
252 328
320 408
363 481
115 361
208 402
25 106
368 484
382 410
142 186
217 453
80 236
131 250
295 361
7 447
371 419
186 332
182 251
263 270
300 343
144 304
34 116
108 200
118 166
29 335
173 378
14 280
358 363
55 242
59 250
330 386
362 383
0 381
27 48
252 400
129 159
5 145
57 230
170 361
304 423
66 445
61 136
199 201
144 407
28 410
11 443
45 184
17 434
60 154
196 417
102 303
130 396
138 241
2 231
63 130
162 165
462 481
367 369
116 218
36 70
57 490
201 312
461 470
396 427
11 361
157 293
76 308
39 121
34 103
282 396
328 411
86 216
168 361
118 396
53 427
52 233
9 246
212 396
175 349
146 279
233 425
391 392
264 330
98 109
375 440
134 238
18 82
33 130
190 336
100 410
200 360
140 476
168 311
105 482
161 218
32 273
78 341
60 246
38 449
433 494
70 450
283 435
7 367
208 465
216 481
31 133
7 165
33 475
198 245
305 433
28 115
297 484
254 336
419 437
332 485
136 269
98 121
134 146
387 446
285 409
259 266
313 471
38 334
328 414
489 494
37 338
357 442
248 450
163 272
23 411
100 400
359 451
178 252
103 389
173 215
67 211
190 325
50 295
195 423
258 324
317 435
82 181
322 469
66 371
281 471
131 429
141 408
94 143
138 424
323 489
226 377
294 441
108 382
245 383
179 405
201 357
23 116
360 487
394 453
79 202
144 182
99 190
370 439
240 379
48 174
175 352
107 290
418 480
196 213
50 370
146 296
144 176
156 463
22 273
36 109
19 204
253 499
259 384
157 480
53 368
387 475
60 223
70 412
249 486
57 65
120 179
64 405
229 402
27 126
211 346
69 348
84 328
452 476
14 31
3 190
48 212
80 328
34 49
202 458
165 498
255 472
409 485
101 396
319 494
175 280
340 410
273 449
84 479
41 462
16 28
335 354
112 174
58 251
81 296
137 454
116 494
336 404
42 491
10 103
255 499
215 326
298 357
333 480
148 202
62 196
96 244
92 235
134 412
63 312
75 171
15 282
114 238
124 210
169 494
188 313
238 286
84 151
59 153
301 430
237 399
32 133
97 261
139 446
407 444
102 415
42 140
141 367
226 311
69 139
21 367
49 257
347 437
311 417
132 272
146 478
163 352
23 144
94 269
56 124
76 103
259 491
44 462
11 127
204 375
268 370
180 462
330 444
37 490
5 314
9 431
36 95
151 391
330 397
26 262
45 157
54 485
292 479
115 471
72 157
345 361
152 447
66 466
110 272
205 364
214 370
60 385
196 370
231 280
203 448
113 445
375 392
235 356
67 457
134 330
240 366
236 290
0 422
343 445
25 216
159 449
84 315
81 124
28 99
283 419
178 339
208 473
155 276
332 491
9 64
130 147
191 407
66 372
194 396
378 440
323 496
259 264
1 371
135 231
172 187
125 348
482 493
162 331
89 133
73 459
90 348
401 461
167 273
162 489
17 437
6 330
402 466
134 169
30 176
12 69
176 213
254 418
51 477
15 124
257 273
195 213
197 481
39 266
23 143
313 482
20 249
344 352
29 460
180 263
156 427
268 319
155 416
137 453
37 479
228 447
152 324
352 391
372 460
290 400
50 275
67 360
10 364
48 291
378 495
138 322
46 447
210 342
446 470
322 491
38 496
66 157
215 376
6 289
408 420
449 485
247 498
152 443
88 399
125 427
386 487
81 294
180 200
239 439
84 230
114 117
139 236
265 352
139 353
299 321
100 473
128 332
31 380
253 477
280 371
208 449
31 79
182 193
101 361
85 353
82 456
9 334
221 285
321 382
10 427
89 328
187 339
275 371
166 229
115 137
380 452
54 151
4 475
290 464
87 463
62 376
28 49
114 337
175 253
311 317
77 368
421 474
26 57
170 437
109 209
222 401
478 499
109 233
2 203
164 422
40 377
76 248
289 386
36 158
332 497
264 414
45 195
422 434
137 402
193 273
265 422
333 496
227 415
18 363
89 365
137 409
41 70
20 214
211 486
270 470
84 166
229 406
455 490
65 486
201 409
89 312
385 463
129 304
129 204
267 308
175 199
289 361
397 403
243 421
95 355
283 371
383 403
314 341
109 257
13 310
133 279
235 263
3 435
241 413
188 428
6 123
357 398
399 434
175 241
139 350
75 215
61 405
34 492
171 277
244 458
244 408
182 350
8 94
228 302
19 250
17 361
261 318
252 361
284 411
351 391
312 402
39 392
369 433
296 440
122 235
135 480
50 402
303 467
187 223
338 369
41 449
135 185
156 374
60 221
244 316
29 50
117 350
229 483
340 407
56 365
364 418
406 462
229 421
243 426
448 463
31 165
275 403
131 365
1 124
292 355
147 351
48 147
214 365
69 123
285 326
134 492
447 498
214 255
281 409
415 447
262 380
110 452
35 347
295 341
67 149
113 286
120 384
271 440
23 440
379 492
106 141
159 274
154 266
165 351
316 447
62 398
261 323
241 434
177 391
147 341
200 408
111 165
78 306
59 476
89 409
256 482
277 399
109 228
239 240
185 331
343 452
1 170
16 495
356 457
21 301
0 462
90 375
168 238
221 465
139 218
157 455
252 342
180 451
40 330
103 450
240 313
156 327
147 230
11 311
336 485
69 368
419 456
189 190
149 278
104 464
255 394
24 494
9 299
94 286
196 385
201 280
173 397
144 305
377 481
5 27
41 437
143 301
204 235
61 114
8 288
200 474
212 415
350 411
17 295
148 152
146 379
104 421
16 175
174 233
250 448
50 440
144 390
19 75
335 440
155 311
92 111
208 252
142 153
137 239
37 416
63 124
58 388
117 220
18 30
118 170
66 229
246 343
63 116
208 448
337 349
287 360
154 155
412 430
53 109
324 461
62 414
97 378
33 338
273 324
9 289
61 273
60 474
190 436
266 408
212 239
95 296
286 436
32 428
385 407
221 488
373 448
78 234
83 104
277 337
256 367
88 297
86 453
189 482
23 357
183 312
147 420
284 454
219 402
135 493
376 409
65 432
376 464
227 420
99 372
14 111
114 251
106 305
63 70
169 216
131 314
109 472
99 113
112 346
342 482
318 445
258 448
159 326
100 347
6 282
42 237
31 268
273 329
117 125
215 445
22 471
173 437
134 468
322 490
185 310
355 376
67 68
75 150
195 494
8 482
143 349
232 378
113 424
108 449
40 391
255 467
248 269
135 449
257 298
98 375
164 338
308 350
319 457
54 307
43 104
53 400
121 317
342 384
37 178
440 491
195 418
324 354
85 151
73 280
151 206
345 462
68 248
108 378
476 477
219 441
294 367
199 329
24 135
32 85
382 422
192 234
59 261
74 262
37 377
148 301
70 204
6 121
17 134
73 327
182 464
63 321
232 239
4 419
307 464
16 86
153 273
186 306
174 413
44 452
439 467
113 203
335 461
149 344
114 287
211 366
222 427
83 269
237 337
128 330
58 326
93 338
104 258
2 204
254 291
393 474
118 424
17 373
320 323
47 220
108 470
46 85
281 345
198 242
172 276
67 177
102 344
42 187
191 455
229 377
275 429
14 272
346 492
57 343
161 423
376 481
101 128
227 421
294 391
390 391
207 301
238 313
138 494
86 210
5 169
444 457
200 402
298 484
85 161
65 335
204 271
104 320
123 316
18 78
132 284
178 343
203 270
191 265
451 466
85 224
105 319
72 378
219 314
16 477
307 466
22 275
108 406
30 452
72 169
154 329
104 226
425 499
347 472
6 324
307 444
62 486
209 306
98 105
14 258
122 339
65 473
362 464
175 426
191 311
240 295
97 370
185 378
69 278
34 152
452 491
292 301
450 488
295 445
92 327
49 217
141 455
174 396
194 302
222 362
438 493
134 398
458 481
153 259
420 470
206 371
131 318
43 140
95 364
112 499
107 172
220 247
173 180
119 217
28 252
114 170
168 244
20 421
227 474
297 450
147 260
284 468
327 359
5 451
134 341
288 468
190 469
124 290
369 498
166 208
286 369
320 380
487 494
349 430
141 158
286 452
21 246
231 333
215 237
85 374
374 409
96 290
278 335
459 477
321 381
58 272
89 272
74 195
77 245
306 406
422 475
270 359
450 499
13 229
280 474
261 433
219 407
26 263
9 149
226 402
143 295
122 334
239 396
28 330
198 323
361 470
172 322
133 302
220 344
119 352
434 437
9 351
172 228
143 313
17 379
103 328
246 365
244 480
37 219
167 283
87 297
64 93
279 431
307 338
122 424
263 388
127 227
3 91
246 454
104 406
145 492
206 286
257 360
292 452
199 210
389 488
28 162
20 175
18 75
176 433
64 362
132 351
305 465
82 425
41 103
188 240
178 209
8 125
235 274
233 396
87 198
54 442
98 116
339 453
96 114
269 428
236 388
14 57
253 446
89 285
168 477
444 450
227 395
165 301
311 360
67 265
118 477
241 332
34 429
320 332
48 216
298 377
44 225
256 435
187 251
279 470
63 458
316 363
319 380
93 213
114 334
1 498
295 400
251 441
385 439
214 410
241 373
257 263
338 374
40 324
181 232
251 377
77 493
33 90
101 235
76 120
324 474
82 313
209 411
106 496
48 131
10 76
36 379
126 317
123 295
129 276
271 343
367 493
148 151
275 499
105 172
228 387
17 397
3 244
57 299
240 466
35 99
61 418
4 139
32 303
215 467
354 465
219 481
31 129
228 379
41 440
382 472
281 473
210 285
212 480
131 352
321 360
170 419
233 455
58 184
117 282
30 247
162 337
65 241
303 348
11 357
87 115
241 288
35 273
85 202
400 476
95 280
209 423
166 243
62 222
49 147
186 486
176 473
211 408
180 304
95 186
240 340
95 475
205 328
218 470
60 153
223 320
191 470
219 296
60 409
51 96
387 493
72 282
29 268
46 167
197 230
174 301
35 157
368 392
178 241
133 210
241 342
317 392
419 462
356 422
379 459
216 487
66 219
100 435
17 269
412 454
117 398
85 219
228 309
451 458
103 399
154 401
51 61
50 203
109 430
404 499
154 367
221 351
301 382
445 460
176 187
37 54
124 258
106 249
33 452
3 372
236 257
149 156
50 289
141 438
155 432
439 472
16 278
99 228
301 329
7 14
78 220
392 437
50 59
131 357
190 291
316 353
233 469
27 150
154 250
303 312
252 491
8 108
65 296
457 484
349 397
184 384
90 249
130 344
413 485
113 218
50 169
233 298
107 424
201 324
234 400
157 385
214 455
25 449
114 121
22 260
315 328
244 275
131 447
106 364
121 131
79 376
261 338
143 231
81 190
77 426
67 341
73 226
133 383
130 200
11 490
75 158
124 253
13 246
381 474
350 377
362 389
388 436
149 289
227 245
199 457
356 420
242 488
91 146
48 251
387 402
156 496
94 238
69 396
376 417
20 312
111 374
64 74
166 454
183 343
6 482
232 311
96 336
102 279
295 350
311 444
306 458
286 377
214 238
148 307
41 359
88 409
239 464
330 494
186 452
383 407
337 441
169 480
392 461
207 318
135 222
46 437
390 429
205 214
203 424
186 428
42 242
128 358
28 237
167 261
38 199
308 336
275 433
206 497
21 244
344 376
71 451
121 372
173 230
19 473
123 150
287 484
165 269
218 454
28 102
24 477
8 403
20 118
84 462
87 479
133 170
181 383
190 318
315 364
374 438
90 301
351 353
11 431
35 200
69 225
12 58
87 287
66 204
131 312
108 201
272 318
126 258
204 497
70 391
37 106
145 325
287 337
90 239
123 184
247 255
121 282
54 314
