700 4183 2100
9 22 22 13 8 13 17 8 8 16 14 17 12 20 12 17 21 5 16 9 6 5 16 5 18 10 8 14 12 18 13 15 8 22 15 13 8 6 10 12 19 15 13 22 6 8 9 15 12 13 5 23 5 13 18 14 13 9 11 6 13 7 9 22 11 5 19 6 18 19 10 20 10 7 11 19 8 25 19 23 10 8 25 10 22 13 21 5 23 21 7 15 16 14 14 6 18 15 20 22 14 5 7 25 12 19 16 20 12 16 24 21 8 23 15 8 24 15 15 23 20 9 5 21 7 8 16 5 8 22 23 22 11 13 14 14 15 25 22 22 24 17 9 17 17 7 13 22 24 17 10 9 17 7 22 18 11 13 23 6 16 16 24 5 10 5 18 23 8 14 5 9 23 13 11 15 17 15 18 23 5 16 14 5 23 17 8 9 20 12 20 9 25 12 20 22 15 25 18 14 14 11 6 15 19 22 15 11 14 10 7 6 5 19 20 19 10 15 7 20 17 18 8 8 11 14 8 21 17 24 22 11 13 8 9 17 14 22 9 16 5 22 21 20 14 21 17 5 25 17 8 8 13 24 14 13 25 9 24 25 5 17 18 21 18 15 14 7 22 5 21 12 11 23 13 21 12 5 19 14 13 9 16 24 16 10 12 16 18 21 6 23 21 17 20 8 16 16 7 9 20 12 16 11 24 6 11 23 19 5 7 21 25 9 8 12 7 20 23 8 23 9 14 14 5 8 15 5 16 9 25 19 5 12 15 13 8 23 14 12 10 5 17 24 17 7 7 7 20 20 13 21 5 14 24 10 8 6 25 11 13 19 7 5 9 19 15 24 6 12 5 23 22 18 17 16 23 7 19 8 24 9 24 12 18 11 15 21 23 18 9 24 14 25 19 12 14 19 13 13 9 24 8 16 7 9 17 20 17 25 10 20 18 9 6 14 12 5 16 15 15 6 22 5 9 14 12 23 15 25 25 22 5 20 11 18 14 11 5 14 9 21 17 10 6 8 6 18 12 7 13 22 21 9 24 14 18 10 24 10 22 5 23 13 19 13 25 13 20 14 23 22 19 23 21 21 7 6 5 10 18 8 16 16 5 24 19 25 19 6 19 5 20 8 9 20 10 9 25 22 24 14 20 19 19 5 12 8 8 22 15 5 24 5 25 10 14 18 8 13 11 13 10 25 8 25 19 14 11 13 5 21 16 6 21 7 7 10 25 12 16 25 14 7 15 7 22 7 19 17 14 20 13 14 8 24 6 20 15 22 7 14 24 25 8 7 9 5 18 13 16 16 13 22 20 8 22 5 23 23 11 14 9 16 9 19 13 7 10 18 9 9 21 20 11 6 25 24 5 20 7 23 15 14 6 19 15 14 11 7 25 16 22 7 12 19 8 19 6 21 12 8 11 23 25 13 5 11 7 10 15 16 14 23 14 9 18 10 23 15 14 11 20 22 7 13 23 22 20 8 8 7 11 7 8 9 24 14 14 25 19 5 17 23 13 23 11 23 21 6 9 21 12 17 23 21 23 21 13 12 19 12 16 19 12 9 22 21 6 6 10 16 15 16 6 16 24 19 18 24
3 10 14 7 12 14 5 8 11 12 7 11 7 10 11 7 11 17 20 13 3 14 10 3 9 16 11 19 3 14 15 11 5 7 19 18 10 17 17 5 11 18 14 13 10 10 15 11 18 6 4 17 11 17 16 19 13 11 15 14 9 6 3 3 19 16 5 5 18 7 19 20 15 5 9 19 12 8 14 4 16 16 18 6 3 3 8 4 12 19 4 15 10 18 6 18 10 16 15 10 17 8 3 18 9 14 4 8 4 19 9 18 11 16 9 6 15 18 5 10 18 19 4 10 14 19 6 7 17 20 14 18 6 20 11 14 8 14 13 16 11 12 15 8 19 11 6 9 7 20 17 18 12 16 14 8 9 15 14 19 15 8 19 6 15 8 10 16 4 14 11 3 3 7 3 5 16 4 4 7 10 5 16 9 16 13 7 19 18 3 9 4 7 3 8 20 13 14 4 8 14 9 7 17 5 16 5 3 11 15 8 11 20 17 16 14 12 4 5 13 4 12 19 5 15 5 4 19 6 16 14 17 16 4 18 7 9 5 4 13 17 5 7 13 14 12 14 3 13 9 13 9 13 7 10 15 4 18 14 3 12 6 11 18 9 4 17 3 3 13 16 7 9 10 7 11 4 3 11 9 4 13 8 15 10 19 15 17 19 19 6 6 10 18 6 14 18 3 14 11 7 11 3 12 12 9 9 9 20 8 11 13 15 16 16 11 12 18 9 8 10 13 16 18 15 5 14 4 18 5 10 9 19 10 18 19 14 11 3 4 5 6 14 15 12 15 17 8 18 4 8 20 16 10 12 9 13 20 15 14 13 10 19 8 14 3 10 6 15 10 7 10 17 15 9 6 12 17 15 5 5 16 7 19 12 11 9 19 14 15 14 12 6 5 4 19 14 20 3 5 9 17 16 13 11 9 14 19 18 4 7 11 14 10 8 9 18 4 13 12 16 3 7 3 10 5 14 13 14 5 12 18 8 13 12 11 10 8 5 3 17 14 13 20 5 3 3 15 7 9 16 7 18 17 10 12 10 18 14 12 18 5 18 6 12 19 8 6 20 7 5 19 10 11 11 3 19 10 4 10 4 20 4 5 11 3 16 19 17 5 18 11 11 18 17 7 3 20 5 9 4 15 10 10 10 9 13 14 15 15 13 14 7 4 15 11 16 11 16 4 8 17 17 13 10 9 18 4 19 8 17 4 12 5 3 19 3 14 5 12 18 6 19 18 9 6 3 11 17 17 11 18 7 3 9 9 16 13 9 15 11 4 9 20 14 15 3 5 5 13 14 14 10 9 18 8 6 3 13 16 3 20 18 17 8 6 10 6 11 10 10 19 7 4 10 9 18 5 7 3 12 19 7 13 17 5 13 17 16 11 13 18 11 8 14 9 5 12 8 13 19 11 4 12 7 11 4 11 11 12 4 15 12 11 16 13 5 3 20 20 12 20 16 3 11 7 7 16 6 4 7 19 20 10 7 18 16 12 5 8 15 13 18 7 13 16 3 12 5 6 18 19 4 10 4 6 10 18 10 19 14 15 3 4 5 3 16 14 17 7 6 5 11 19 8 19 12 9 7 15
542 372
550 255
435 46
312 613
281 430
515 300
125 244
287 128
318 184
627 465
497 682
127 270
72 643
9 535
49 154
314 195
603 208
537 220
392 484
21 280
146 428
96 213
138 418
550 613
567 182
68 570
670 552
7 473
657 663
89 253
404 558
483 405
690 13
224 332
167 399
479 575
155 256
656 616
503 355
116 339
279 54
653 511
218 118
3 175
50 397
505 246
18 346
527 670
677 566
262 109
446 196
117 593
263 102
673 651
274 281
68 212
209 361
0 273
614 616
23 494
662 527
230 419
684 548
486 310
289 122
671 152
73 327
618 586
151 571
484 183
293 384
169 440
620 267
628 221
566 186
646 429
613 253
366 417
617 80
359 565
590 451
694 185
530 61
509 403
38 662
652 548
267 143
107 125
269 126
587 549
503 560
609 411
669 376
156 51
95 465
446 472
623 472
692 484
138 286
684 40
601 698
133 117
23 147
673 530
11 692
646 146
614 537
580 683
554 477
474 314
437 634
236 135
211 390
159 181
15 150
258 357
369 14
393 83
526 235
403 652
518 329
472 657
129 88
200 443
261 192
7 436
164 561
684 310
513 679
535 625
42 463
225 356
565 604
565 645
353 143
306 250
621 524
472 84
546 297
688 21
124 577
204 192
31 494
299 595
559 382
287 610
204 300
518 665
285 168
8 231
442 234
619 326
166 565
129 55
674 514
459 474
11 619
174 444
473 193
487 597
116 295
574 44
584 532
698 358
692 475
518 145
282 337
187 448
526 429
481 327
614 331
176 330
118 460
396 238
202 613
679 447
144 57
565 351
106 499
571 686
576 285
568 699
229 513
655 329
0 257
73 128
499 241
129 101
257 80
666 432
156 231
650 241
433 177
429 178
124 68
460 88
577 196
48 51
418 603
264 396
645 647
362 195
351 631
166 172
486 543
499 621
138 307
576 271
130 261
620 501
657 74
626 387
200 170
107 481
431 654
403 344
213 514
322 91
636 461
241 391
28 653
533 169
45 357
342 103
61 62
22 378
25 30
41 128
67 39
524 3
370 148
658 330
86 682
160 623
475 672
417 409
280 510
558 487
165 587
588 457
524 237
143 289
103 577
89 511
153 496
432 637
366 437
607 599
669 97
180 125
619 288
567 461
420 589
420 543
516 383
200 116
285 453
423 626
435 674
66 530
74 440
176 99
250 204
136 177
220 684
362 293
498 153
544 202
277 603
82 498
569 148
347 44
637 644
31 405
536 573
484 473
534 238
193 147
251 618
183 304
25 223
616 309
547 640
265 655
528 470
583 528
77 13
256 92
320 76
547 183
450 222
56 482
330 527
5 129
572 650
514 508
415 584
351 339
580 406
258 601
75 419
113 157
54 88
520 323
405 538
35 598
297 171
262 534
142 157
199 552
272 496
642 522
134 690
491 598
216 113
195 558
401 129
65 0
607 309
82 178
487 154
331 0
517 227
133 430
383 264
226 647
42 252
661 173
383 606
239 75
190 196
634 446
418 499
487 5
286 485
578 621
233 660
609 49
581 359
206 94
687 636
358 39
98 382
661 99
151 484
242 90
265 282
146 416
172 64
68 672
147 298
175 148
540 550
432 615
429 285
195 454
413 306
190 453
81 182
88 668
549 46
693 49
636 180
657 470
451 593
39 649
38 648
642 617
645 76
669 473
324 425
644 233
570 681
2 330
425 97
399 204
660 440
662 32
29 525
270 404
158 245
558 469
175 331
37 157
654 202
511 84
19 382
365 422
643 173
155 464
180 28
399 519
571 57
381 40
423 515
433 55
317 469
588 563
90 320
72 179
467 259
362 253
587 576
95 10
154 596
366 433
126 294
51 336
540 396
260 97
649 16
68 434
43 204
210 430
595 280
186 619
550 517
473 285
650 383
502 444
30 336
660 4
391 313
600 364
279 684
117 543
517 692
41 247
406 152
675 308
41 617
203 568
355 176
130 315
667 611
126 614
636 32
329 136
673 440
672 684
308 624
90 500
278 696
113 555
623 204
648 417
545 334
503 173
446 191
458 53
551 663
572 662
360 273
189 364
667 168
207 136
599 119
154 311
532 438
603 656
593 54
111 80
577 656
474 297
239 97
502 351
240 329
681 53
443 387
178 296
637 74
489 643
88 235
247 493
165 504
477 597
213 682
535 356
92 599
389 698
657 158
438 364
137 388
35 103
648 404
58 316
76 73
102 521
13 5
2 342
461 269
425 468
348 579
159 683
21 673
348 237
505 82
623 648
211 545
532 432
38 664
619 49
556 422
527 408
134 400
610 394
567 464
181 109
307 312
125 235
504 17
403 441
59 363
333 82
650 370
565 143
643 530
276 347
458 113
463 404
427 564
268 135
241 439
278 341
222 134
425 283
538 621
378 10
672 116
317 357
94 262
419 293
55 499
594 132
193 152
295 59
442 270
247 15
31 36
217 172
321 412
646 183
494 562
538 334
45 27
135 265
101 118
488 452
142 500
350 354
61 90
519 289
425 649
363 121
696 160
644 471
633 535
160 3
60 366
619 397
48 36
242 64
519 262
535 218
167 207
88 147
55 659
541 670
519 9
298 141
642 56
568 99
429 230
450 26
407 649
27 354
695 83
227 276
405 351
571 468
313 576
325 41
379 357
528 180
218 630
175 199
111 584
617 336
51 326
316 683
655 57
378 507
21 272
488 112
146 570
424 675
72 581
326 666
643 26
509 506
696 260
299 172
419 560
481 252
285 537
467 602
574 160
520 42
609 373
334 9
27 595
69 254
612 685
301 622
340 622
76 648
608 396
403 526
154 39
556 468
59 276
413 604
58 72
22 178
638 244
312 361
132 38
429 352
398 57
544 331
66 292
639 319
171 419
93 372
686 524
417 443
194 29
227 210
557 83
415 264
534 123
48 114
548 614
504 166
339 413
663 163
336 411
577 504
332 259
229 592
365 674
274 178
310 184
539 407
42 228
606 67
101 512
690 629
496 15
301 540
177 112
60 291
356 642
572 681
558 672
193 81
98 537
379 470
533 604
336 629
25 255
216 505
389 569
619 201
144 262
104 241
514 658
481 74
292 657
103 609
99 307
332 147
27 546
190 585
359 299
266 238
130 444
98 697
354 323
647 181
465 328
318 493
578 471
120 261
492 670
118 317
517 330
547 73
225 390
455 99
364 426
247 261
142 659
232 115
429 63
563 386
21 552
419 448
555 51
174 414
655 565
391 304
452 464
164 312
560 440
39 306
375 36
343 529
143 144
84 489
322 156
580 213
431 76
531 627
214 68
602 372
633 534
507 54
269 227
668 615
272 598
247 167
198 671
383 45
647 658
197 100
492 565
684 457
389 573
14 663
420 462
0 26
152 21
194 498
669 212
209 37
492 585
637 565
355 341
671 33
36 69
98 290
473 660
127 13
69 418
321 504
395 458
450 667
542 693
243 659
636 691
347 48
649 373
292 584
99 120
410 54
685 276
348 161
280 614
633 443
501 195
331 560
140 89
192 600
499 394
461 598
554 511
223 642
152 459
455 528
354 33
329 24
151 94
411 238
74 341
586 424
683 191
310 435
244 23
373 233
574 252
192 228
454 143
83 551
287 222
623 370
352 584
662 260
378 306
35 699
388 157
654 632
295 528
118 629
31 594
176 596
637 374
622 426
241 109
3 194
294 146
39 218
686 88
690 56
49 488
473 158
677 685
638 617
607 423
104 443
106 23
63 161
610 567
90 129
203 396
27 60
261 408
223 62
368 212
177 347
113 200
650 483
204 365
336 159
18 566
687 74
310 126
677 519
304 21
465 509
661 481
159 132
6 201
332 47
253 483
285 315
523 59
430 536
126 402
378 695
496 561
488 241
474 400
171 422
105 674
340 508
161 341
153 118
278 616
514 435
596 131
150 469
130 383
35 607
285 450
392 453
460 303
91 106
568 91
521 643
548 662
387 596
461 431
322 143
321 324
508 378
246 114
597 633
1 571
221 548
468 631
365 153
299 503
657 99
554 22
649 258
147 646
52 560
595 88
593 536
393 36
313 682
606 189
181 435
463 184
187 444
307 333
542 459
600 378
283 252
145 220
43 155
302 24
515 62
301 357
23 100
653 692
278 629
542 42
607 91
239 476
237 426
45 302
398 304
267 46
211 651
406 214
596 147
378 541
434 75
161 615
24 11
530 270
466 483
530 283
313 485
590 121
133 331
239 381
624 261
137 474
336 433
287 209
243 453
108 612
202 453
557 0
5 167
689 532
113 509
41 262
166 364
195 183
491 345
218 249
447 254
181 502
441 90
81 325
462 465
537 147
427 141
180 132
568 476
638 637
513 416
511 665
484 57
239 427
91 89
530 479
608 533
654 634
681 204
282 356
45 534
315 171
399 556
142 549
332 410
193 382
695 230
407 223
608 110
589 357
531 109
364 313
288 138
82 503
406 678
99 24
540 392
123 553
152 111
621 477
553 260
8 259
370 81
179 498
646 675
147 471
623 601
476 284
681 12
347 181
66 645
691 96
202 118
511 286
593 316
350 190
309 280
122 400
250 249
379 524
225 659
221 147
234 502
411 532
37 50
661 494
699 178
593 166
344 172
428 345
200 19
513 238
624 546
115 690
222 88
585 84
242 378
168 484
505 412
488 412
470 74
693 644
466 333
520 474
148 254
292 293
533 339
188 589
436 641
19 560
441 64
675 293
5 9
228 452
664 322
607 333
651 391
51 497
8 696
341 596
613 634
533 425
484 175
545 599
205 384
653 323
352 481
320 352
452 294
265 274
111 146
556 66
561 30
138 250
190 500
505 128
169 335
210 437
292 326
223 661
346 251
241 294
587 530
115 89
586 453
392 58
413 355
198 296
227 132
275 308
414 265
221 188
122 333
483 318
28 577
27 620
666 624
262 253
70 242
493 589
272 347
305 530
429 495
679 43
628 255
144 620
689 302
427 203
475 627
690 684
652 111
298 299
318 251
476 291
2 233
42 527
462 486
108 460
363 79
503 37
694 589
470 280
166 289
256 254
162 404
89 273
233 262
316 632
534 558
351 692
263 95
463 661
247 325
577 48
506 545
383 172
532 245
226 660
74 279
138 32
169 324
593 406
472 160
558 3
359 18
216 79
353 623
131 426
59 501
205 607
106 480
281 82
574 617
9 649
152 106
310 234
617 353
160 194
676 690
591 332
630 558
301 135
229 435
638 129
352 221
114 309
608 646
22 196
57 499
445 675
95 528
456 215
583 342
55 408
139 539
36 511
527 677
348 699
296 691
587 201
91 240
162 343
90 329
88 503
671 420
70 510
257 632
37 200
368 27
665 512
339 425
218 68
596 245
333 322
650 34
180 235
545 655
173 698
67 633
544 447
691 64
417 589
63 514
139 433
200 35
221 624
173 33
519 614
646 668
99 260
334 449
621 224
481 419
309 435
120 429
257 445
601 332
114 104
406 621
656 514
440 353
408 334
269 156
144 362
78 212
115 176
320 465
180 135
408 79
552 346
377 40
579 366
88 332
362 338
316 173
642 475
381 456
59 451
243 432
230 95
363 12
277 275
167 68
601 656
691 545
491 305
288 100
552 260
144 82
241 105
94 51
110 344
668 643
451 689
457 178
320 367
616 620
574 629
589 233
528 303
57 114
617 4
362 416
411 669
470 0
300 90
224 70
525 420
634 367
153 315
461 514
313 440
240 320
517 500
679 229
159 418
105 690
261 375
535 189
643 694
697 334
190 698
24 558
512 481
402 529
26 49
220 128
453 300
310 290
225 431
408 550
269 261
691 114
583 647
68 611
335 461
650 294
431 417
278 637
21 551
16 369
636 9
333 570
362 23
451 235
18 612
16 630
141 448
176 264
478 404
654 417
475 236
534 334
272 85
550 185
82 440
224 368
8 454
652 317
131 281
79 205
633 639
67 53
375 51
462 615
274 582
151 672
524 169
11 226
97 120
278 651
452 329
412 50
583 62
209 633
39 111
40 605
682 570
276 172
448 78
405 680
52 662
322 92
160 274
569 638
561 610
664 343
26 207
570 356
176 97
566 189
299 151
699 571
121 209
691 178
69 274
255 519
247 663
605 347
530 515
243 503
185 654
379 653
205 339
631 188
616 597
169 171
11 54
133 170
521 417
460 261
438 567
587 480
641 628
99 210
329 168
331 599
176 402
116 646
117 28
331 290
593 669
608 215
419 88
303 262
11 355
433 550
631 659
620 439
619 419
124 206
647 189
228 284
562 274
562 364
58 609
587 45
560 18
16 461
169 596
213 220
140 33
537 385
485 404
466 66
441 305
154 249
198 219
446 274
579 383
592 611
397 657
57 615
206 424
433 115
506 96
640 19
444 141
197 475
252 264
574 10
56 253
335 159
439 540
443 517
659 254
369 386
293 627
651 269
287 435
18 498
445 250
427 449
357 191
370 340
473 235
674 410
198 100
568 579
161 654
299 687
517 207
506 32
128 465
104 61
10 388
582 593
491 110
86 602
405 480
351 327
288 184
398 678
621 376
293 435
340 126
92 49
578 336
206 417
385 336
274 104
292 381
325 540
264 637
573 642
26 557
263 273
214 373
625 607
70 15
643 502
495 426
181 582
472 201
686 91
174 90
419 181
334 117
533 343
428 652
678 8
340 180
272 123
95 354
669 424
5 26
228 310
571 146
130 349
518 39
204 139
184 287
122 113
450 37
650 164
38 138
300 173
140 153
362 556
233 240
320 374
287 67
532 668
12 334
39 115
412 434
21 384
207 247
179 207
439 639
55 200
376 126
384 186
75 695
555 151
536 689
120 454
60 305
107 137
28 67
53 330
431 138
685 475
122 349
457 681
457 591
533 191
439 662
600 104
183 633
204 519
161 694
656 22
533 132
652 416
162 209
590 621
578 560
110 192
443 268
273 226
303 328
390 511
372 165
80 574
7 257
97 307
61 131
49 567
384 22
664 589
302 128
339 377
451 569
460 504
343 285
503 574
358 548
421 183
160 396
169 89
52 524
415 181
160 207
698 554
60 587
647 71
308 209
494 110
520 131
66 558
324 68
119 458
269 148
425 656
101 367
169 455
260 558
653 644
681 506
196 512
250 217
628 167
533 118
183 413
189 435
258 663
544 578
358 633
535 115
4 580
512 597
329 438
254 443
627 387
438 531
457 160
327 466
223 624
679 225
408 7
336 30
697 394
165 610
23 637
140 95
581 238
282 265
317 144
378 629
591 539
32 569
202 346
618 657
440 525
591 435
441 407
669 563
328 261
656 227
242 408
404 590
672 112
627 560
643 439
252 137
616 506
454 238
562 690
639 305
633 552
507 269
415 695
655 547
327 687
343 186
295 441
155 308
500 373
204 557
430 612
385 313
331 71
213 678
485 676
629 54
255 224
458 54
268 555
121 359
147 506
556 215
171 649
196 461
688 326
625 568
65 37
306 257
244 487
392 235
394 50
299 568
462 143
506 668
473 233
225 86
600 262
539 507
287 9
136 70
522 652
622 292
157 438
452 350
100 451
285 664
699 114
542 171
223 323
404 116
535 429
53 298
49 624
75 468
406 158
155 608
699 242
344 215
366 16
369 673
595 65
316 554
209 659
215 398
204 4
653 680
580 432
419 348
215 49
308 268
367 495
27 682
256 109
579 434
344 537
164 185
624 470
638 102
604 343
338 352
9 250
30 615
55 132
365 166
659 650
610 508
166 644
327 349
302 51
247 568
621 518
58 157
37 256
582 650
13 316
348 50
586 361
120 306
565 501
16 230
422 592
421 521
102 354
146 203
480 39
155 287
444 511
693 1
139 452
284 158
479 401
674 548
631 192
107 32
260 322
68 579
663 29
233 601
177 134
492 104
307 185
598 3
129 472
335 368
667 232
356 514
394 220
28 352
675 419
402 443
178 155
699 604
307 646
255 696
9 699
30 198
452 656
348 39
407 501
566 69
476 670
560 685
380 591
243 12
449 560
90 363
483 681
27 611
239 417
365 30
67 687
464 305
336 505
398 402
622 470
37 428
538 122
300 504
271 101
380 379
98 30
413 85
457 626
64 449
540 226
617 300
373 104
68 388
405 185
96 509
302 599
477 582
342 605
149 227
211 47
612 393
157 123
328 604
215 568
687 557
583 19
318 103
367 79
553 161
513 141
44 537
349 309
154 22
181 154
87 557
645 573
158 568
374 420
245 241
96 424
8 125
62 314
570 145
488 51
199 268
181 473
110 4
129 474
328 193
492 225
657 249
301 57
588 197
593 450
412 544
375 536
491 651
339 500
295 172
46 469
31 531
376 381
323 130
336 13
216 48
574 185
431 391
393 23
210 129
29 233
683 551
4 467
397 88
475 649
282 515
281 419
308 425
686 365
216 178
671 417
321 87
336 393
46 615
451 561
330 400
393 342
258 417
581 22
98 450
372 398
19 475
169 63
314 167
645 293
168 466
360 382
49 395
227 410
641 120
461 645
121 166
453 624
279 42
546 194
679 575
497 529
570 648
137 15
511 297
519 93
628 50
166 348
310 373
467 264
541 397
257 452
132 15
634 529
487 550
16 278
11 76
541 161
45 347
53 55
294 293
322 216
85 112
677 689
574 292
318 178
140 474
317 445
204 638
16 367
689 327
462 35
292 643
546 40
574 672
330 583
239 612
639 249
296 113
511 618
615 699
664 359
358 507
436 54
383 510
77 598
84 64
288 464
644 668
149 203
488 563
568 364
123 150
330 621
294 6
261 556
443 540
88 145
528 287
362 16
545 515
101 673
652 614
458 528
113 231
499 596
327 59
583 341
658 204
4 286
668 34
378 391
485 354
480 393
347 176
391 536
212 446
360 57
527 64
357 654
553 615
207 94
480 283
161 1
171 82
324 584
277 44
81 327
456 178
655 526
224 403
444 654
544 261
283 154
579 373
526 552
367 263
334 641
236 470
636 0
268 490
270 616
672 571
144 430
278 484
216 344
102 557
548 351
39 487
105 571
356 94
289 402
303 649
254 641
641 368
233 463
229 73
354 546
173 473
258 137
531 436
65 17
173 110
10 3
136 401
488 510
658 191
121 512
525 375
517 484
78 71
381 263
555 129
169 478
644 659
461 502
276 318
570 657
429 577
667 183
132 35
362 384
111 374
522 81
64 549
571 12
190 145
643 660
282 217
103 421
406 34
168 512
177 211
692 688
94 564
564 477
579 122
553 142
407 200
444 400
126 66
604 405
119 596
459 120
676 549
68 379
493 402
341 434
629 489
287 495
87 251
402 18
177 668
312 611
648 607
192 241
255 631
493 3
445 571
257 59
609 152
350 476
646 654
229 164
615 296
547 679
88 3
592 294
194 362
279 511
473 313
403 271
6 197
484 105
545 176
370 227
619 112
164 141
177 581
102 317
339 677
343 62
564 230
242 562
167 63
151 536
12 547
416 596
278 447
134 437
467 681
536 248
664 582
312 599
642 607
406 118
188 240
40 497
22 184
634 368
311 371
5 176
508 283
163 469
316 181
234 0
187 364
659 368
192 431
108 288
190 171
193 62
516 11
681 484
475 181
252 468
417 191
370 504
328 505
614 332
675 687
451 394
242 444
498 144
599 378
204 661
594 336
628 174
266 194
403 260
397 446
402 62
681 56
199 527
567 242
647 341
585 546
176 66
412 295
13 230
278 212
511 78
651 517
31 479
318 169
652 199
338 466
458 395
553 45
144 421
166 95
363 403
51 278
88 440
684 91
162 242
530 152
124 543
130 584
396 475
95 447
167 64
317 572
231 4
628 450
597 557
367 154
180 194
146 630
681 644
172 358
292 147
235 501
96 277
88 214
377 137
483 303
345 490
258 221
17 355
678 31
387 20
63 184
691 676
108 621
348 666
101 590
629 250
168 584
567 445
360 378
506 160
472 597
571 47
200 359
248 612
133 272
447 469
182 695
248 499
364 7
660 617
151 159
428 124
262 11
213 641
34 297
633 656
228 505
506 57
636 397
548 159
26 102
112 340
628 106
591 340
582 258
555 699
4 645
480 691
242 260
73 340
189 697
682 386
56 112
593 329
69 202
423 696
119 58
565 86
229 519
297 665
490 153
184 163
198 377
191 345
526 453
215 629
365 300
330 578
461 484
551 399
105 455
597 116
52 590
694 73
81 438
109 520
75 566
147 661
380 330
355 45
512 525
547 296
379 660
509 353
559 351
261 447
528 135
264 691
228 567
61 549
173 445
453 408
176 605
640 647
529 86
343 665
516 413
584 108
110 35
569 465
375 600
256 262
667 315
206 130
395 177
385 94
603 579
293 225
93 601
182 424
221 407
561 352
70 297
511 386
401 370
556 106
82 375
379 639
374 560
95 73
77 141
165 110
260 620
285 163
244 275
154 507
641 63
616 273
124 93
522 123
65 131
673 644
412 6
86 524
517 551
691 163
499 226
233 499
205 568
590 510
551 71
353 44
381 37
128 448
446 532
185 347
670 459
387 441
699 136
327 101
420 229
390 440
159 591
32 333
386 666
102 454
7 633
173 344
325 102
288 58
661 677
416 449
637 318
605 329
117 11
126 90
368 694
218 26
211 147
86 528
197 123
464 260
152 478
567 471
134 353
472 175
249 563
432 230
254 504
390 223
265 296
641 621
511 576
623 484
511 506
650 347
255 537
683 397
158 284
73 42
368 471
82 192
439 293
547 158
262 625
119 29
177 135
285 226
561 221
70 219
450 173
137 509
289 209
606 581
120 150
370 242
581 678
32 555
615 334
50 631
130 58
556 166
99 196
155 316
116 447
175 451
7 301
505 670
382 17
340 517
647 290
365 412
202 656
554 608
500 169
423 187
417 164
607 546
499 627
527 337
585 122
637 319
150 207
426 313
143 134
526 536
251 40
566 246
445 297
287 27
380 65
499 582
508 277
445 330
607 467
615 632
473 508
401 550
2 698
471 413
271 170
280 579
491 414
448 604
563 41
379 197
131 357
7 24
93 550
35 626
224 276
49 560
527 41
475 579
436 670
88 559
104 69
693 663
633 573
335 247
156 686
639 346
566 405
42 227
272 659
474 106
278 672
549 393
555 69
482 174
649 24
147 278
651 401
429 417
138 192
514 638
312 74
377 193
465 358
588 528
144 337
437 41
695 112
539 135
560 474
2 14
29 557
385 689
301 114
522 211
166 610
543 22
528 312
78 440
73 389
159 116
242 274
20 301
238 689
195 165
375 419
274 3
367 437
671 577
16 388
670 432
320 575
373 144
10 279
530 141
544 342
117 415
332 53
608 467
398 399
487 674
634 485
647 173
693 160
696 468
167 588
52 478
128 318
427 33
657 209
544 16
687 113
432 307
91 3
333 482
107 424
47 19
394 21
402 293
296 61
617 446
70 331
75 465
146 63
48 178
106 623
585 306
199 117
164 399
384 350
414 319
8 455
446 84
166 425
565 396
272 608
399 175
306 505
77 304
244 382
6 458
47 533
279 626
243 384
188 417
332 49
381 139
599 407
248 7
399 469
667 27
327 250
311 235
285 375
651 74
432 99
130 229
136 150
43 76
230 560
9 245
169 274
462 162
482 43
379 226
576 213
473 109
391 97
698 563
478 70
646 10
191 369
424 67
54 436
99 453
84 306
561 41
156 121
613 315
543 226
554 314
553 535
666 152
566 22
223 586
612 506
398 463
370 529
545 399
49 373
205 485
93 407
572 182
201 553
512 311
56 697
415 174
191 340
126 166
575 248
48 23
655 231
220 639
192 265
381 444
259 235
630 386
568 234
113 611
40 559
115 343
654 212
310 636
546 376
401 222
523 515
402 115
207 110
301 171
551 358
124 302
536 699
278 446
698 650
541 398
289 252
410 659
587 112
587 624
32 73
419 31
214 245
47 627
165 600
417 542
16 24
668 500
492 185
140 339
195 308
334 304
362 173
140 326
288 509
108 530
128 379
120 463
561 94
555 698
260 225
258 187
521 446
204 613
412 254
679 296
72 183
431 197
130 341
293 290
647 285
600 649
81 357
257 348
242 636
113 510
189 3
43 668
490 537
570 637
234 225
525 471
140 665
467 659
419 233
617 230
163 491
383 494
364 216
36 178
406 119
595 155
557 336
176 576
380 71
625 357
64 146
71 92
210 316
460 260
383 176
677 98
186 697
66 432
401 696
121 690
108 3
642 228
596 302
296 318
454 323
245 284
548 231
108 222
578 577
80 518
232 72
574 124
616 697
585 443
169 508
362 80
324 612
447 555
546 416
387 679
661 84
147 402
11 73
552 211
618 375
77 206
104 263
643 270
193 468
552 297
498 284
574 549
236 397
301 290
339 432
524 610
201 600
370 371
390 623
4 625
453 13
179 320
403 465
108 10
49 20
433 345
442 680
688 249
430 645
399 232
657 306
642 661
648 301
587 6
603 459
339 284
239 658
69 484
430 9
468 454
543 218
402 182
634 596
217 608
400 463
316 215
246 571
394 4
225 346
90 351
663 475
462 79
290 558
71 158
244 502
621 668
653 283
422 46
349 424
343 425
107 98
683 322
166 393
93 505
340 396
23 592
230 14
523 199
350 41
381 513
19 116
111 602
105 603
420 503
216 379
545 355
646 67
437 518
489 414
657 303
372 527
352 577
445 189
444 137
605 366
698 602
51 198
372 288
58 243
678 591
379 472
674 414
492 283
86 38
312 331
503 277
364 67
587 315
365 260
371 24
45 696
527 220
559 540
535 160
672 661
186 82
137 367
414 325
243 200
73 259
606 639
71 262
691 397
566 326
215 377
649 232
483 414
246 330
362 358
158 318
0 211
510 214
667 680
589 682
608 580
435 561
287 657
300 158
141 536
405 204
284 184
158 430
356 118
665 61
497 578
694 549
375 86
594 331
131 631
653 691
192 492
693 550
161 477
118 101
569 445
51 411
501 639
468 307
457 687
381 238
298 680
431 492
579 469
161 187
419 396
189 542
496 511
242 93
4 52
483 516
557 673
608 269
304 80
478 483
292 303
503 281
242 186
217 183
86 407
536 237
167 373
173 189
322 39
563 658
577 217
363 189
332 333
341 648
275 400
88 554
100 459
547 65
182 215
174 197
204 580
580 372
678 57
15 386
585 314
490 661
622 560
141 632
451 190
525 432
0 321
338 298
584 109
310 28
261 107
472 646
74 86
358 386
52 278
89 103
135 679
578 269
387 388
149 577
397 668
582 52
194 324
353 379
361 321
330 101
532 420
176 250
455 470
502 691
435 647
497 113
302 601
0 226
610 182
110 682
191 216
500 177
550 6
426 5
614 436
476 554
157 149
207 137
474 464
392 397
465 476
295 125
635 153
546 135
273 506
83 13
228 431
676 665
433 650
593 231
97 694
391 620
353 657
313 79
495 5
573 240
16 245
599 421
155 278
467 84
452 437
293 125
173 394
19 486
538 305
305 553
87 195
213 204
336 539
111 417
622 452
606 315
148 595
590 687
150 410
15 375
594 179
75 118
144 513
217 80
246 348
686 90
552 289
692 92
120 537
238 140
131 455
58 346
304 233
141 522
146 380
641 14
450 165
628 168
509 344
576 552
417 699
250 304
330 454
393 74
60 134
470 539
498 325
531 51
94 216
28 545
569 234
336 170
509 459
588 464
423 164
481 441
247 196
126 625
129 555
332 468
129 94
217 375
525 263
61 391
148 277
366 34
537 205
176 697
19 559
512 495
628 13
159 628
602 229
30 222
632 73
17 13
35 355
405 26
414 350
669 519
528 305
489 419
606 282
499 660
139 233
331 246
524 429
314 641
59 15
5 171
157 218
224 340
340 372
154 489
228 495
350 549
532 380
458 343
170 18
2 344
427 159
325 327
91 33
290 386
50 605
291 372
499 20
251 49
496 567
362 179
248 16
302 691
461 339
670 538
166 156
449 647
469 387
527 359
166 258
156 375
106 620
31 104
43 189
602 188
593 408
245 3
388 243
62 58
234 239
679 213
687 220
191 505
302 16
572 114
97 501
675 138
588 276
153 139
178 170
27 668
571 91
593 110
493 48
431 562
36 308
622 636
81 262
405 359
192 380
89 694
669 167
307 0
95 277
418 445
37 497
185 7
561 515
121 263
591 659
491 639
402 219
100 67
242 27
184 9
664 10
259 611
653 166
517 405
24 209
170 674
50 528
380 437
192 224
569 121
74 259
435 421
375 25
145 575
292 666
315 392
687 425
4 695
593 187
644 32
139 384
327 11
12 293
654 619
312 631
628 388
312 525
257 172
372 183
274 351
155 430
321 124
413 237
292 142
74 604
164 113
141 347
146 372
283 438
52 324
406 369
114 450
590 663
200 187
460 327
224 699
62 270
340 307
111 499
456 52
362 410
236 412
699 452
582 134
654 162
282 109
48 342
5 78
577 666
597 468
220 415
109 296
136 425
207 89
187 568
604 336
413 456
644 230
7 62
30 162
168 210
127 470
386 203
439 545
504 680
263 589
149 407
696 497
526 276
531 52
71 25
368 246
577 199
53 428
499 218
438 396
207 199
634 77
30 544
216 329
656 552
435 331
113 180
446 339
344 180
127 193
170 102
383 598
645 173
553 134
13 565
425 340
593 101
279 44
508 470
210 78
66 522
423 143
4 540
598 262
61 223
334 203
448 332
612 120
507 184
376 483
141 78
328 48
169 212
289 150
559 591
511 438
272 389
618 115
1 646
544 366
670 173
500 542
421 25
634 128
225 187
29 102
154 502
252 313
422 297
634 34
74 698
120 224
406 247
467 381
299 264
535 410
209 632
196 411
656 118
80 99
23 498
183 592
275 619
79 41
510 299
299 438
328 359
698 308
333 282
61 689
447 559
265 26
62 48
215 92
548 529
69 566
478 656
471 268
506 270
233 558
154 37
656 275
228 295
661 598
642 235
33 126
352 357
16 188
243 588
216 322
669 260
114 100
85 471
416 31
79 647
519 434
77 636
434 628
699 319
138 127
390 146
167 229
133 124
207 95
635 378
550 133
413 236
104 646
571 689
530 614
247 324
328 642
343 213
181 178
251 87
23 339
101 40
289 185
115 468
37 598
589 224
377 245
624 628
347 381
491 4
351 659
42 454
681 445
371 88
323 483
442 174
377 422
125 448
30 66
451 109
402 410
619 458
172 679
63 468
450 325
488 278
366 238
24 672
593 255
245 526
534 285
284 488
256 551
266 292
227 348
426 528
291 271
399 527
588 80
585 425
286 369
201 239
473 107
504 606
608 670
275 340
475 614
443 607
60 607
182 191
80 222
61 75
423 110
84 491
505 203
159 282
246 275
654 188
37 146
161 346
14 142
317 631
198 168
378 203
691 577
682 437
576 354
314 635
641 600
37 142
686 499
436 340
33 297
414 488
594 176
244 525
68 146
103 321
618 496
143 532
417 415
340 55
269 223
569 211
423 640
381 530
339 88
250 447
622 379
694 109
581 393
242 118
89 73
525 489
629 256
15 405
664 517
412 626
646 71
655 308
475 656
551 538
583 51
202 557
129 295
32 87
681 323
397 276
605 171
564 130
348 408
124 450
195 366
423 373
523 212
256 75
328 609
34 238
527 543
174 406
405 192
3 268
667 135
427 417
101 364
242 285
422 351
473 132
638 297
610 484
686 243
578 395
623 174
370 135
591 324
91 458
557 646
460 602
327 415
233 476
140 347
587 295
672 648
456 696
493 230
561 48
647 688
654 81
505 62
607 100
120 260
214 182
101 689
492 699
623 527
45 374
576 2
256 211
505 614
603 331
523 115
110 564
356 463
212 51
279 325
466 165
678 517
146 293
181 141
360 508
432 325
135 18
396 386
231 641
271 374
155 291
599 438
334 566
628 260
147 33
285 603
349 27
464 193
516 354
246 199
357 46
670 409
342 386
199 430
505 452
644 188
576 13
451 237
686 560
347 56
506 492
501 456
309 356
396 176
158 450
646 171
183 271
198 540
311 135
590 364
47 97
480 24
468 309
101 614
71 42
649 433
344 565
48 642
128 461
89 34
170 589
660 258
394 84
137 216
3 262
183 556
498 609
210 682
156 354
30 255
20 635
515 694
673 366
170 9
80 692
574 88
60 125
165 634
60 428
390 155
367 278
507 88
566 601
607 307
75 149
402 241
304 196
122 136
247 690
338 208
487 17
494 420
130 105
164 545
185 116
518 654
80 597
131 246
260 483
536 380
351 563
188 407
239 317
186 323
421 256
76 152
19 333
260 119
491 513
642 530
115 270
483 401
323 189
382 517
346 121
562 574
679 59
189 26
532 239
274 103
99 164
461 524
1 461
430 222
466 328
696 631
171 465
475 508
379 367
689 592
103 158
652 447
537 200
493 60
59 585
375 35
37 193
552 474
172 163
250 230
171 477
501 53
495 374
213 227
17 613
96 307
682 162
132 513
667 184
659 73
423 296
417 96
491 96
599 500
381 308
385 399
206 579
626 635
415 613
54 464
188 452
79 402
329 100
7 658
307 315
659 102
465 488
164 638
242 287
62 137
256 665
551 611
449 36
320 502
88 449
502 231
587 693
572 399
27 235
565 288
655 442
506 83
39 664
540 214
11 691
187 432
608 565
4 277
323 232
400 649
13 62
127 60
230 151
175 326
248 86
220 605
154 404
460 436
661 46
39 344
267 634
626 399
368 548
150 315
128 505
186 40
42 21
631 393
499 451
247 591
159 560
513 279
88 641
81 6
696 269
404 130
144 675
561 100
479 68
222 225
388 27
502 461
680 518
88 614
84 3
668 31
366 416
670 597
550 351
238 132
64 667
553 94
146 72
636 622
631 534
658 168
273 193
251 47
460 574
131 509
111 108
299 193
649 83
676 508
546 211
165 499
646 484
328 668
406 305
203 619
206 118
335 230
147 447
505 364
496 681
327 554
697 145
595 409
269 328
653 362
613 8
305 68
646 411
83 516
370 219
164 26
360 494
3 477
610 328
676 170
679 295
253 497
524 18
119 157
666 693
123 209
191 378
149 151
498 480
52 551
648 104
0 505
50 553
136 594
111 559
599 482
172 482
604 140
28 33
550 612
468 194
546 97
306 699
104 441
363 283
54 423
356 227
625 204
66 445
480 83
235 65
166 81
67 319
398 19
150 274
513 350
106 377
402 163
636 505
660 310
438 530
278 664
552 246
22 651
506 481
42 105
118 97
192 238
126 73
274 180
634 402
138 277
27 422
20 162
215 383
388 127
684 257
475 194
63 691
48 440
190 287
601 467
327 122
225 434
86 529
665 565
304 306
106 477
478 548
604 605
65 671
9 694
534 629
614 58
197 529
649 292
478 263
210 201
466 562
297 573
599 560
504 34
78 337
156 168
19 18
95 445
96 522
394 544
530 403
519 525
604 695
660 431
43 669
131 418
2 623
370 270
557 416
358 58
658 548
289 549
525 22
635 664
673 432
205 440
643 453
366 219
654 160
225 5
668 397
598 124
216 597
195 244
472 500
114 598
478 386
351 75
433 476
424 500
452 506
108 250
669 187
280 16
648 287
478 30
448 622
496 364
431 16
602 682
357 604
455 423
125 441
382 589
456 369
55 221
354 316
79 581
207 131
136 257
463 144
166 368
619 92
133 27
267 431
339 139
357 355
61 629
75 66
123 600
366 334
320 195
459 341
517 265
107 398
616 359
411 162
660 96
650 267
145 156
478 519
216 191
40 419
250 210
539 354
696 307
403 183
626 241
364 45
309 181
432 106
672 252
144 314
414 138
163 260
424 617
134 640
280 122
493 323
318 240
91 406
667 17
166 518
547 480
601 295
60 14
264 641
661 398
148 357
376 125
454 582
40 120
461 263
172 83
253 42
416 67
280 157
51 362
238 649
695 409
68 57
112 125
643 570
536 390
527 103
142 687
31 278
41 373
151 319
33 294
11 61
48 554
9 77
156 388
380 696
322 31
12 518
439 141
340 125
10 326
169 480
171 98
118 604
515 404
204 43
246 155
65 605
692 66
130 45
502 191
30 219
294 335
170 651
363 147
361 107
180 71
185 73
549 75
513 545
171 545
587 665
28 66
238 171
176 673
260 424
424 380
194 386
507 78
354 496
150 620
426 515
611 326
570 354
114 667
361 59
257 602
437 674
561 623
545 365
485 457
681 596
302 383
402 167
623 687
208 556
483 601
151 246
189 543
618 651
623 307
94 118
346 148
8 540
341 588
432 153
269 335
49 643
659 300
156 304
576 447
427 470
90 180
337 287
25 434
468 289
437 695
440 429
175 490
522 416
547 57
211 462
493 21
388 603
642 558
145 214
562 594
517 175
166 540
247 17
351 590
135 599
448 181
276 424
370 302
411 559
69 265
395 666
80 69
498 384
387 28
149 520
675 343
424 275
287 155
43 482
204 224
450 463
48 288
161 196
396 58
215 666
691 507
562 189
247 425
110 481
394 613
59 403
319 175
301 396
558 211
208 30
339 140
376 63
691 14
609 137
412 503
610 138
358 537
457 5
450 176
526 330
300 396
503 639
528 624
547 523
292 257
39 528
697 386
610 99
638 402
477 6
522 516
19 316
72 8
649 49
537 357
87 593
681 600
255 27
468 463
465 623
159 167
598 600
459 449
571 176
224 685
394 451
588 41
553 413
21 15
372 20
274 115
663 210
264 607
539 299
194 11
498 586
318 87
381 184
344 23
276 582
68 583
69 125
531 308
369 416
688 555
258 151
326 199
477 139
293 176
607 28
487 463
349 586
265 637
429 592
530 387
551 206
286 324
474 327
13 346
192 622
216 40
595 515
113 278
564 250
458 564
27 153
9 579
477 383
186 510
481 655
159 387
96 31
213 599
449 174
538 28
649 176
15 219
299 689
369 216
347 87
3 235
69 345
114 536
579 506
63 687
673 119
694 249
10 553
257 259
629 258
506 368
132 381
187 649
493 206
156 453
221 204
422 400
494 577
