700 4185 2100
12 12 13 7 23 9 5 23 11 23 15 6 8 18 24 8 12 5 10 11 16 14 5 16 9 14 23 25 20 9 14 13 24 12 24 22 11 20 11 6 22 21 12 16 23 15 16 8 8 22 14 11 6 21 11 25 18 24 5 17 21 17 11 10 7 6 9 9 13 12 21 10 24 17 5 18 23 23 6 15 14 19 10 25 15 10 10 21 6 10 12 16 6 12 21 16 12 19 12 9 10 14 8 22 15 18 13 16 13 15 9 16 11 19 11 8 20 7 15 14 12 10 12 12 13 22 12 20 24 16 5 16 18 13 17 5 13 8 14 6 22 18 17 8 13 15 5 18 25 17 23 8 24 5 6 7 14 11 17 7 17 11 7 6 15 19 22 16 16 20 12 9 22 18 25 19 16 16 13 8 19 24 17 21 7 7 9 15 9 11 19 21 22 19 17 22 19 11 23 24 10 15 18 19 23 15 13 22 20 13 14 10 20 20 21 6 16 22 19 7 24 15 14 6 18 9 22 16 16 14 18 7 20 20 16 19 15 15 13 25 16 8 11 20 6 22 17 16 17 10 12 14 16 12 12 16 13 6 7 20 22 14 15 7 9 7 16 24 24 14 16 18 25 13 24 19 15 14 24 23 23 8 15 13 20 25 23 14 9 8 21 23 7 25 19 25 18 19 10 25 16 7 24 19 6 11 13 23 22 19 22 23 16 7 20 25 7 11 25 14 10 14 19 10 25 14 18 6 9 21 18 9 13 10 13 15 12 20 24 11 12 18 19 12 20 16 10 20 7 13 18 10 17 9 7 15 11 19 17 22 15 19 15 21 7 6 13 8 11 21 22 5 13 9 13 9 13 24 12 20 11 25 7 14 9 23 9 13 7 13 12 11 15 7 20 15 9 5 19 10 14 6 19 22 13 15 19 10 20 24 6 18 11 15 11 7 16 9 9 17 17 7 25 8 14 11 9 8 23 14 8 15 19 21 6 23 14 9 10 8 12 23 14 24 7 20 25 16 9 14 20 13 25 8 7 9 18 13 17 24 20 7 18 17 7 23 6 24 6 22 9 15 13 22 16 21 5 17 14 18 11 19 8 24 15 23 15 20 24 23 21 19 11 6 16 21 13 19 20 22 18 6 22 10 12 15 12 24 20 18 15 12 13 25 12 13 19 5 5 25 15 25 6 5 18 20 6 24 18 19 25 6 5 19 24 13 6 9 15 10 6 25 20 7 13 7 23 8 17 20 5 18 19 20 16 5 5 9 7 11 19 13 14 15 16 21 20 13 18 9 18 15 25 15 13 10 18 7 16 13 14 22 25 8 24 22 7 19 9 22 10 21 8 19 15 23 9 22 17 21 17 23 8 16 23 8 15 18 13 16 25 18 22 16 25 17 15 20 23 13 16 17 16 12 9 21 18 11 20 15 24 9 19 7 13 10 5 20 5 8 18 17 23 13 21 7 17 17 5 16 8 10 15 9 11 6 25 20 6 16 6 25 24 12 16 7 22 14 18 13 8 21 10 21 21 5 22 5 11 14 5 23 17 7 19 15 13 17 5 25 7 19 13 6 24 19 6 11 22 18
3 5 20 4 16 7 14 12 14 5 16 6 18 10 7 17 13 19 12 18 14 20 4 4 6 14 17 3 16 8 4 3 15 16 12 17 3 4 17 16 18 18 17 6 17 20 10 18 7 13 5 10 18 19 4 13 5 9 6 14 10 15 5 3 11 10 7 14 19 15 17 10 12 5 19 4 9 12 7 16 16 6 3 9 8 20 18 19 13 18 3 5 16 8 14 15 14 5 11 6 11 3 16 5 12 8 3 11 4 4 13 4 5 11 18 12 5 6 7 8 8 4 16 9 12 13 10 10 17 5 16 7 16 20 15 14 8 12 11 14 3 15 6 5 17 4 16 17 20 8 20 10 19 13 13 8 15 5 12 16 19 3 16 13 9 16 19 7 6 4 7 8 9 11 16 16 10 10 7 10 18 14 19 8 5 14 10 11 17 6 15 10 14 6 14 9 7 7 4 15 15 19 16 5 9 6 17 8 11 15 10 17 19 5 19 14 14 4 4 9 7 14 5 13 19 10 14 17 3 10 6 13 14 20 13 11 9 10 11 19 13 5 3 20 8 20 15 6 10 18 12 7 18 18 10 7 19 19 17 20 7 3 12 9 15 4 3 7 14 11 8 9 5 6 20 12 20 4 11 14 13 7 4 14 5 17 18 13 6 10 5 19 17 3 4 18 10 9 18 7 11 4 9 3 20 20 3 9 16 15 3 12 10 12 12 19 19 5 3 12 4 20 3 6 20 17 13 18 16 6 9 10 9 13 15 19 7 9 5 14 7 16 3 6 19 5 9 7 12 15 9 7 5 6 4 19 18 5 18 20 10 14 4 16 8 12 11 14 3 12 16 13 3 4 15 6 10 5 5 19 4 3 17 11 15 3 18 14 16 19 17 19 13 10 7 17 18 18 18 5 13 4 8 8 20 17 3 16 7 4 6 10 6 10 15 20 14 11 14 4 18 13 6 15 14 15 11 19 19 5 11 10 14 4 14 8 5 19 9 7 20 20 16 17 3 17 4 18 12 5 8 14 15 5 3 8 10 17 11 8 12 3 11 20 19 11 15 20 11 19 20 11 15 4 19 19 9 14 12 10 16 4 14 17 5 16 10 19 4 19 18 13 12 17 3 3 7 7 19 15 12 13 9 8 15 4 7 5 6 19 4 12 4 3 15 10 19 16 5 18 4 13 7 3 4 20 13 19 6 4 3 6 9 5 4 8 18 7 4 20 17 3 8 4 6 6 7 12 15 17 10 14 4 12 4 9 5 17 16 17 18 6 13 9 11 13 3 20 13 9 9 4 17 20 11 20 6 17 14 9 6 18 12 5 12 14 4 11 13 5 20 14 8 20 14 13 13 19 6 16 7 5 11 14 14 19 17 7 20 5 10 19 5 20 5 11 18 12 16 5 3 5 12 12 11 17 15 18 20 8 5 11 13 14 6 10 11 10 17 16 17 17 10 19 9 14 10 7 16 10 20 19 6 13 12 14 12 19 20 18 16 8 9 6 20 11 6 10 10 18 3 6 20 10 15 5 7 10 14 20 7 9 6 5 10 14 5 18 18 3 7 10 7 8 14 7 11 20 20 3
634 375
21 637
516 76
30 687
286 502
272 567
646 211
319 348
267 118
121 199
198 314
576 613
295 671
589 222
440 654
47 640
461 146
286 193
133 166
154 389
25 107
622 550
333 445
314 541
628 568
100 633
687 78
685 282
395 620
656 499
551 309
650 504
495 65
474 541
241 659
123 341
440 662
207 433
265 453
187 593
439 300
472 493
201 169
275 30
40 656
514 190
291 201
86 631
251 116
389 519
498 375
120 365
462 446
533 387
448 243
217 3
683 254
101 532
93 382
126 594
562 515
70 233
528 171
184 89
242 283
438 480
59 206
2 61
18 555
219 656
645 316
410 311
368 300
34 198
580 422
69 480
452 258
217 184
515 234
521 255
554 565
334 381
122 398
651 33
419 270
575 383
692 407
59 164
281 25
536 89
620 115
231 464
480 221
413 164
641 363
657 425
555 659
454 649
338 472
609 360
333 152
509 46
694 233
599 98
356 456
562 331
81 463
436 297
615 109
377 445
679 422
604 190
166 291
373 284
507 125
97 25
334 312
110 5
514 114
301 596
315 292
53 559
455 690
362 509
422 687
282 329
500 151
35 262
626 7
221 364
249 204
162 12
42 198
515 285
243 617
370 14
343 612
67 205
491 248
610 123
505 563
178 406
636 253
437 401
618 413
217 662
481 482
651 319
218 60
189 687
196 213
641 9
337 343
675 496
643 577
398 229
378 256
32 351
67 622
612 640
253 573
120 19
382 566
91 35
374 12
18 676
187 432
438 521
65 212
336 222
176 635
645 553
617 173
348 135
240 22
146 455
564 366
182 116
418 438
416 670
594 551
65 113
267 334
513 33
575 295
444 246
28 53
401 599
283 250
474 579
287 2
249 45
445 122
317 663
216 336
422 114
8 698
413 235
633 513
406 346
493 388
547 278
297 282
155 515
598 652
287 8
306 593
181 610
626 365
695 264
108 156
220 431
109 501
226 328
517 320
609 443
54 186
263 577
227 33
19 71
108 298
78 97
417 397
306 211
264 106
496 678
491 134
604 436
419 123
362 363
654 392
86 362
251 316
65 692
248 385
600 160
178 211
628 368
241 608
320 42
568 372
524 323
30 14
193 574
498 392
632 48
32 603
559 365
350 671
581 205
522 479
41 646
539 343
236 518
500 393
439 204
93 610
643 481
554 407
481 50
644 29
437 63
57 595
127 61
107 87
670 559
377 590
454 59
200 251
184 162
82 181
32 490
523 261
641 634
464 415
10 337
310 349
170 410
555 681
372 424
199 61
444 342
23 96
285 314
393 526
475 140
14 263
117 318
23 646
13 653
475 478
343 609
562 228
470 101
281 101
471 279
288 502
323 699
677 236
477 90
111 623
114 137
29 386
678 28
109 193
497 127
124 344
570 74
59 15
608 25
616 285
155 124
620 694
518 172
366 497
466 5
409 523
109 487
211 585
116 16
606 139
558 462
578 271
106 440
486 46
262 238
389 312
621 643
119 84
292 482
680 402
646 699
612 454
514 469
334 101
17 489
208 321
239 37
417 551
363 245
94 491
478 540
62 387
31 147
512 133
427 163
183 543
353 539
77 71
571 73
602 356
354 380
578 622
679 391
435 51
139 632
467 171
602 77
151 481
78 265
478 590
569 416
161 429
407 301
124 690
207 126
641 259
280 369
340 485
1 405
0 254
337 333
101 434
324 125
606 676
107 106
346 529
241 167
221 656
620 77
110 31
543 559
83 269
646 317
648 454
194 396
500 276
611 254
161 582
61 143
210 416
567 19
568 529
167 201
328 594
369 15
236 67
234 575
544 178
53 482
449 56
426 387
76 261
368 294
395 464
575 644
416 53
292 399
449 319
350 260
35 288
610 471
79 16
214 317
215 109
536 580
691 68
645 140
97 388
465 104
238 301
142 236
161 682
182 1
617 259
487 414
427 502
497 231
661 636
582 43
669 18
505 600
580 396
423 429
665 491
25 267
92 476
605 279
639 548
377 511
122 606
105 152
566 563
172 482
236 629
438 264
659 306
563 106
424 73
670 178
560 36
501 81
367 616
401 78
543 331
84 177
429 217
668 456
579 372
330 464
699 681
411 128
181 489
126 26
167 566
658 255
235 512
560 687
467 257
571 352
426 53
30 357
339 334
415 479
435 467
639 166
111 262
561 672
347 591
497 417
511 536
553 637
575 294
414 501
184 604
175 35
311 494
91 493
543 468
28 235
439 286
609 183
447 227
342 399
27 682
649 262
35 65
157 78
685 564
312 421
184 690
209 526
204 182
590 3
569 278
521 293
344 398
159 588
386 236
628 214
254 14
43 666
373 511
248 106
566 326
650 262
443 117
553 84
148 201
676 321
368 341
206 190
548 532
209 285
660 615
506 195
80 684
266 103
393 602
566 254
379 468
311 476
247 422
174 537
310 590
621 317
494 100
277 286
387 570
468 505
463 696
492 247
446 402
37 168
41 482
496 172
453 674
548 331
546 538
510 561
455 655
149 63
376 696
542 623
649 21
393 444
678 647
347 362
605 59
218 270
513 381
302 397
542 177
170 594
491 526
335 196
614 416
238 70
610 470
673 54
124 305
313 60
332 462
602 151
602 54
101 128
476 343
209 17
271 593
41 24
315 579
16 369
259 464
535 607
48 409
458 330
468 249
485 128
294 160
452 203
302 404
601 513
376 401
255 297
164 270
675 699
337 434
257 354
253 560
5 137
267 190
558 32
669 255
626 293
179 438
233 95
330 146
241 299
243 492
41 422
599 323
376 9
616 611
487 206
256 32
574 121
147 255
567 229
452 437
504 196
601 383
314 87
61 427
236 462
76 595
509 660
416 461
53 529
469 1
66 59
353 229
121 336
211 152
252 214
539 305
244 95
57 263
208 243
440 154
316 199
47 692
146 695
273 168
579 550
450 443
516 528
622 566
354 431
444 310
141 319
563 75
209 214
115 633
400 520
692 514
579 312
205 110
642 241
514 401
603 536
471 234
366 53
591 427
309 494
627 193
658 367
506 350
326 564
487 646
514 36
367 335
250 502
681 167
9 291
195 90
307 36
372 676
688 51
299 247
103 157
606 680
204 19
650 541
445 229
438 88
148 301
527 447
2 234
686 583
63 691
494 169
264 89
145 513
526 650
214 330
75 128
491 565
312 271
206 675
91 549
475 368
377 659
473 86
198 689
72 688
603 439
448 511
153 683
579 556
507 211
207 460
541 579
248 651
484 584
137 617
397 557
689 527
372 576
695 194
620 392
485 653
190 192
322 630
394 384
222 167
254 408
638 579
365 425
383 639
268 684
306 28
580 84
680 379
82 173
522 217
53 513
55 8
540 341
252 402
22 689
87 448
563 497
11 595
410 155
126 75
473 232
434 664
179 397
113 447
278 96
9 18
574 415
545 363
304 170
517 125
636 288
194 7
565 517
196 608
690 619
513 340
544 461
138 223
506 179
390 354
483 470
406 461
161 183
591 592
679 212
504 344
132 368
139 55
267 584
32 71
403 84
57 129
90 280
225 18
291 433
101 454
121 302
144 0
495 310
308 88
693 316
466 589
239 603
231 396
451 223
449 632
220 87
517 636
192 500
692 446
667 568
632 422
203 182
432 51
468 464
658 216
124 288
404 102
82 34
337 227
480 421
329 364
275 382
346 428
250 34
17 98
603 414
422 502
627 533
449 564
356 193
115 85
293 460
389 542
542 571
165 687
604 49
429 699
641 473
651 154
76 375
505 160
670 205
68 613
523 654
355 332
13 182
369 690
459 134
561 366
371 545
469 558
292 69
58 256
613 302
184 247
55 612
256 365
598 648
120 570
118 73
17 515
391 369
109 460
421 113
623 143
65 498
481 7
312 435
383 318
682 318
404 168
284 205
695 372
496 121
117 21
570 652
136 260
246 631
323 399
393 277
554 276
88 256
666 545
591 517
334 395
223 2
415 87
34 127
97 81
418 246
636 520
565 371
323 656
440 461
221 248
696 455
656 86
242 130
291 87
411 59
576 376
36 465
568 417
232 154
207 145
519 583
523 74
145 403
174 432
439 155
537 602
324 482
542 111
163 619
516 549
526 204
637 595
476 529
457 501
27 638
188 573
290 280
341 507
659 437
658 181
98 204
222 308
326 257
491 332
253 65
71 573
150 630
376 458
353 660
540 338
232 640
520 442
551 13
386 399
111 206
176 416
249 232
574 338
453 41
622 350
681 391
628 289
526 208
522 557
498 695
65 663
186 478
28 394
220 653
73 538
272 341
29 222
171 229
478 22
12 591
593 149
351 522
624 81
444 640
30 163
502 381
141 99
569 161
161 71
196 214
41 627
647 75
205 143
589 441
54 277
563 657
305 498
422 136
367 170
182 672
503 617
487 301
383 201
465 240
665 302
537 265
418 534
26 200
597 353
452 153
481 28
355 360
546 649
282 13
386 509
102 414
682 397
261 382
633 128
139 332
163 563
158 313
289 392
379 176
586 592
378 336
615 381
262 253
495 132
473 311
641 537
627 661
154 430
266 30
290 565
695 137
393 580
191 329
438 499
430 248
356 94
475 314
570 107
100 442
627 558
423 245
476 370
51 122
646 559
387 137
594 10
532 35
606 151
235 496
98 196
305 326
659 431
213 688
626 207
223 178
524 306
394 421
543 224
524 507
172 484
212 308
434 525
96 661
4 103
226 453
392 409
242 196
374 138
585 383
282 632
518 624
631 543
119 397
289 483
440 193
547 515
349 372
405 672
325 179
177 173
105 394
534 330
497 149
342 216
108 566
260 150
250 527
260 670
253 343
594 566
29 124
605 66
580 641
680 382
10 662
140 61
32 180
458 405
80 68
199 148
331 50
529 456
485 40
298 486
628 190
666 482
58 384
568 84
572 313
107 533
128 92
28 422
36 329
111 547
105 290
653 241
116 328
450 455
432 555
306 395
213 312
669 8
140 629
54 302
519 99
183 291
84 248
142 16
205 195
369 114
255 558
579 646
519 443
620 243
107 678
635 54
532 186
189 20
130 127
465 446
204 169
464 589
399 433
75 652
424 22
148 413
528 557
586 40
555 74
269 118
535 568
338 226
63 306
585 428
360 207
197 107
434 179
686 432
71 657
36 393
318 70
76 325
561 50
444 454
0 529
591 234
216 558
625 523
618 395
176 130
351 359
222 117
697 583
396 470
336 513
571 246
135 143
179 206
384 310
693 561
269 446
420 576
143 61
406 376
315 171
194 644
250 372
663 145
673 483
664 231
339 37
19 483
220 592
322 111
272 264
596 220
400 305
634 194
165 52
105 363
400 161
135 84
243 221
152 408
204 174
176 400
580 74
338 617
616 453
381 582
575 440
389 530
360 251
665 356
87 252
107 122
668 654
292 570
134 335
270 285
210 699
1 325
255 403
654 557
477 387
437 218
198 246
657 435
317 448
255 419
14 414
299 37
590 184
467 243
404 224
9 221
427 621
176 583
67 504
214 639
425 29
695 146
639 549
695 688
109 48
220 532
440 411
553 419
689 412
48 239
26 150
484 449
273 658
181 108
26 142
569 668
689 619
217 273
110 75
116 478
445 458
233 405
622 237
571 158
636 215
515 277
131 422
223 101
24 138
564 111
220 235
669 505
90 82
189 697
358 228
346 101
65 561
169 599
634 476
580 433
170 565
308 89
697 113
277 259
561 660
333 394
13 325
60 495
81 387
221 260
27 574
241 661
296 240
134 0
417 450
673 171
90 218
218 568
263 544
101 45
385 9
698 31
256 514
425 635
509 159
695 382
505 677
299 257
124 515
522 56
192 325
163 634
507 389
68 151
616 553
672 244
427 112
448 173
580 258
581 168
19 433
112 574
424 355
183 45
315 617
428 156
94 698
122 385
591 377
377 650
406 26
240 639
82 24
504 283
75 91
377 636
384 367
58 653
578 454
515 319
118 98
609 84
629 687
573 165
319 676
660 315
665 188
9 158
271 65
296 452
440 694
149 40
385 278
588 490
578 60
531 5
664 387
660 518
523 275
575 319
229 96
367 372
500 82
631 449
425 374
268 348
64 296
257 548
680 485
212 590
279 609
380 64
618 214
360 196
649 207
17 551
195 488
515 225
180 645
107 436
102 616
162 564
42 534
510 265
592 0
358 491
507 591
295 43
490 592
691 400
19 12
55 171
155 302
488 260
432 606
124 284
338 182
671 552
209 411
276 249
590 425
20 544
204 597
519 401
25 298
427 290
645 660
451 658
6 94
175 244
632 202
64 507
452 451
234 128
61 65
50 611
306 518
320 218
3 527
577 697
69 60
160 131
573 557
375 218
537 608
492 288
428 41
158 243
185 8
253 338
276 161
405 566
10 135
319 131
75 152
173 10
500 350
169 460
358 0
461 430
54 65
135 128
605 529
176 167
15 522
575 585
347 471
261 510
54 222
43 70
379 188
343 436
249 478
165 160
482 551
361 236
34 354
475 581
385 184
104 266
480 390
290 402
475 565
507 386
42 72
593 592
566 541
212 203
694 550
460 497
109 340
97 238
447 70
416 673
292 248
650 445
347 689
592 334
22 252
245 562
161 42
357 553
285 557
41 670
36 270
275 426
392 534
40 317
631 239
601 67
30 589
544 342
453 436
696 486
88 216
229 405
621 461
89 572
551 404
175 668
342 536
37 286
273 97
278 6
170 28
313 240
336 606
370 204
133 217
363 516
449 7
92 482
302 226
688 669
204 437
458 69
664 224
593 625
226 269
184 569
255 530
520 540
655 271
641 154
670 671
496 567
285 111
341 451
179 316
382 600
596 619
349 318
166 610
687 656
304 250
54 628
279 292
210 79
506 94
557 427
72 485
357 365
443 27
698 396
576 95
589 366
132 296
611 398
68 515
577 306
36 416
502 152
506 441
44 528
668 347
633 471
348 323
621 157
311 88
395 282
579 187
74 368
643 198
389 503
415 403
404 318
557 368
212 426
406 584
112 361
352 366
491 196
15 595
500 305
497 678
629 38
474 91
655 192
643 278
188 359
559 383
456 521
631 619
192 55
411 16
203 600
232 525
579 36
155 445
682 79
562 57
319 627
166 109
584 114
286 385
54 691
684 641
588 537
360 338
634 306
636 604
593 118
582 331
115 149
268 468
120 560
539 66
257 549
324 139
399 577
125 653
131 534
548 654
219 486
694 425
23 255
616 15
86 397
336 157
463 542
607 113
636 361
543 19
455 599
102 151
515 479
24 94
166 142
317 287
209 323
381 454
101 88
30 620
253 23
274 278
32 656
7 176
634 197
402 398
64 5
610 12
464 171
637 440
375 484
383 241
524 212
608 286
682 537
419 101
385 70
555 593
649 340
447 187
457 291
187 494
139 511
455 659
518 489
490 657
196 297
640 467
169 190
395 148
273 416
188 164
282 524
298 446
290 406
252 636
316 374
45 181
426 270
669 639
281 339
301 116
242 39
150 462
277 124
48 142
624 502
521 41
466 405
508 439
505 146
434 39
637 206
270 28
447 10
385 325
411 538
41 256
689 382
108 186
129 413
600 91
587 29
165 563
346 674
472 224
292 15
344 637
115 596
374 580
95 69
398 250
591 679
348 525
675 235
558 152
433 256
698 4
200 502
474 376
423 549
499 326
683 694
144 315
4 443
160 201
259 221
370 216
557 59
652 27
630 18
14 406
485 279
537 113
292 268
121 331
418 9
67 108
249 68
417 120
377 39
548 172
534 29
69 175
303 635
684 38
118 352
390 625
507 377
128 558
2 652
594 162
564 78
177 303
602 536
330 516
497 28
34 488
169 540
241 439
112 564
390 592
427 418
534 356
88 175
579 665
439 190
218 199
402 52
649 61
140 407
637 217
330 119
532 560
525 191
199 284
19 381
327 689
385 30
312 635
109 1
581 11
195 200
351 75
608 329
572 191
664 127
265 403
65 588
147 90
664 533
560 496
250 45
110 35
514 490
679 557
405 488
280 420
608 455
52 626
466 536
297 430
78 152
514 397
356 251
580 395
563 135
89 90
404 638
316 229
163 624
546 174
662 212
258 557
207 643
33 560
118 262
457 323
76 446
381 547
554 398
181 378
284 59
209 620
351 683
432 146
79 364
402 174
75 102
50 120
54 375
624 85
432 240
517 222
8 157
483 202
110 460
690 430
343 479
283 635
146 368
27 366
174 244
255 475
217 488
313 434
407 592
449 525
667 630
263 296
423 229
261 438
289 572
229 168
430 546
590 79
97 455
358 684
412 353
681 252
462 97
148 6
403 109
543 3
660 155
243 547
421 128
109 515
211 472
596 262
132 322
548 680
629 312
69 647
168 350
557 152
257 605
672 104
136 431
451 441
484 13
440 574
460 369
274 583
170 677
77 617
172 598
313 636
135 339
555 538
95 381
10 378
694 104
305 98
579 354
212 288
162 660
225 41
147 469
429 250
561 562
668 463
378 140
336 486
194 324
119 259
637 293
284 612
43 358
635 328
261 61
648 157
529 493
283 652
62 490
273 536
207 3
625 202
505 133
287 698
157 40
120 28
241 67
420 102
360 511
103 469
324 410
255 679
662 449
567 478
54 117
236 28
311 16
640 495
43 166
200 630
396 390
70 658
445 678
70 185
544 286
651 276
95 427
64 97
566 53
487 52
290 309
441 180
257 131
0 181
149 372
323 509
246 38
688 380
307 369
450 79
132 629
530 502
105 125
526 434
54 148
82 11
543 469
262 693
692 32
624 395
365 330
13 445
383 561
526 157
539 564
510 69
95 346
13 686
382 518
143 389
277 208
644 543
471 128
124 194
489 504
84 0
266 289
625 193
462 370
106 271
248 62
237 223
255 378
217 177
585 459
100 449
60 583
609 555
291 214
229 550
111 512
355 383
298 210
58 259
644 238
277 555
417 352
498 517
387 386
41 12
7 457
61 98
284 248
518 502
158 318
566 635
225 474
631 65
12 636
100 530
431 502
561 494
143 533
319 232
656 416
261 20
627 398
234 261
236 630
357 602
594 417
54 182
254 383
461 34
99 672
326 613
199 654
199 213
41 556
677 117
319 601
162 176
660 194
111 664
1 602
260 644
678 672
251 24
181 341
431 573
133 398
143 574
386 420
236 65
78 308
201 309
286 391
128 136
219 621
474 620
626 698
629 163
500 67
543 674
144 236
72 18
0 184
171 35
576 517
309 593
554 525
243 327
657 308
200 309
619 145
622 387
329 248
376 644
668 133
132 411
297 695
37 80
257 363
600 132
415 533
506 421
549 143
171 443
380 160
218 497
693 554
214 338
151 81
167 650
39 289
137 435
639 528
356 528
6 214
137 351
240 200
482 45
246 34
572 59
697 523
84 652
655 180
219 1
12 254
219 503
519 559
137 468
316 314
267 256
651 526
413 541
404 132
455 226
442 386
120 678
92 163
500 374
2 673
488 357
643 222
456 393
687 508
75 525
607 290
77 626
494 509
166 602
196 548
470 33
60 289
689 557
659 10
422 535
45 182
505 130
300 676
243 457
84 270
694 54
156 294
284 105
687 125
280 673
665 414
524 504
493 289
441 588
159 429
281 490
128 215
236 76
657 548
85 643
328 415
470 312
379 86
647 69
388 401
386 184
510 142
238 195
418 224
162 254
615 602
82 616
21 639
281 282
239 624
320 116
332 579
183 83
353 474
479 669
477 526
364 480
311 28
153 486
119 153
445 544
72 430
699 298
532 112
77 335
161 303
397 523
475 48
464 125
227 659
397 2
394 445
146 192
67 201
564 623
462 681
295 252
37 346
427 44
308 678
132 256
44 242
203 178
238 114
219 333
282 696
142 88
234 549
206 22
94 363
491 566
210 595
29 695
440 256
162 145
564 670
560 424
389 672
560 185
505 486
262 28
328 206
61 129
34 37
22 348
650 324
133 295
407 286
614 676
39 471
176 590
302 511
499 585
617 254
697 285
511 421
316 618
506 279
615 631
578 463
235 192
254 367
203 52
16 458
428 514
493 188
578 89
362 38
281 677
198 164
167 298
114 595
681 520
38 157
404 294
108 397
218 396
31 491
498 245
347 96
647 543
362 175
181 263
127 153
297 241
30 572
329 362
518 146
473 117
469 393
114 305
105 435
315 631
309 290
508 4
491 668
78 427
559 72
20 661
151 468
168 322
287 420
588 688
77 643
666 559
439 607
626 374
247 453
61 491
476 267
642 430
674 641
432 302
94 403
522 163
124 0
328 177
418 413
229 18
320 208
424 101
584 699
321 330
363 102
599 316
491 465
308 180
365 324
629 215
125 382
110 597
252 520
512 329
90 695
161 442
148 182
432 540
113 226
288 330
489 685
651 12
231 250
490 448
83 343
499 282
681 666
55 662
321 247
271 482
629 617
260 661
389 357
49 409
128 664
213 75
152 105
119 151
179 539
30 340
57 502
545 602
604 676
116 123
631 548
374 462
460 695
597 135
189 621
2 537
135 533
507 309
148 501
410 650
464 67
82 202
630 274
372 192
16 276
683 167
616 236
170 176
584 540
382 10
41 26
604 143
13 73
559 173
436 379
23 640
458 657
275 531
120 474
461 344
634 138
451 381
309 643
3 251
505 617
468 70
547 468
247 335
195 87
300 588
531 95
98 603
14 372
123 585
619 2
521 527
142 571
247 115
19 305
194 509
670 316
364 676
430 571
635 472
274 511
149 139
699 680
606 636
57 480
519 125
81 317
506 348
601 573
552 506
144 272
158 314
490 198
94 502
60 164
338 282
109 382
301 33
49 302
181 394
656 12
275 63
609 477
501 214
489 458
225 565
563 425
194 352
387 629
676 543
698 153
633 241
480 441
643 61
635 52
524 190
390 397
333 52
425 401
596 129
167 286
218 395
72 150
314 693
678 604
253 686
209 266
367 687
235 372
24 240
592 508
553 697
626 611
470 302
627 523
465 123
164 633
149 657
240 213
675 211
464 300
293 250
59 691
27 253
447 680
489 460
517 22
105 387
669 58
117 515
220 6
454 634
2 141
138 74
88 110
181 418
440 107
137 591
663 278
361 683
250 490
406 356
530 415
189 375
573 540
54 525
571 212
410 383
385 213
156 422
254 554
530 477
42 590
476 83
249 390
80 600
78 620
606 23
45 609
610 691
369 351
593 26
193 324
256 374
300 666
540 607
555 637
28 95
353 475
66 572
269 221
277 295
216 316
674 47
107 290
430 71
227 622
58 212
245 601
324 261
315 337
466 256
691 427
102 461
472 191
497 481
541 271
120 342
264 623
575 50
38 211
110 0
254 130
231 260
185 134
514 147
620 626
62 681
627 522
321 189
592 272
367 142
558 406
640 292
373 609
605 371
409 295
374 413
29 336
473 461
431 650
476 171
59 486
648 320
125 638
588 642
279 541
682 391
506 238
141 143
177 433
551 677
337 4
337 75
343 216
321 356
496 329
538 529
98 369
428 306
547 193
104 424
611 65
468 356
92 82
246 138
66 99
69 662
339 275
591 321
272 488
331 556
587 485
211 615
79 54
588 284
149 687
290 635
666 546
562 11
553 666
312 375
151 388
374 304
531 496
513 270
515 555
527 69
193 517
603 307
647 84
455 582
682 25
658 494
3 113
162 494
138 267
258 224
335 687
239 689
317 264
45 462
380 426
210 457
585 145
530 555
237 288
48 405
198 678
70 223
469 17
205 213
490 616
424 53
176 153
15 579
518 481
202 300
552 207
237 147
285 665
425 405
391 123
298 229
33 692
389 373
338 591
205 660
171 463
71 603
344 497
574 94
384 568
577 638
573 239
690 199
20 523
345 464
185 362
638 316
548 663
407 4
73 184
669 225
78 134
187 155
509 441
466 567
252 510
120 699
564 486
1 339
543 8
396 495
113 477
133 279
78 420
672 164
120 58
44 213
136 680
355 397
224 699
140 467
140 633
476 158
380 501
54 457
535 375
638 99
570 345
90 640
585 560
130 69
159 376
621 620
679 496
238 110
141 679
540 388
226 293
46 643
456 615
485 230
591 37
629 380
544 270
70 688
402 343
44 126
264 108
376 196
611 369
566 315
411 611
156 599
16 213
638 163
626 396
697 251
110 51
268 458
129 442
207 402
580 103
573 159
54 32
364 95
591 221
170 617
619 351
684 698
461 667
13 194
283 536
220 549
47 600
175 146
56 673
53 16
21 410
42 84
630 511
242 93
353 447
202 403
205 353
337 690
637 541
317 21
387 239
586 699
372 108
433 168
609 346
599 102
300 238
150 336
58 692
106 148
135 359
531 513
645 351
624 12
223 46
583 79
165 414
494 285
122 202
33 215
331 348
513 260
392 236
223 644
358 377
542 512
252 225
17 226
313 680
146 61
550 652
432 196
477 204
636 430
546 544
321 150
35 552
399 651
662 687
531 590
536 51
262 368
350 520
413 157
63 216
103 20
269 349
179 261
465 61
88 440
161 515
585 129
2 683
429 595
587 396
318 388
100 541
426 573
543 229
130 577
291 114
396 451
193 585
246 217
413 6
245 621
51 206
254 455
614 295
136 371
513 455
305 263
411 161
583 632
107 129
657 196
521 89
344 609
168 475
417 513
621 129
37 368
180 253
294 657
676 687
313 305
207 685
621 376
404 403
344 349
507 373
465 299
546 648
256 451
502 388
468 164
88 638
429 405
629 658
166 568
129 433
481 81
174 179
698 40
77 316
20 521
680 447
164 466
353 133
154 198
109 455
494 578
146 141
480 361
615 297
515 361
182 673
664 370
145 338
196 17
317 132
112 285
348 86
133 240
562 535
504 633
146 684
362 386
295 499
487 246
164 472
264 20
254 653
24 69
303 287
634 22
679 411
109 670
331 546
492 640
161 193
35 24
114 389
63 651
638 149
51 622
138 226
547 590
502 47
309 644
9 294
631 250
67 160
37 160
461 222
0 393
66 289
386 432
390 192
646 326
593 638
135 48
551 148
373 4
538 249
49 97
486 484
511 458
238 182
247 659
449 127
604 16
133 151
71 649
86 529
562 456
38 500
405 254
272 291
144 239
240 250
296 590
604 305
254 125
241 294
6 307
408 232
697 529
40 630
450 126
518 368
227 2
539 557
309 64
329 221
85 560
89 158
540 390
475 647
321 86
115 533
121 654
431 264
421 585
225 227
692 109
125 546
44 583
511 291
144 85
82 48
435 58
72 522
164 216
160 570
265 363
345 637
326 273
305 224
485 342
444 382
277 166
132 133
664 208
481 363
275 17
39 250
604 450
485 382
39 367
444 57
52 171
285 538
170 114
572 484
556 205
40 678
687 183
363 263
345 395
296 9
675 172
285 295
237 545
672 291
523 587
325 130
129 186
72 461
438 447
143 49
325 554
447 502
17 442
29 561
697 530
408 359
632 31
268 378
230 64
33 664
127 347
298 404
635 86
362 529
694 594
371 343
400 219
249 238
485 93
102 225
581 465
212 191
409 658
664 264
569 191
236 224
81 653
467 95
229 662
128 125
305 205
65 366
555 520
659 329
74 359
237 366
454 409
430 385
172 81
481 207
608 426
139 235
368 677
681 73
627 387
198 221
137 423
259 103
579 549
224 300
523 536
167 35
153 510
43 440
407 151
624 231
269 358
283 77
69 52
280 652
151 655
553 626
72 122
166 230
473 251
89 77
211 618
82 47
219 5
295 548
505 198
571 699
272 562
491 78
34 223
498 569
340 557
267 154
243 88
104 62
238 168
111 466
151 135
480 312
106 111
381 107
355 230
609 604
356 441
551 566
179 361
408 589
687 241
125 272
299 627
193 596
228 507
258 292
189 211
457 159
84 201
180 583
519 38
641 403
0 101
262 557
136 365
253 456
22 629
19 625
220 324
592 665
429 17
469 80
483 647
285 609
437 5
393 616
290 518
11 247
559 474
516 374
434 388
531 323
258 552
377 317
600 447
674 277
296 105
206 417
524 205
619 382
255 73
344 656
345 334
212 123
42 207
217 495
339 530
647 176
166 356
260 162
7 246
23 295
529 306
39 554
149 575
681 162
531 282
133 521
35 57
29 156
528 618
510 74
500 147
578 175
312 556
192 524
260 123
105 474
59 261
483 3
326 323
395 34
413 452
172 337
689 477
426 182
416 649
82 634
170 211
348 257
63 524
548 33
83 359
650 490
234 132
667 88
210 62
457 75
554 138
509 211
628 652
84 394
251 26
452 158
237 90
577 348
548 234
340 549
634 489
28 270
105 291
145 235
105 491
335 260
481 602
151 519
560 86
464 694
315 291
522 420
139 435
640 78
161 407
390 286
89 396
404 678
670 594
493 279
323 305
27 266
465 363
445 528
29 213
148 698
262 670
156 558
516 406
533 401
510 646
274 19
121 352
12 305
351 239
403 511
341 673
55 101
109 41
202 177
686 272
641 229
558 23
151 22
583 616
560 645
195 333
341 627
208 481
88 544
469 688
10 169
440 184
303 226
540 518
504 253
681 75
0 243
693 203
336 189
119 534
304 510
250 254
297 201
533 83
655 548
353 130
285 645
236 687
85 175
613 337
278 423
693 332
55 621
204 313
576 497
63 250
438 437
468 293
688 697
530 179
652 191
45 251
429 561
9 674
543 632
274 26
94 149
142 62
605 459
64 485
543 268
503 518
551 29
133 43
308 18
590 449
596 61
389 428
404 328
670 271
196 96
359 503
488 691
423 640
14 312
329 78
64 67
667 207
334 434
9 233
73 168
352 241
513 314
2 100
408 43
639 330
298 554
451 189
277 671
452 536
171 628
178 648
365 595
157 672
40 432
340 196
215 424
481 159
571 2
571 276
524 590
638 406
663 307
694 436
639 538
247 584
19 616
397 323
434 452
343 526
238 52
111 371
669 539
353 632
469 97
100 113
263 645
551 392
520 358
67 12
504 44
80 16
292 578
486 450
643 267
594 175
322 132
312 352
568 257
269 258
103 501
251 358
140 162
218 162
200 172
344 685
590 624
468 128
443 494
665 370
185 275
103 277
206 100
604 139
411 658
649 631
481 551
221 378
227 147
452 521
365 496
640 421
174 171
552 297
94 77
562 61
90 308
129 428
667 414
582 159
153 369
569 396
545 2
169 325
283 192
229 202
381 344
606 545
532 256
140 256
613 590
272 97
506 605
135 153
123 608
481 535
417 64
329 284
14 152
59 120
163 505
472 93
18 571
458 283
191 5
371 225
345 692
194 483
223 116
62 180
432 644
342 90
611 651
218 559
655 174
284 585
227 671
142 622
649 136
509 473
299 42
341 147
320 555
203 430
567 477
481 679
681 490
308 385
562 503
140 472
144 588
355 643
218 154
656 351
604 92
267 297
370 184
633 484
2 306
259 227
607 491
130 144
154 612
439 77
194 691
95 355
353 132
45 285
638 126
280 518
338 40
511 558
191 171
341 63
142 532
516 223
20 125
516 470
97 370
316 437
73 315
30 487
593 41
421 286
630 406
352 546
405 317
596 42
555 544
645 677
644 265
105 606
415 498
296 690
471 27
537 214
597 262
477 456
576 411
603 113
83 606
429 342
182 90
364 593
661 471
504 229
393 147
129 226
154 288
423 444
588 346
16 579
587 58
318 638
241 687
75 625
466 539
576 450
128 639
93 88
113 657
622 492
599 475
75 29
441 406
537 566
42 634
214 6
660 695
646 602
213 507
387 105
268 107
515 343
16 373
289 599
522 331
147 41
375 636
57 530
566 670
629 679
279 656
244 578
498 79
479 8
332 609
681 635
478 507
552 118
640 295
400 241
50 39
402 356
12 124
400 187
613 479
297 101
548 382
474 134
562 431
485 486
688 362
500 697
428 425
79 220
456 225
187 157
272 172
617 353
555 233
42 523
494 490
506 217
478 266
574 256
12 121
71 670
438 568
294 176
16 640
351 277
499 269
110 393
694 489
88 537
487 47
575 41
167 443
437 690
293 192
140 395
140 20
40 244
104 388
184 93
10 670
225 537
449 233
357 115
147 170
137 436
593 77
20 54
370 45
439 115
196 581
325 470
102 625
532 635
298 693
691 143
278 595
64 164
612 698
308 624
156 222
575 56
151 136
179 112
498 74
688 346
541 106
403 140
376 250
120 57
596 610
404 583
46 388
262 270
307 98
193 342
681 639
625 90
189 37
630 551
241 90
182 238
282 528
615 236
277 647
21 324
465 187
48 518
188 253
578 120
582 304
479 670
348 591
219 338
234 58
496 486
54 562
64 401
74 369
253 212
677 161
38 526
184 584
464 644
303 69
277 47
421 618
225 411
584 578
678 525
623 221
440 127
332 597
288 90
422 372
256 622
204 261
614 112
339 696
34 95
271 463
194 299
582 60
547 478
661 580
502 411
443 204
523 1
458 428
526 656
658 305
477 518
667 39
499 230
631 369
1 345
159 654
14 537
431 62
663 65
396 125
510 573
463 602
549 576
600 42
305 516
529 326
672 109
694 241
260 218
220 108
385 237
26 492
633 207
504 668
628 512
24 508
528 173
107 365
478 548
553 652
415 236
560 43
104 318
178 63
643 628
68 133
544 274
521 81
21 509
554 21
210 666
102 233
316 37
408 685
369 314
145 362
138 36
658 10
46 581
163 32
388 456
393 684
365 205
381 130
468 153
400 429
645 423
165 186
44 374
553 156
156 593
267 515
370 634
640 431
288 111
564 408
633 313
480 609
623 599
417 137
635 40
250 474
375 656
121 287
490 524
48 71
595 248
600 81
64 26
576 317
55 219
23 294
556 420
572 497
631 117
392 364
679 329
334 442
280 298
627 464
21 69
110 350
430 421
78 214
403 591
525 444
697 239
559 691
191 280
140 298
144 663
426 314
94 368
214 264
280 554
430 29
9 479
617 76
496 614
356 275
567 38
288 364
349 342
231 570
19 512
535 222
361 228
444 532
379 160
200 469
408 548
606 681
619 672
252 403
204 586
683 565
603 139
249 517
539 250
419 459
559 281
51 60
212 199
640 16
407 649
326 461
262 152
457 513
57 665
290 150
369 334
533 563
40 464
61 157
332 506
35 277
458 9
681 379
387 145
174 285
388 89
71 76
479 224
652 639
162 560
488 462
7 29
206 299
549 450
249 195
367 320
207 484
80 261
36 75
2 363
292 674
599 184
582 456
83 424
291 177
27 509
279 419
455 25
504 615
368 79
322 553
400 98
225 573
338 412
513 597
83 51
525 369
181 655
417 266
369 377
16 473
59 475
680 346
157 441
203 409
627 564
398 605
4 603
120 219
532 557
257 76
234 665
181 193
587 627
620 570
71 693
141 61
683 259
227 611
604 607
364 69
509 54
516 659
332 58
501 106
13 248
585 432
583 204
562 518
598 89
453 328
9 299
650 47
661 152
457 199
571 523
259 573
389 382
205 140
115 395
33 487
532 621
513 258
33 210
163 426
374 330
372 378
507 423
480 156
361 112
231 389
258 410
176 116
615 566
528 351
662 144
207 235
289 82
527 367
389 682
246 694
695 294
629 419
441 248
205 288
538 143
184 658
74 152
314 579
190 441
644 615
516 624
151 560
649 471
89 38
534 59
619 122
487 607
290 78
578 290
294 441
469 349
117 382
449 419
390 311
544 113
332 57
344 574
567 489
263 145
125 38
657 621
658 679
272 603
369 353
93 553
691 611
37 572
455 600
491 514
536 292
0 94
461 74
79 58
550 145
106 320
215 173
308 405
90 171
618 613
218 306
378 435
334 22
581 361
38 477
683 534
445 670
327 678
380 317
59 389
423 511
300 348
669 662
73 148
190 317
564 137
168 167
263 660
89 166
326 689
89 548
387 174
624 299
409 357
373 518
369 32
604 500
82 406
106 193
290 662
537 116
613 497
585 437
680 409
2 24
370 383
135 103
515 90
569 145
302 640
567 563
537 451
590 657
637 40
239 460
130 254
23 20
139 397
150 232
321 600
209 37
150 209
254 411
461 177
158 103
388 543
211 375
128 201
400 44
613 165
161 426
328 407
226 627
468 333
233 699
463 478
501 405
416 141
612 304
511 298
136 40
524 292
496 182
669 598
266 34
230 478
567 198
245 234
643 169
32 137
330 319
672 52
377 551
149 235
60 268
457 527
223 515
487 205
45 493
360 471
198 373
607 559
140 518
309 443
130 148
599 123
84 274
336 493
286 105
186 497
408 498
140 613
51 294
122 63
635 142
586 521
100 320
543 260
245 14
308 633
455 386
297 152
94 127
143 244
382 105
302 497
698 598
27 71
606 212
103 540
471 612
416 516
498 246
411 471
179 566
481 97
192 359
149 536
161 66
80 133
673 344
378 364
124 30
129 285
369 92
410 634
440 546
411 543
150 366
282 71
75 412
135 78
76 512
241 238
313 45
111 399
631 464
303 422
516 85
544 74
121 443
444 161
571 37
430 542
202 39
406 284
42 510
424 571
466 305
616 52
105 574
206 495
691 548
621 595
430 262
321 265
92 381
274 607
578 119
292 286
202 443
486 126
71 15
570 158
285 50
420 13
397 54
200 61
25 145
667 310
350 375
8 69
554 190
586 611
491 175
422 624
541 97
373 649
633 62
201 463
330 360
402 105
164 20
69 516
35 172
12 376
502 295
252 518
509 254
2 666
262 352
595 571
569 633
588 33
434 169
498 643
412 680
43 689
1 281
500 472
300 176
521 292
255 665
105 432
336 6
286 89
67 11
564 454
316 323
543 225
309 674
430 603
501 188
669 53
11 552
526 497
68 302
558 692
481 464
105 375
303 52
227 55
7 312
4 143
239 234
24 165
492 560
684 402
274 574
340 506
401 208
122 35
225 542
666 4
235 581
337 418
148 361
141 8
134 387
541 361
240 56
175 165
451 663
426 668
25 470
244 542
533 585
391 157
56 592
301 260
531 696
491 259
524 256
25 682
368 353
109 564
77 205
493 277
240 221
669 620
446 244
