700 4180 2100
6 14 7 20 23 16 13 5 18 5 7 24 24 22 12 18 24 23 6 15 11 18 6 20 19 17 8 24 7 14 12 10 11 6 18 10 18 17 20 13 21 20 13 5 22 24 6 21 11 9 11 6 22 18 21 12 6 7 5 18 9 10 8 16 15 14 22 19 20 8 16 15 9 8 20 17 7 14 19 5 16 18 23 9 8 12 10 15 12 25 11 17 16 19 23 18 14 6 19 21 9 6 22 23 16 18 22 21 24 14 25 24 11 5 10 22 18 22 9 18 7 7 22 14 10 13 20 23 22 5 8 19 8 14 13 15 8 23 16 8 21 5 18 20 13 15 21 11 5 6 24 8 8 10 21 12 25 18 25 7 5 18 9 22 21 24 16 22 24 9 18 10 12 11 13 10 12 12 9 17 9 12 13 19 24 24 20 22 8 9 10 11 18 7 14 19 23 16 20 24 8 6 21 13 20 9 21 12 16 19 8 12 22 21 11 13 7 22 19 15 24 6 7 16 20 9 21 24 24 16 5 24 18 7 7 19 21 11 13 20 7 21 15 21 12 13 17 21 6 15 16 17 5 15 9 23 14 19 12 18 5 21 15 16 15 6 7 24 6 15 10 5 18 22 18 18 5 15 17 22 24 7 9 5 9 19 8 10 17 21 15 23 16 16 15 11 18 13 22 10 8 17 15 13 17 8 13 14 23 24 13 15 14 15 20 25 5 13 5 8 21 20 25 17 15 9 7 12 7 13 25 11 18 10 17 20 16 23 12 10 16 25 10 23 10 17 14 14 10 25 19 11 23 19 20 9 21 21 5 20 21 22 23 16 6 7 21 6 19 15 11 6 13 5 5 18 9 13 20 15 25 23 6 17 6 8 18 7 20 25 12 9 18 8 6 12 12 13 5 15 16 20 24 13 25 8 18 5 17 14 11 9 17 24 13 12 17 20 13 21 18 17 6 21 19 12 13 23 22 16 14 14 25 6 11 21 23 9 5 21 20 19 23 11 6 20 19 9 15 16 6 16 20 15 8 23 24 20 10 6 14 16 6 21 15 25 5 15 19 14 8 10 13 15 24 16 5 10 16 13 18 16 23 15 15 22 16 5 11 21 18 7 5 18 23 5 19 9 13 19 15 10 23 22 24 11 11 14 23 9 22 10 17 20 23 23 18 19 18 21 12 7 20 20 17 22 23 14 21 15 22 19 11 21 22 12 22 21 18 25 6 10 10 17 8 14 15 18 12 14 11 13 17 9 20 19 15 7 11 10 18 20 21 8 5 11 12 15 9 9 24 25 7 15 11 18 16 23 23 6 7 17 14 10 9 10 16 12 6 17 21 18 5 11 25 15 12 23 11 18 20 21 22 11 5 7 21 14 21 22 25 25 25 9 22 11 5 24 18 8 9 20 19 6 16 23 7 12 14 22 18 21 7 11 21 5 5 17 25 19 19 23 18 23 25 10 21 17 22 24 7 10 20 20 6 9 10 15 25 21 16 23 15 24 18 6 15 11 8 21 22 19 9 24 12 11 14 22 21 19 20 9 16 12 23 6 17 23 17 14 15 11 17 13 6 18 6 24 13 17
3 14 11 16 16 9 4 12 20 15 12 20 18 7 6 9 20 12 10 20 5 7 20 20 15 8 17 18 12 6 16 16 12 12 18 9 8 9 4 10 11 15 20 20 7 11 6 9 19 4 12 18 6 8 15 8 13 15 11 3 11 12 12 6 6 17 14 10 6 14 8 7 16 13 10 5 14 10 20 14 10 17 13 5 5 19 3 3 10 14 5 4 13 6 9 12 6 12 5 18 17 20 19 10 6 17 7 13 14 17 13 9 19 3 15 5 18 12 6 9 16 20 8 14 16 16 7 13 7 12 19 17 10 7 4 6 6 8 3 3 7 14 14 3 12 12 20 9 4 17 15 19 12 5 10 13 7 19 5 3 9 10 20 20 10 5 5 6 18 6 7 10 3 12 15 10 5 13 20 3 19 15 12 9 9 8 8 6 19 20 15 4 14 3 15 15 5 10 9 19 15 9 16 12 9 7 19 11 12 8 10 9 5 17 7 6 10 5 4 5 18 5 19 6 16 7 5 3 19 15 12 7 5 4 12 7 13 16 12 16 17 16 13 20 7 5 3 3 20 8 14 20 4 5 8 10 12 9 7 19 16 9 14 11 16 19 16 10 16 10 3 19 13 3 7 10 20 16 14 9 15 12 9 10 6 10 4 16 8 17 20 13 14 15 13 12 18 14 11 17 16 12 5 6 11 7 8 18 15 3 5 10 6 19 19 6 9 20 7 7 8 10 4 17 17 4 20 3 12 20 12 18 4 15 17 8 6 14 8 4 14 13 19 13 19 18 20 16 20 15 11 5 17 10 4 11 17 13 15 16 20 12 12 16 13 4 5 18 5 8 8 12 12 11 20 13 13 9 16 5 14 5 10 12 11 15 16 11 12 20 16 13 5 3 9 20 3 7 10 19 3 19 13 6 8 8 7 15 12 9 9 19 15 19 8 6 6 10 6 17 3 19 4 14 7 10 12 18 4 13 3 13 14 11 10 18 17 11 20 3 17 3 3 14 10 14 12 10 19 18 14 10 3 4 5 17 11 16 10 16 3 20 16 3 6 6 17 15 3 20 18 12 16 17 11 5 9 20 11 15 18 11 17 20 5 16 20 19 5 10 11 10 17 13 16 7 7 9 17 11 13 6 18 15 18 15 16 18 16 17 8 15 20 11 17 18 3 5 15 10 18 16 12 9 6 16 17 7 14 17 8 15 9 7 4 7 18 4 14 6 4 10 14 20 7 7 19 11 6 9 5 15 15 8 10 17 7 16 15 6 20 15 19 16 6 12 18 18 9 3 17 15 18 17 15 20 17 11 19 13 13 17 15 17 13 9 3 7 11 18 14 15 16 6 6 14 6 15 19 9 6 18 15 5 9 18 13 4 11 12 13 3 13 17 15 18 5 11 16 16 9 17 4 19 17 3 16 18 19 18 19 19 15 16 20 9 12 9 20 7 9 20 5 14 15 14 11 4 7 10 6 3 11 9 17 18 8 17 13 13 6 15 3 6 7 12 17 18 9 16 15 9 17 15 6 5 4 19 4 13 19 12 6 12 4 6 13 3 8 19 9 15 13 17 11 8 8 10 18 11
49 385
135 327
532 158
390 190
411 610
515 40
273 503
54 186
411 50
224 442
510 22
257 399
687 343
565 623
317 651
674 434
240 593
256 72
126 268
547 496
633 542
357 545
7 457
398 684
315 555
557 515
71 510
327 348
261 422
561 545
22 94
582 87
33 374
602 427
36 660
262 343
311 406
346 608
693 7
568 517
560 286
123 125
125 49
253 212
24 215
571 678
163 6
482 526
62 496
327 617
74 323
396 160
207 317
119 647
391 473
583 389
584 185
394 303
642 342
418 683
582 514
251 110
669 327
83 410
108 326
613 469
66 92
542 560
22 107
203 431
89 300
610 179
498 207
518 623
695 204
158 424
402 104
457 436
291 166
79 214
97 201
594 619
258 660
145 671
425 301
283 427
185 270
179 322
652 27
121 588
596 657
403 294
617 284
524 253
244 379
123 155
162 426
667 161
695 234
631 240
410 269
226 540
617 595
137 105
556 635
616 228
99 491
400 582
387 447
690 92
650 503
138 156
630 183
263 633
636 92
696 21
14 187
95 467
555 466
239 680
45 357
126 266
341 11
82 173
217 431
263 81
196 156
290 348
120 493
304 468
334 177
10 545
124 198
181 218
364 681
524 216
409 501
213 12
334 696
427 523
506 529
550 335
206 122
685 559
522 227
367 595
678 690
275 179
479 419
581 175
365 493
349 403
377 57
4 145
564 651
107 501
434 231
446 679
301 575
0 157
380 653
681 175
204 0
632 285
509 321
222 546
685 141
129 489
278 242
312 637
559 109
397 678
607 507
457 1
324 51
450 187
141 500
339 36
37 207
501 575
631 98
589 129
511 480
687 95
59 419
500 98
320 355
651 259
460 151
666 332
604 109
38 349
2 620
694 360
213 664
3 352
333 63
555 330
489 417
681 249
571 506
393 2
374 683
501 607
304 688
152 699
277 627
431 449
111 519
470 247
231 644
587 418
202 440
114 262
574 310
399 254
573 696
420 301
655 162
595 576
396 693
164 521
348 428
601 586
68 467
537 94
26 48
53 256
266 39
163 234
447 150
107 278
565 508
470 383
238 546
548 480
320 81
204 671
296 674
316 667
455 120
81 679
205 195
291 416
103 534
139 15
89 498
675 518
287 135
165 3
247 688
344 297
480 224
68 42
259 522
393 384
522 625
490 594
339 544
270 465
536 196
63 543
463 40
617 9
63 202
338 337
77 100
198 562
230 427
201 160
81 69
202 605
576 216
246 94
263 109
152 500
120 299
658 163
256 634
39 436
601 596
288 110
287 600
511 589
692 564
505 509
113 296
622 273
65 471
91 335
543 287
201 504
461 288
519 630
607 447
91 82
73 112
488 565
71 524
164 631
213 167
512 81
238 204
629 139
7 653
451 212
318 603
463 587
574 514
196 567
406 48
505 244
451 281
265 219
94 684
20 241
140 693
420 500
260 36
455 24
9 378
473 22
216 356
449 662
47 450
456 308
688 178
145 55
433 201
185 13
78 4
539 413
141 140
530 3
435 242
76 579
443 140
414 13
402 393
522 153
215 369
258 244
336 367
627 78
496 693
40 562
161 204
461 192
206 218
470 51
31 655
271 79
532 236
130 664
627 596
408 302
333 494
150 478
333 318
415 381
266 234
579 465
263 606
56 485
542 163
598 310
335 498
120 169
224 444
534 464
154 547
416 182
499 213
110 6
590 36
382 165
636 413
36 584
185 589
397 607
689 154
106 119
668 623
304 243
562 376
636 629
273 583
672 55
622 665
413 371
684 192
225 287
431 315
51 522
392 148
465 462
601 393
505 240
556 274
686 423
143 476
80 337
86 653
8 479
258 475
594 657
517 669
139 631
180 146
646 589
359 142
44 339
59 563
250 131
500 224
424 412
572 353
696 587
618 393
220 125
180 62
125 368
229 87
555 185
684 643
56 84
413 274
325 491
92 549
465 546
463 77
270 227
4 337
427 34
15 245
386 568
421 117
297 635
377 16
272 447
478 545
516 606
232 643
692 333
611 615
475 205
195 371
525 148
642 594
97 590
686 485
427 47
559 451
37 648
233 391
263 43
640 89
387 203
478 124
364 433
654 166
646 325
157 678
421 139
471 204
85 138
466 485
275 154
627 101
376 422
643 280
80 196
461 484
167 617
631 415
473 439
591 289
685 332
648 549
47 540
97 615
238 202
8 44
576 330
91 150
646 48
252 394
449 692
657 694
587 651
584 41
89 428
669 149
105 76
462 213
676 446
281 147
158 277
637 242
604 534
306 261
552 318
334 304
560 169
396 217
547 486
191 558
632 492
467 183
107 509
454 91
319 359
529 583
406 44
144 603
227 691
318 370
565 648
615 145
426 258
249 480
58 200
586 644
245 519
211 12
116 667
107 135
620 221
32 207
545 457
550 295
485 358
691 255
473 380
84 209
274 676
660 364
696 534
34 391
550 570
23 196
575 144
629 483
181 377
393 568
27 277
116 237
604 666
354 145
94 552
262 145
382 691
104 422
96 638
638 108
639 430
296 64
547 384
190 608
637 655
476 306
225 1
387 696
223 283
179 232
201 572
371 374
464 451
192 552
627 592
444 429
238 535
52 127
399 98
680 443
263 586
376 356
266 374
181 414
507 405
58 4
540 102
690 541
393 513
418 274
131 223
662 358
284 418
638 484
370 162
75 395
440 537
107 245
162 32
699 267
530 478
464 53
259 60
380 48
568 224
326 502
684 185
424 195
107 330
357 428
591 140
111 348
669 374
539 290
270 261
514 282
242 157
435 134
50 668
205 94
318 293
615 539
531 352
301 323
362 183
684 401
28 369
433 307
312 660
590 78
115 297
281 664
117 134
114 435
193 48
262 32
33 0
271 554
145 71
331 183
446 193
63 479
696 555
39 258
456 537
594 616
141 501
331 635
112 434
67 388
189 3
664 699
87 434
138 372
35 236
630 201
460 306
444 201
319 508
586 31
200 70
43 581
620 531
401 153
148 624
206 388
35 91
247 616
127 517
605 15
125 629
352 236
438 26
578 241
314 389
655 398
166 261
287 675
692 230
438 196
410 523
299 237
572 168
59 674
181 571
75 590
286 576
156 631
214 267
439 191
146 249
224 193
281 151
599 15
562 384
112 299
230 505
34 290
272 591
163 44
39 550
474 366
3 180
152 372
503 441
122 325
20 655
502 141
334 567
268 84
605 655
123 606
429 274
499 215
453 308
483 348
637 265
656 208
125 470
130 233
600 255
359 566
96 181
318 390
439 55
390 548
222 193
379 254
333 549
467 395
458 211
323 6
513 27
118 697
690 257
516 503
573 674
39 55
425 395
130 387
170 264
688 433
155 25
660 288
12 126
222 188
672 275
441 226
10 86
326 421
15 357
38 557
349 583
636 660
317 505
347 626
228 485
60 465
356 439
273 69
58 168
97 660
581 426
640 446
446 485
98 627
76 322
49 628
39 9
504 419
625 151
85 128
293 551
652 280
297 393
645 52
540 447
408 655
354 487
54 282
214 359
272 670
412 427
442 585
453 283
397 276
323 578
18 113
127 54
73 287
52 311
347 207
230 24
279 319
609 8
77 528
97 53
468 454
71 278
176 531
38 377
348 193
55 545
507 256
208 60
256 581
697 305
480 458
13 602
594 211
126 336
179 632
382 358
210 92
177 480
410 388
72 41
518 93
93 245
355 150
440 688
251 390
586 179
299 223
104 527
147 178
74 695
395 288
331 525
542 562
211 463
662 105
230 278
656 260
265 127
635 93
44 92
257 149
378 23
510 549
218 243
617 605
442 697
678 540
141 621
193 75
40 572
651 258
300 528
212 287
48 300
573 337
453 401
247 671
307 234
39 363
2 533
593 265
374 528
386 269
290 129
389 227
171 209
85 11
675 431
70 36
330 200
335 563
514 12
380 421
239 85
663 526
77 72
315 1
526 200
55 239
640 328
510 396
673 284
129 21
142 521
72 432
303 445
132 136
138 567
666 307
678 218
17 28
317 613
637 44
431 160
374 492
142 286
424 8
156 492
252 228
471 480
255 287
190 192
472 466
443 193
501 406
446 616
390 6
369 283
213 696
77 472
111 359
638 10
159 351
422 109
494 79
137 273
425 252
191 439
26 381
416 360
99 41
19 663
270 312
94 144
637 670
607 313
470 193
409 186
146 625
633 481
42 181
233 313
696 601
523 16
171 251
505 93
323 317
540 533
507 636
476 370
582 278
355 180
429 505
85 311
673 108
345 377
203 285
246 121
651 629
109 263
28 296
437 463
567 151
259 378
606 510
90 268
378 214
455 354
379 655
174 587
345 685
115 674
81 271
499 378
648 351
243 335
293 359
611 103
198 85
399 405
111 666
505 588
16 319
172 636
413 248
236 217
345 267
678 82
412 516
549 286
182 71
385 539
346 51
86 572
311 553
544 335
281 304
112 443
224 569
108 322
121 346
0 37
40 220
211 365
293 420
534 541
361 240
63 627
383 551
103 552
199 30
640 435
246 306
39 108
331 532
666 642
296 210
488 322
137 274
133 575
103 696
574 321
94 164
370 148
670 421
404 190
29 344
294 567
115 399
152 424
574 429
349 159
298 151
35 168
84 130
303 364
650 512
144 224
274 425
182 642
325 18
266 281
524 230
444 379
595 189
544 330
516 573
281 91
128 329
182 324
259 488
600 258
609 448
144 486
390 431
697 488
312 568
558 82
444 651
293 317
547 504
529 20
620 666
11 70
356 537
359 322
266 316
141 509
428 100
639 606
605 299
119 673
160 389
624 180
39 348
356 520
641 2
602 275
95 101
46 676
322 575
535 174
548 394
422 660
218 691
662 11
463 602
657 597
481 570
123 573
459 263
256 140
408 73
192 596
296 344
217 279
446 347
465 585
548 276
161 53
552 686
456 363
367 474
442 138
549 229
111 485
315 380
538 637
166 213
134 613
156 140
374 398
552 385
313 109
33 206
90 464
237 177
698 327
675 432
111 236
539 61
660 34
69 332
262 272
532 593
67 696
571 185
563 267
260 334
276 444
676 487
169 342
504 192
207 131
506 339
594 103
521 244
676 154
401 25
681 9
592 149
471 269
603 164
609 492
244 158
529 140
15 40
334 263
408 416
118 402
152 651
88 264
515 209
325 514
69 562
308 502
270 152
459 410
192 101
627 232
530 330
340 117
379 160
78 436
98 609
674 133
338 128
673 535
631 357
12 376
685 615
669 330
625 650
66 630
6 396
26 377
392 672
133 642
79 112
674 251
70 151
656 689
97 152
291 133
288 409
453 365
441 470
345 694
129 619
653 262
595 336
260 603
255 344
48 589
549 688
491 178
616 26
693 607
594 227
535 296
201 98
227 633
254 198
370 381
527 389
541 190
3 30
174 414
48 277
384 548
114 258
317 485
589 495
333 620
263 637
122 182
244 56
326 331
501 408
93 35
275 676
510 669
113 579
187 175
167 429
210 21
583 8
224 523
390 598
75 223
502 223
497 502
565 18
430 146
394 471
324 385
315 47
456 24
414 559
598 699
32 368
209 123
555 659
40 339
467 84
372 230
631 101
339 340
172 510
141 160
540 211
309 146
92 327
36 407
367 627
601 351
510 342
89 638
327 117
561 42
480 251
640 454
114 357
340 524
488 445
346 222
478 633
8 247
452 649
79 634
307 63
140 521
4 132
419 361
546 19
328 33
444 493
576 38
435 548
501 295
618 65
102 549
155 629
346 585
487 453
616 468
471 612
416 672
600 594
477 196
504 245
179 182
450 299
644 418
565 380
621 589
217 325
694 672
193 576
524 600
547 350
26 240
552 622
609 409
547 275
673 131
678 328
344 90
690 406
148 129
36 170
462 424
230 391
259 171
9 239
573 70
267 518
154 589
622 224
296 176
600 603
668 527
358 178
229 154
222 696
630 226
313 434
2 15
578 229
505 593
142 104
376 328
256 302
402 637
458 139
562 277
31 592
408 16
661 573
300 557
190 640
125 469
578 210
225 653
36 186
156 419
491 327
425 212
145 186
655 80
202 458
161 591
469 65
69 327
138 595
406 56
361 587
636 267
592 340
52 314
416 413
686 52
685 471
463 612
515 614
680 584
561 201
491 277
2 17
138 12
81 89
422 154
187 360
133 342
562 343
296 207
264 673
317 564
447 650
286 673
481 273
419 365
566 135
595 246
160 637
17 563
406 687
147 403
412 464
112 229
600 692
183 280
59 256
56 374
487 104
639 512
119 674
592 202
208 587
540 510
506 564
347 457
595 407
162 674
95 187
16 647
483 144
423 497
302 407
40 122
433 437
445 674
649 511
296 611
146 621
625 515
426 395
599 305
685 334
256 61
108 646
249 663
499 682
418 144
183 507
675 555
278 375
545 339
203 399
392 139
128 674
480 259
659 108
366 19
63 606
524 4
540 490
391 382
324 235
21 491
577 607
277 428
155 63
145 372
478 146
114 344
472 673
552 483
175 600
52 10
348 271
200 435
47 420
417 249
128 480
233 652
304 77
204 20
448 641
502 414
344 314
372 385
216 273
509 429
156 283
392 407
558 498
284 211
527 392
435 324
393 640
282 371
541 356
100 332
484 526
159 210
576 289
25 532
158 419
459 136
492 493
386 300
231 453
624 562
342 400
683 529
233 101
597 283
508 90
86 488
438 490
109 382
659 463
229 118
665 501
306 253
645 466
146 2
73 51
146 387
385 16
689 305
72 335
620 126
638 286
521 689
278 583
537 536
512 544
101 476
27 530
360 581
90 309
540 613
567 470
591 19
496 31
523 592
640 481
515 500
300 470
214 224
686 273
479 563
628 199
173 462
284 523
669 92
632 3
506 370
312 386
476 111
172 347
158 492
356 138
38 335
303 53
280 361
431 439
645 548
215 308
230 414
435 618
16 373
656 488
57 224
512 322
218 183
535 130
409 122
557 549
406 87
655 178
211 45
488 532
124 430
383 286
67 54
177 486
649 491
438 193
655 41
639 289
66 375
77 451
141 637
655 190
256 69
87 504
531 44
74 443
271 105
73 643
423 346
117 412
420 664
111 278
389 358
599 182
135 144
289 455
641 491
13 383
538 316
348 516
395 332
389 313
349 408
470 35
414 297
322 316
91 174
602 301
342 652
662 59
679 643
168 672
423 343
473 162
291 289
514 259
17 538
180 67
194 509
652 465
495 382
16 206
613 133
180 668
371 622
635 396
71 412
455 326
232 337
409 261
312 270
506 379
282 123
534 322
92 530
581 200
238 599
465 428
558 250
444 186
228 566
81 258
381 591
182 455
170 500
108 311
437 286
81 439
441 40
376 659
147 595
606 526
405 406
334 473
112 396
26 289
656 94
153 669
115 14
14 436
275 357
639 313
547 607
340 634
616 615
42 569
264 667
118 189
390 295
28 145
181 374
634 40
531 376
620 520
194 377
528 620
514 234
507 12
195 25
433 164
692 135
686 525
650 149
148 682
263 250
68 503
541 481
377 317
348 503
639 335
671 72
258 302
551 118
443 76
689 40
385 100
348 509
116 353
149 100
636 188
640 521
510 60
131 368
409 152
618 0
133 637
239 441
366 510
554 100
485 265
365 184
618 405
42 640
78 123
504 668
260 667
301 545
168 29
108 47
54 556
362 529
47 427
156 618
335 108
390 601
631 499
191 39
210 380
577 26
492 355
272 446
446 296
164 163
402 65
399 677
162 264
364 285
412 439
60 95
417 520
475 517
164 207
442 329
103 162
648 329
430 149
116 562
217 291
374 535
447 30
593 237
119 208
345 605
591 354
308 530
149 662
263 516
367 621
536 469
539 126
399 582
202 509
482 359
143 206
109 120
57 405
441 266
606 214
433 221
459 225
455 322
632 555
462 478
74 386
210 90
100 86
686 611
210 4
302 435
87 128
294 55
309 660
498 21
283 130
599 24
642 459
503 158
624 102
119 17
137 559
576 162
610 292
157 685
6 389
185 474
692 224
40 487
497 215
181 654
187 258
369 264
626 634
434 342
317 562
414 133
335 383
88 600
203 428
349 615
422 96
137 607
561 631
458 170
240 366
272 393
673 530
209 37
90 373
163 86
221 405
217 378
647 502
304 165
263 657
313 103
94 15
197 681
405 366
242 241
450 137
297 682
11 332
236 683
201 625
567 366
683 605
587 374
360 445
203 551
234 39
674 549
212 235
656 66
351 48
252 530
598 659
404 154
437 106
192 448
24 352
96 105
39 408
106 449
265 593
633 136
374 661
110 405
449 547
621 434
72 595
512 129
663 2
345 400
391 691
365 46
366 437
433 340
594 585
242 502
73 151
428 247
133 312
645 471
128 447
413 25
684 72
412 230
656 228
226 297
324 335
694 449
69 581
565 539
106 80
212 403
478 697
62 599
118 372
30 244
189 335
182 352
312 85
46 546
675 240
257 597
326 303
429 376
68 356
230 107
397 150
389 345
497 112
253 127
221 160
531 370
692 691
565 671
238 466
599 467
185 661
349 278
20 479
666 574
67 43
20 10
408 313
685 43
268 455
98 292
340 149
225 15
457 575
461 659
182 354
110 382
5 627
416 61
598 403
433 211
689 161
685 84
206 625
672 64
117 152
287 95
503 540
80 397
88 388
268 186
330 422
77 342
650 668
247 464
89 692
258 511
365 333
674 622
606 131
57 556
556 398
695 87
565 321
415 175
240 122
535 406
435 293
561 179
497 433
359 26
659 318
33 175
8 343
398 497
374 221
148 412
96 501
332 642
318 26
571 103
352 547
70 288
100 54
279 0
330 112
69 529
265 545
437 131
340 206
519 678
500 414
232 409
174 132
651 550
132 321
480 284
202 180
100 371
121 522
130 129
643 136
394 288
51 32
509 538
659 51
422 391
306 352
344 242
159 406
500 518
667 632
688 554
696 116
56 226
473 476
192 245
104 348
650 455
407 221
125 391
364 271
238 479
653 371
509 348
637 71
349 61
618 376
299 280
268 236
651 553
32 161
274 455
322 14
678 366
135 695
307 572
162 616
86 13
264 463
263 35
620 50
201 235
457 207
274 191
297 30
685 375
151 3
645 610
84 596
394 173
82 429
683 159
399 283
392 556
188 509
669 418
279 26
410 21
421 82
306 405
170 451
587 280
642 317
191 699
531 348
403 579
650 19
415 77
657 460
64 615
481 119
256 321
505 361
521 534
572 139
107 178
18 289
533 288
474 229
140 475
351 204
309 571
546 164
411 588
362 394
642 213
47 589
353 545
621 586
548 479
538 172
144 438
138 326
258 430
678 337
579 61
222 554
650 46
538 483
168 91
345 236
284 676
499 203
373 462
159 370
533 537
615 624
311 425
529 44
127 343
511 417
138 624
607 227
556 366
569 402
557 510
355 152
499 32
510 54
312 546
297 363
333 205
379 259
2 435
105 210
397 664
499 621
683 295
320 67
250 614
32 354
377 105
34 335
46 391
544 535
466 266
12 540
165 451
571 360
444 634
582 63
120 116
412 433
623 468
301 635
336 529
545 552
247 308
550 152
632 248
488 53
656 16
122 8
537 545
455 184
429 221
34 549
118 474
692 561
334 57
336 651
117 333
657 667
314 245
644 484
225 206
528 314
508 568
586 11
240 103
469 98
314 551
537 209
459 470
195 215
214 554
518 176
381 153
220 609
341 598
90 477
187 647
340 347
38 583
111 147
618 489
227 660
400 414
271 668
28 416
189 545
635 555
122 632
33 473
631 434
205 505
308 342
364 96
69 68
616 113
313 350
533 637
510 10
631 561
224 311
539 426
508 123
190 433
674 643
119 531
460 516
344 315
99 454
363 245
308 382
409 600
328 244
583 52
403 317
97 434
129 228
636 216
168 114
13 41
608 16
156 350
222 323
61 591
91 147
118 569
418 638
653 83
456 653
417 411
563 517
337 185
603 320
678 444
623 514
688 0
325 431
521 77
30 606
58 92
531 504
111 25
683 308
472 562
352 275
510 15
631 168
654 74
639 415
18 179
663 67
12 2
623 63
484 652
288 376
202 651
562 43
347 148
284 217
419 206
636 659
94 74
39 74
73 243
327 270
155 410
12 25
402 677
28 248
73 438
620 381
693 93
578 398
222 339
629 689
2 671
230 415
39 58
502 72
111 694
123 226
92 330
261 515
400 477
210 120
72 257
176 440
305 60
42 233
299 155
466 432
631 34
430 374
22 646
370 227
610 152
217 89
571 387
589 556
296 376
478 517
615 191
290 669
188 523
641 594
448 318
465 457
456 271
561 282
138 158
545 323
434 567
475 93
674 283
489 325
65 602
96 238
56 241
408 98
615 331
319 144
327 530
200 313
383 118
240 306
600 207
110 435
626 394
574 261
521 178
129 477
666 556
34 579
113 260
568 607
355 70
587 219
136 371
297 124
341 158
581 11
113 537
293 567
386 147
109 8
101 24
490 194
485 285
419 439
362 324
434 307
158 549
220 588
477 56
323 507
554 245
434 260
548 64
653 17
66 455
293 641
515 491
418 447
214 84
203 273
80 677
544 395
420 540
18 3
488 305
358 463
340 352
680 508
269 220
620 265
485 613
117 426
99 556
515 28
606 250
426 264
576 42
64 260
331 212
447 93
680 191
107 297
181 405
22 235
61 52
525 606
351 136
205 429
293 26
304 453
531 535
124 136
464 334
360 237
279 419
194 618
486 398
469 270
73 169
518 103
596 143
535 292
690 396
595 280
229 660
443 182
591 166
344 410
624 37
616 431
113 645
355 278
137 162
646 226
210 116
41 210
561 630
458 97
243 35
83 209
419 622
258 601
57 20
477 596
111 273
680 7
242 389
329 152
280 125
615 109
466 228
365 248
258 345
291 616
690 59
35 445
522 205
696 698
218 39
414 473
340 193
125 531
138 596
622 557
381 681
278 169
239 400
371 563
610 558
61 627
408 270
444 281
514 488
222 558
464 611
40 417
224 552
230 304
146 157
486 226
176 232
131 577
114 213
99 469
528 587
497 467
459 627
12 419
92 411
121 294
541 439
659 256
653 275
181 427
510 350
664 33
533 194
22 266
455 223
249 86
163 195
168 80
94 62
444 598
256 277
336 248
4 185
122 570
235 509
192 576
674 391
130 348
2 212
617 61
553 277
22 372
510 122
74 683
477 628
474 363
395 18
557 584
651 98
585 441
440 409
562 190
252 243
278 581
268 250
477 519
592 362
399 580
122 137
83 358
282 588
623 97
521 227
100 60
616 666
697 664
1 698
82 453
631 367
441 166
395 390
153 289
621 306
251 320
569 476
357 398
660 538
128 77
284 278
179 90
549 534
218 104
653 198
552 99
193 668
264 697
626 75
1 540
41 551
88 338
183 435
308 309
647 368
358 202
451 137
665 590
315 327
182 638
315 15
181 363
698 215
186 527
290 98
566 383
283 68
279 289
639 21
340 585
459 388
299 101
597 214
685 544
523 251
305 368
558 465
276 566
132 340
685 545
354 664
565 303
76 471
604 291
339 309
98 176
8 413
76 654
315 346
247 649
305 219
664 145
234 411
277 382
587 153
669 561
373 30
489 215
290 341
310 477
118 658
646 244
43 144
314 95
510 61
698 108
485 691
181 443
163 105
63 95
227 85
75 544
56 474
461 513
497 335
548 125
21 508
26 174
559 19
681 524
306 372
674 580
585 479
323 25
165 224
53 20
43 650
547 617
41 178
565 461
101 439
465 599
647 43
426 369
160 147
331 669
232 40
25 587
412 500
175 506
71 402
684 393
351 560
248 401
698 503
445 27
318 277
298 388
390 397
336 2
17 498
661 131
75 255
2 556
11 177
656 112
98 533
55 253
299 444
467 382
571 414
46 399
180 527
370 683
482 295
629 146
27 481
199 360
129 130
528 52
271 691
277 646
420 634
581 245
277 314
111 505
575 401
682 141
252 440
394 338
223 189
58 382
163 577
519 163
648 550
321 559
302 309
588 311
7 233
163 223
152 496
140 343
617 513
113 329
491 642
65 294
540 454
221 209
194 622
276 336
542 24
207 48
483 588
242 56
258 116
84 593
314 209
446 687
485 672
112 75
681 74
330 290
584 561
313 689
127 155
36 17
51 305
673 135
172 269
573 244
8 109
202 478
322 501
327 520
196 614
365 336
356 30
373 349
631 625
136 628
154 642
217 461
671 429
171 657
621 170
204 533
367 158
46 397
221 355
270 436
17 165
61 140
630 678
611 297
549 89
471 170
667 268
108 359
604 355
624 381
695 449
617 651
634 510
39 49
481 420
547 441
165 673
380 171
55 651
667 385
74 224
541 527
450 540
672 74
268 306
518 384
415 520
603 631
589 364
506 638
339 387
309 512
435 388
433 234
631 654
530 506
466 298
482 518
196 651
623 158
219 455
263 427
316 248
670 444
668 584
6 517
424 532
330 317
649 572
266 673
169 99
558 501
191 409
61 293
501 130
251 74
176 10
228 378
468 308
308 520
355 182
418 309
203 205
7 445
63 355
3 383
44 300
496 632
427 22
609 156
131 509
526 14
531 614
192 606
480 175
574 531
174 514
59 656
1 141
259 681
406 272
567 358
144 284
304 552
689 673
194 133
25 165
622 319
79 175
538 585
693 1
83 21
190 93
236 402
263 434
187 653
59 46
80 10
356 386
303 74
407 83
326 466
324 418
535 82
77 44
596 267
669 227
295 111
456 115
50 12
301 361
593 665
661 52
497 600
281 5
494 186
620 143
396 178
620 673
476 470
659 221
602 388
464 383
458 181
206 583
621 192
509 462
16 588
370 672
120 590
581 657
366 340
120 628
82 226
651 437
51 112
295 348
581 365
322 171
554 92
576 235
648 524
255 237
375 685
549 561
450 232
258 255
639 162
251 40
603 307
689 257
261 488
122 480
245 635
314 605
424 98
402 133
677 188
361 381
241 389
185 41
564 230
118 14
220 343
39 495
456 665
103 404
593 382
95 403
657 666
603 7
397 14
568 393
549 33
489 661
268 493
633 335
640 419
0 305
601 487
340 183
268 666
191 549
16 439
9 606
368 129
337 189
378 620
84 58
94 258
160 44
287 525
14 327
176 652
620 310
62 12
648 398
270 61
430 439
254 61
64 195
127 591
144 2
540 385
638 202
285 214
232 191
120 301
81 97
199 491
388 128
357 82
156 564
277 28
49 612
336 469
632 162
189 666
253 136
347 137
138 75
687 679
236 124
16 678
253 546
666 260
188 337
424 142
690 592
469 253
315 260
210 27
273 297
196 568
298 152
401 82
475 78
633 99
476 655
473 612
476 9
370 29
372 649
88 593
21 34
293 630
26 621
178 69
420 504
355 281
231 185
207 396
256 297
338 673
212 39
331 686
583 179
275 443
241 417
290 382
305 409
667 545
191 262
304 147
656 89
556 227
553 449
393 417
81 15
657 598
107 43
39 353
513 521
539 81
452 293
40 164
352 594
355 540
545 304
606 509
488 587
268 1
546 294
97 574
143 502
673 180
273 476
695 119
473 413
484 389
268 190
204 691
566 520
143 625
4 582
499 18
48 559
200 148
680 5
182 152
348 128
677 198
256 160
191 645
267 275
387 649
585 453
159 665
600 195
337 564
435 609
683 141
394 403
557 374
302 278
454 615
610 145
166 137
50 341
7 458
390 515
527 630
491 64
105 245
476 536
577 672
533 484
519 143
169 672
8 90
201 145
643 88
377 20
389 601
420 20
640 294
55 106
421 569
6 499
196 296
459 518
565 320
119 549
346 398
97 356
484 506
257 235
334 575
370 461
460 102
449 193
389 138
51 623
380 133
368 147
251 162
74 280
620 331
275 674
493 73
507 84
542 373
376 522
67 205
638 603
550 369
690 215
139 293
115 512
555 401
542 606
263 189
268 430
31 74
49 86
307 239
258 36
117 389
628 393
60 421
647 14
417 38
494 50
657 4
326 529
659 353
535 127
410 472
469 27
483 70
72 655
492 377
183 697
321 237
582 81
279 381
462 31
64 662
399 576
373 107
429 698
444 42
338 108
629 48
539 160
544 580
371 3
162 444
529 157
569 606
136 565
61 60
580 451
16 48
333 59
242 638
281 164
20 537
49 556
575 201
626 273
63 675
519 355
480 350
240 219
523 313
536 675
621 430
212 254
435 126
471 0
142 642
541 618
185 446
185 429
349 516
331 151
605 267
499 209
163 568
99 307
377 461
566 287
146 344
514 77
500 238
21 119
182 309
5 144
220 335
408 681
74 676
697 457
137 673
42 332
88 581
88 54
322 221
241 467
246 86
293 562
287 437
600 65
90 110
293 448
310 613
629 594
262 86
538 215
527 228
577 382
559 96
252 369
630 385
550 436
264 277
251 319
347 273
317 380
76 121
21 521
76 408
594 186
428 54
321 677
665 391
4 414
362 398
404 178
474 140
118 129
550 288
241 143
515 233
561 670
181 49
112 90
315 117
558 589
389 545
565 203
452 235
290 48
517 442
589 289
604 93
547 545
199 88
139 596
18 165
122 354
200 649
143 180
9 621
463 664
678 32
95 386
257 2
632 284
244 289
100 215
148 42
547 455
432 672
663 422
385 542
289 188
32 546
560 52
670 307
691 76
684 580
112 266
687 65
650 93
344 493
373 137
231 548
53 697
344 685
596 454
53 124
334 94
406 29
519 51
526 219
345 64
460 140
346 82
166 433
108 686
381 240
7 178
696 415
280 465
624 140
459 513
612 219
32 310
303 16
369 461
220 488
439 501
358 560
591 450
502 455
120 620
227 279
204 556
576 455
589 276
78 5
410 134
691 162
567 655
193 289
51 107
215 179
685 311
264 324
624 592
242 293
511 496
436 236
183 284
487 235
276 255
630 216
351 15
499 191
644 95
493 312
152 227
593 522
531 319
154 652
139 482
186 390
157 244
398 513
401 517
492 374
41 182
456 323
161 351
58 310
492 325
177 513
315 399
58 657
208 215
395 480
106 282
297 250
96 613
279 154
289 522
159 225
495 671
538 130
648 643
699 17
41 661
55 60
453 494
313 130
203 259
585 129
607 10
324 516
312 561
497 677
483 526
323 493
4 677
151 283
269 452
586 654
200 77
86 35
336 208
67 161
333 168
374 39
491 635
576 506
602 600
173 540
589 234
23 137
659 72
314 139
479 384
50 140
457 668
237 412
449 349
595 498
557 291
244 476
530 143
476 386
513 245
493 640
196 490
280 444
491 38
214 88
383 570
620 276
338 25
204 569
263 182
128 2
39 624
8 692
672 461
559 8
217 499
339 407
686 221
95 277
180 221
524 25
99 644
337 497
487 108
180 523
99 612
16 542
412 133
154 255
151 435
19 463
500 665
591 13
106 695
100 635
289 1
468 579
14 163
605 56
57 9
44 586
329 410
66 35
572 557
343 211
662 345
634 54
504 131
113 313
38 434
315 216
143 93
507 511
577 696
594 560
274 554
67 531
124 654
679 225
68 458
527 662
147 126
617 209
69 249
543 583
414 577
671 228
375 360
410 197
634 615
248 515
465 410
95 202
22 488
350 20
382 555
161 427
535 354
331 498
320 305
502 603
534 614
210 365
404 416
669 79
626 144
365 546
412 458
607 582
33 567
507 627
130 80
137 261
535 188
638 502
166 258
593 70
527 531
409 94
352 537
473 519
639 125
148 288
114 399
660 589
38 578
646 550
301 557
340 254
164 602
169 556
545 399
317 142
498 75
371 125
271 468
122 81
428 292
621 94
394 591
574 14
102 646
415 141
266 135
384 521
447 563
381 318
696 343
321 253
364 619
568 51
534 590
638 633
233 508
660 125
567 407
429 114
572 240
13 244
340 28
455 310
56 589
84 374
180 205
527 200
113 627
469 611
598 71
578 362
198 650
503 420
666 128
644 542
517 570
18 397
271 258
295 35
621 440
665 53
422 501
69 128
132 616
483 220
58 509
420 17
677 686
252 567
199 377
189 499
627 122
168 186
336 556
422 326
35 162
157 273
109 432
442 197
194 664
593 29
203 215
557 312
413 506
380 174
125 636
280 345
527 542
401 281
356 467
484 174
437 345
534 73
680 249
522 389
13 478
649 21
633 439
211 413
670 201
391 486
194 172
5 326
260 225
667 55
513 305
406 92
199 25
140 557
561 474
296 623
391 105
323 209
163 321
45 406
6 141
332 288
666 171
542 297
538 453
677 564
272 299
140 366
529 499
309 132
436 394
438 74
161 213
330 504
59 98
28 633
572 66
268 364
88 683
469 604
525 553
436 569
301 16
346 678
7 321
148 405
376 698
393 539
32 27
561 76
306 321
411 20
684 144
283 328
396 219
62 309
258 613
320 472
286 274
699 440
114 644
530 126
247 268
500 41
118 408
124 441
337 658
142 459
517 137
669 174
654 687
248 415
171 604
514 209
567 695
693 530
465 583
293 441
498 593
205 252
369 388
212 560
29 583
227 597
681 44
591 559
162 481
469 668
518 425
162 619
345 622
151 473
366 206
587 133
384 352
462 370
530 454
624 259
270 77
685 356
483 410
403 408
299 87
9 410
590 557
238 641
239 87
481 512
474 416
509 241
139 66
550 652
409 76
140 362
520 331
508 418
461 257
220 195
668 436
680 520
154 226
143 482
169 647
618 492
569 214
655 536
84 270
183 653
220 89
223 76
542 588
669 217
584 389
545 87
403 286
685 109
464 261
538 257
282 231
45 214
352 494
433 632
175 262
692 635
524 134
50 566
426 443
354 17
560 644
292 531
35 538
682 326
499 575
589 666
151 641
178 388
123 498
673 462
527 367
2 487
604 546
525 211
79 311
108 416
580 31
7 493
371 79
645 572
540 669
411 85
393 259
53 690
392 0
348 657
514 350
268 402
666 380
372 222
320 484
679 499
516 556
475 325
30 267
450 587
169 577
648 255
448 316
630 101
597 666
69 367
178 442
472 618
98 115
499 630
54 449
308 366
670 687
262 34
496 561
466 175
203 563
325 455
245 578
521 149
314 292
273 87
178 383
640 669
125 445
580 475
517 464
609 304
457 482
179 426
530 189
171 221
280 253
361 374
311 528
295 658
85 634
533 376
581 96
285 331
315 52
482 42
432 341
537 159
670 228
541 643
633 134
229 344
471 628
466 68
191 679
197 215
552 2
422 679
518 570
76 79
602 379
348 697
383 690
357 275
670 160
121 172
617 45
122 126
14 35
445 103
576 194
222 121
62 482
171 600
421 97
288 542
503 242
492 278
358 379
612 546
647 586
247 288
173 30
428 209
28 118
561 521
339 189
211 465
152 531
569 147
348 120
217 144
374 371
302 528
303 318
506 418
109 45
236 268
656 594
604 4
427 98
327 22
162 402
589 75
34 129
653 403
362 59
576 628
662 430
170 518
330 685
71 678
72 348
417 162
196 47
275 593
540 179
85 275
460 674
119 238
519 71
495 519
480 696
423 70
372 584
166 376
522 297
290 151
599 428
643 327
56 62
379 318
143 66
20 425
457 398
331 403
459 29
261 253
372 417
403 549
96 609
74 320
413 627
360 430
301 462
682 377
612 543
651 319
418 243
600 104
407 278
68 269
115 198
396 697
380 285
300 25
629 570
217 240
12 58
556 69
395 592
52 384
51 690
286 515
647 661
570 139
207 113
413 698
641 686
636 489
166 96
214 640
328 502
44 276
651 447
2 329
669 226
210 164
169 630
626 598
396 58
495 369
281 313
144 432
11 543
649 235
488 239
525 316
162 384
679 532
215 523
145 320
264 238
189 129
427 248
68 283
373 87
573 603
216 534
296 286
561 680
367 660
636 695
563 227
240 261
452 586
291 162
53 319
453 544
321 461
13 351
192 277
290 297
32 108
443 73
223 305
49 182
568 138
617 183
174 649
612 398
533 633
459 346
485 278
631 22
398 216
483 648
413 561
180 24
608 476
130 119
380 345
363 538
149 73
173 79
218 579
543 126
401 652
414 290
469 423
634 291
612 294
60 58
424 509
676 480
611 657
183 47
430 346
41 134
427 41
7 192
82 52
35 581
606 567
353 521
417 530
455 614
201 591
116 575
343 145
500 382
596 298
697 230
667 16
21 319
439 64
115 453
216 602
98 554
505 146
608 230
577 134
677 117
19 497
571 478
336 241
429 18
17 200
161 546
150 288
253 562
448 621
605 680
188 395
554 246
327 657
551 690
143 294
106 310
100 36
312 291
53 323
35 690
594 465
348 402
617 348
506 341
300 675
599 19
628 185
634 121
239 143
597 548
87 615
534 99
216 258
494 152
452 215
276 123
245 453
207 54
501 660
127 117
466 299
292 558
545 652
561 289
655 335
141 98
40 534
573 297
101 330
103 600
299 293
355 486
95 639
439 658
526 389
474 196
576 300
100 463
380 543
444 78
308 169
402 137
213 346
460 54
325 597
692 618
96 309
542 376
632 614
533 269
157 580
445 282
370 400
27 486
533 95
476 568
567 159
534 190
73 162
9 452
12 528
10 406
450 286
355 420
125 492
383 199
7 136
496 353
35 523
450 304
280 670
674 641
420 549
466 249
483 413
672 560
538 159
621 436
108 252
419 520
55 491
241 528
278 288
351 674
442 648
446 396
234 370
284 161
71 36
115 480
497 635
584 259
403 535
166 673
28 224
556 225
185 111
21 462
486 165
373 612
468 345
0 156
516 338
136 193
551 582
307 663
385 626
96 600
22 6
210 62
426 218
488 570
370 90
374 337
579 92
386 97
20 211
185 540
628 168
90 141
15 436
290 510
445 525
629 542
168 625
613 391
30 522
494 211
649 448
262 481
533 59
586 429
461 571
451 266
540 660
256 467
445 148
295 496
519 136
313 493
602 532
100 198
101 258
258 236
21 675
103 403
456 600
487 457
380 536
428 182
478 544
214 522
159 641
243 583
