700 4186 2100
8 5 7 20 25 25 12 14 14 6 23 21 16 21 19 5 24 15 16 9 20 9 13 6 10 18 22 17 14 24 11 12 12 8 21 21 10 25 21 13 13 5 15 6 5 12 24 5 16 9 19 19 18 6 22 17 13 24 11 9 10 18 16 9 22 18 14 8 13 12 10 10 7 10 21 25 19 21 17 21 18 8 10 21 9 9 5 6 10 17 15 8 22 20 23 23 16 6 8 12 7 9 8 24 17 9 17 18 6 23 13 11 6 19 8 14 24 5 6 13 25 21 21 20 11 9 14 8 9 24 12 17 21 15 25 15 21 11 24 22 14 18 22 12 18 13 19 12 14 19 7 13 11 15 17 9 7 7 21 5 9 23 8 6 7 17 19 19 15 8 6 20 15 19 7 13 5 22 25 24 6 25 10 14 12 24 19 9 5 12 25 7 12 14 20 24 12 6 25 24 15 14 25 12 19 23 15 18 9 5 23 19 5 6 11 20 8 16 5 7 17 17 13 17 8 12 22 9 12 15 19 14 16 20 14 25 13 17 13 8 8 12 15 17 12 5 19 15 15 15 11 23 21 24 23 19 5 5 19 14 23 18 14 21 12 12 23 22 15 6 7 18 14 16 14 12 16 5 22 6 20 10 8 15 19 25 16 13 19 18 25 11 12 15 15 11 12 14 17 9 11 10 19 23 18 11 21 10 14 20 23 15 12 19 10 5 7 6 14 18 17 22 6 16 13 13 15 18 20 14 19 6 10 16 13 25 24 13 17 12 9 17 20 8 25 12 15 10 25 13 19 10 14 20 24 24 13 11 12 23 8 10 23 10 18 13 11 25 7 19 5 16 8 11 17 11 20 13 18 13 9 14 25 11 24 22 14 14 14 10 11 10 18 18 25 5 23 23 13 8 12 25 14 9 9 19 14 10 13 25 22 14 22 16 22 25 7 22 21 22 24 10 24 21 23 10 11 17 16 20 23 7 20 9 20 17 25 24 20 24 6 6 13 12 5 22 17 11 14 20 16 17 9 23 13 7 21 25 16 17 17 17 24 6 9 6 19 19 10 22 5 6 12 19 6 24 9 12 18 12 14 12 10 19 9 25 24 6 13 23 7 15 14 8 9 5 21 8 16 15 13 21 7 14 8 11 20 24 9 22 5 17 15 11 22 23 17 25 13 11 12 9 15 15 9 12 24 13 15 8 12 16 11 24 24 24 14 25 7 10 6 19 20 15 8 24 8 10 11 10 9 24 23 16 13 13 10 14 17 20 6 6 13 24 18 15 6 22 18 19 6 6 9 11 20 23 22 10 6 21 22 24 25 10 12 10 20 24 11 18 11 12 21 21 19 24 23 22 11 17 18 20 25 8 25 20 10 19 14 18 25 13 18 15 6 12 19 23 11 21 9 8 25 13 15 13 23 13 16 19 25 22 17 17 13 22 22 6 21 18 20 11 25 22 10 23 6 9 19 23 16 16 21 21 7 10 21 18 11 18 23 15 16 7 12 19 25 7 12 19 16 14 22 14 20 24 15 7 21 23 21 16 22 11 25 11 19 18 14 20 20 19 12 15 7 12 6 21 13 25
3 9 11 8 7 5 19 3 7 5 11 7 19 10 5 12 4 19 6 7 5 12 7 3 6 14 16 3 19 13 16 6 19 4 19 5 11 16 11 16 4 9 15 3 6 18 14 18 5 3 10 14 15 9 11 18 14 16 13 9 14 18 9 20 20 18 11 7 9 19 3 7 13 16 14 17 3 12 7 3 20 17 5 9 3 15 8 12 11 18 15 17 20 16 8 14 17 19 11 6 6 15 10 12 11 19 14 4 3 15 20 14 9 3 8 11 15 11 4 6 20 11 12 4 11 5 7 17 17 15 9 16 18 5 3 11 7 18 5 12 11 4 17 14 11 9 14 15 12 8 14 7 15 12 13 19 14 11 6 12 9 19 20 11 16 5 17 6 12 16 9 12 8 14 7 16 6 12 18 17 16 7 7 12 13 13 5 17 18 3 6 20 15 17 5 12 13 16 9 4 18 11 10 7 15 10 12 4 9 8 9 15 9 18 19 15 18 17 19 9 14 5 14 12 10 12 6 5 19 16 8 20 4 5 15 16 10 9 13 15 16 11 13 16 7 20 11 5 9 5 15 12 20 20 9 18 9 18 6 11 13 12 4 14 9 16 14 16 15 13 18 15 12 6 19 9 20 18 8 3 3 6 19 8 13 19 9 5 11 10 11 19 15 19 17 7 10 10 18 19 12 18 11 16 14 12 4 7 16 7 7 9 10 10 7 15 4 5 7 6 12 16 6 9 5 7 9 17 11 6 14 14 12 17 10 16 18 16 8 14 19 13 14 14 8 16 5 15 5 10 17 6 14 14 13 3 4 12 15 19 3 12 10 19 8 6 17 18 6 20 6 4 11 18 11 20 11 15 13 9 19 19 11 11 6 4 16 10 5 17 10 3 4 3 8 13 7 8 6 7 19 3 14 16 3 15 5 11 14 16 13 10 14 5 4 8 3 5 17 8 3 17 4 18 15 17 17 14 17 9 13 12 13 15 14 15 16 12 12 12 17 4 9 6 8 14 6 17 18 17 7 10 11 5 17 7 15 5 18 14 19 11 4 15 13 20 7 3 16 10 12 15 8 17 16 6 17 9 5 18 18 5 9 15 14 17 7 19 13 19 18 9 7 3 16 12 6 18 5 9 18 6 17 4 11 7 15 15 13 3 13 8 20 11 8 4 7 11 7 17 18 13 20 3 6 3 6 11 5 9 10 16 6 11 20 13 6 11 20 13 10 9 5 19 10 8 16 12 9 20 20 13 7 15 12 11 10 5 6 8 11 17 10 15 16 18 12 4 11 19 15 5 9 12 12 11 16 13 9 6 9 15 4 15 3 11 3 10 4 15 13 20 9 11 8 12 11 13 16 20 3 18 9 4 15 19 9 13 6 7 8 13 15 3 5 17 3 3 5 6 19 6 4 11 14 3 12 14 20 20 11 20 12 13 19 17 13 20 17 8 5 4 5 7 19 14 6 6 5 6 12 8 19 19 5 16 10 16 20 15 5 15 20 17 18 9 14 9 14 11 12 18 17 17 6 20 20 14 6 4 13 20 19 3 20 16 5 7 3 3 18 10 3 14 15 10 4 10 8 15
464 38
66 679
425 534
157 122
573 656
457 528
260 10
619 48
56 689
585 293
639 527
44 345
460 400
103 212
449 244
37 625
319 468
303 56
441 240
395 39
507 19
447 297
124 584
204 327
521 428
607 405
115 49
254 232
397 265
515 579
311 668
467 375
539 468
228 534
199 351
86 547
398 121
597 622
487 51
474 507
70 379
6 176
641 515
313 580
687 64
249 338
509 177
40 403
0 102
541 285
470 43
621 445
351 253
546 294
635 372
684 183
455 71
97 307
309 579
248 319
564 93
586 484
682 269
148 9
57 341
536 435
103 272
363 459
436 383
141 195
197 154
196 689
407 379
666 590
311 252
47 200
420 107
631 466
303 545
38 434
209 101
148 610
130 500
559 324
579 402
193 483
259 652
627 152
590 11
271 502
502 225
548 149
290 484
118 483
420 70
573 467
588 688
668 277
480 639
69 516
134 5
193 456
39 453
110 96
603 359
216 227
555 606
137 158
121 395
93 15
138 23
308 686
544 480
675 425
62 404
603 499
88 24
337 231
288 539
190 375
295 143
3 118
416 562
64 673
382 637
542 495
181 109
328 249
206 498
195 77
177 387
480 467
249 51
128 244
222 527
20 410
456 52
628 343
170 478
444 390
487 56
446 146
544 696
275 556
276 143
7 63
417 334
23 191
21 20
539 653
183 50
491 382
604 518
611 171
587 368
578 216
378 194
138 607
206 586
685 468
226 578
674 2
445 400
667 315
50 208
556 93
287 457
161 23
117 498
183 331
685 538
304 407
277 307
533 334
13 149
138 159
503 263
617 235
290 108
78 652
196 484
26 112
234 611
96 330
314 99
408 14
488 257
613 699
472 188
674 534
67 649
331 417
683 675
238 283
654 392
694 139
148 121
566 321
523 500
191 504
604 460
246 602
554 362
308 221
221 628
565 571
554 53
462 172
349 68
322 527
337 347
93 581
369 342
8 632
357 133
412 6
186 419
478 96
46 67
396 124
226 309
202 453
345 311
515 672
288 518
448 111
583 293
274 676
608 405
416 29
134 508
8 516
515 257
205 394
467 598
258 103
232 97
136 81
456 671
91 139
195 419
231 436
123 158
529 0
553 671
331 302
95 483
502 214
417 655
440 423
13 568
70 39
294 456
280 258
153 308
70 50
169 690
559 35
372 246
538 177
472 605
697 525
611 592
23 402
249 343
481 200
108 162
178 152
409 141
304 386
545 133
698 247
61 84
409 132
158 658
330 695
662 150
641 240
268 320
354 192
483 315
475 606
12 71
589 41
317 330
112 309
392 685
540 659
151 275
259 501
412 343
679 193
166 13
276 294
372 370
176 356
36 59
240 7
33 152
292 464
640 76
694 568
445 413
384 437
521 281
284 86
67 358
698 152
146 644
595 266
34 664
22 456
453 150
178 536
121 424
36 333
103 92
436 493
695 361
208 130
151 101
656 104
208 325
95 349
326 358
578 548
213 142
153 657
504 338
209 309
546 419
53 461
442 51
112 654
256 386
409 440
373 601
247 478
201 474
632 637
27 526
682 539
173 19
165 97
40 517
209 145
61 394
350 239
597 541
40 86
100 13
28 338
595 264
11 126
252 421
462 317
308 248
395 59
161 254
99 455
650 20
98 350
590 627
655 13
381 602
259 698
24 268
65 153
220 280
587 394
177 125
655 650
383 38
321 574
659 441
243 333
73 314
375 570
85 586
666 244
274 626
617 251
15 619
257 8
411 381
72 422
235 574
370 246
416 335
514 102
11 633
84 24
466 546
605 311
8 64
651 361
164 62
40 464
144 192
566 333
243 178
89 341
60 234
42 667
111 580
555 327
83 578
156 106
189 551
577 574
18 163
343 59
158 63
8 304
325 491
560 270
370 180
202 537
436 668
364 132
252 144
408 344
7 447
422 240
588 630
490 204
618 115
325 167
107 661
367 188
367 203
303 315
232 300
629 359
183 500
371 552
143 57
208 616
69 77
44 263
37 206
648 403
481 205
690 511
570 185
59 540
637 320
561 324
219 35
571 580
155 349
328 342
626 99
270 426
23 497
342 693
172 152
514 439
56 506
245 408
372 695
54 418
334 32
124 375
547 368
155 271
589 180
217 44
298 485
646 32
233 583
75 439
333 648
694 227
575 477
378 529
26 691
392 675
293 66
693 202
528 288
90 653
547 153
97 152
302 570
647 266
259 303
579 361
274 599
93 229
216 301
315 112
93 188
45 209
353 50
337 135
591 56
543 227
15 34
197 191
590 699
639 408
580 152
418 397
126 515
442 415
656 334
659 152
282 53
416 285
320 693
556 317
586 156
445 446
89 322
321 291
330 237
534 651
285 460
175 279
516 417
572 483
483 104
638 10
493 10
442 512
338 497
286 351
356 477
498 321
459 513
132 692
496 382
170 62
148 597
464 587
24 115
159 24
124 358
510 692
640 592
150 418
195 553
448 238
30 104
565 632
669 296
457 556
633 479
278 386
201 255
593 413
445 186
401 211
208 288
662 429
16 545
401 128
482 55
456 545
405 19
664 602
439 605
556 241
436 17
117 166
356 340
490 119
68 221
683 696
235 510
688 42
689 393
512 354
179 384
20 303
313 568
97 596
487 427
431 379
139 361
331 323
19 231
95 392
254 622
161 52
17 103
26 92
391 465
184 365
188 619
521 235
594 230
684 529
464 638
499 649
337 633
5 344
164 407
290 582
67 84
285 383
174 421
499 266
453 459
33 502
332 589
307 94
328 102
458 94
65 480
666 97
312 624
485 20
203 337
213 89
504 497
457 291
359 272
362 259
494 337
640 443
477 187
280 506
546 565
506 416
581 429
72 509
478 151
77 317
537 234
650 86
329 58
327 183
237 196
405 414
562 484
342 282
310 632
46 644
605 298
0 347
650 218
449 573
460 233
572 538
151 18
42 677
660 654
629 179
148 246
554 81
218 497
149 202
423 492
612 57
209 102
168 626
386 698
39 659
464 301
282 573
608 133
475 643
149 440
30 313
594 426
319 30
255 279
581 110
643 97
501 409
285 610
396 118
40 372
356 89
13 145
53 367
526 239
15 488
138 689
350 258
174 566
58 87
76 126
284 425
236 643
549 168
693 177
636 148
621 322
33 610
346 570
454 27
484 70
358 283
646 613
698 256
234 136
231 449
256 365
658 175
546 301
591 104
454 699
255 378
607 184
653 280
346 172
228 446
328 640
19 385
417 247
254 46
438 635
643 223
377 644
201 229
640 213
348 428
324 691
25 314
341 246
671 276
460 266
472 624
236 208
572 50
409 689
108 368
554 11
153 457
143 319
302 353
664 413
145 341
237 406
502 102
312 373
96 207
20 651
602 569
269 371
290 292
79 539
660 437
553 610
575 352
207 625
547 239
670 665
175 521
427 4
205 144
313 517
104 203
7 52
488 442
552 548
565 10
215 487
200 270
433 490
631 591
239 398
552 244
497 279
353 567
247 327
644 361
213 602
463 179
303 214
240 451
37 303
538 614
246 173
350 691
148 592
88 594
612 205
192 411
520 360
602 311
112 61
19 403
329 136
580 111
76 325
17 502
365 382
517 38
198 618
116 337
520 294
550 440
639 15
222 295
625 670
197 278
269 658
534 14
264 30
179 503
129 13
107 89
547 254
17 111
652 480
31 110
360 641
606 232
50 223
270 182
78 384
341 226
155 144
560 196
531 50
299 367
359 105
556 335
228 308
346 157
5 479
219 233
103 493
434 682
59 496
547 525
364 668
445 418
634 314
103 115
218 689
274 591
568 165
1 512
296 388
130 471
436 347
369 430
554 372
419 354
483 62
58 0
382 401
24 282
544 613
288 191
245 115
454 33
319 299
171 129
407 110
5 269
462 528
612 460
149 32
122 552
630 82
381 597
261 498
240 605
490 236
695 624
105 436
247 679
383 307
448 14
579 108
493 454
635 135
407 231
663 269
1 607
218 303
613 261
218 444
392 665
68 595
569 595
76 200
335 531
664 559
399 279
187 312
663 7
197 549
605 533
43 299
488 1
212 146
195 596
170 113
452 328
143 517
343 584
121 623
377 0
132 638
531 195
54 395
677 448
519 240
503 155
430 240
563 129
165 67
425 216
293 442
333 42
408 270
270 208
624 46
647 204
44 305
201 147
491 186
89 446
514 357
240 612
398 579
362 617
26 666
129 96
435 498
432 261
185 622
297 279
506 339
634 450
385 511
3 125
203 125
32 118
149 59
475 181
580 664
264 181
558 166
544 124
70 616
568 302
504 151
373 71
572 17
62 516
440 25
288 563
643 294
33 573
295 543
368 604
235 538
127 101
534 430
389 110
591 275
436 146
689 98
260 30
544 596
91 570
244 656
101 232
212 314
532 447
158 541
649 189
355 625
169 452
312 539
68 357
470 142
646 358
655 681
379 596
385 236
254 298
300 639
499 595
257 450
27 314
560 614
359 187
131 444
180 391
420 139
321 399
499 135
224 308
573 659
170 505
663 609
70 559
550 177
208 533
160 601
210 391
136 104
365 158
30 436
166 429
355 428
352 240
7 145
546 104
555 110
502 171
299 192
598 437
256 624
284 188
221 347
340 166
575 412
476 502
93 202
540 322
667 459
370 158
197 484
625 657
37 582
676 604
637 329
284 665
203 472
224 499
480 446
605 531
604 312
167 254
491 583
474 32
526 266
489 9
617 690
259 226
176 59
564 567
674 629
244 595
36 344
612 304
284 19
329 339
230 643
41 609
140 267
604 628
137 289
140 615
582 596
334 488
330 228
107 456
544 408
301 414
261 532
378 420
357 276
641 20
262 541
269 356
653 685
287 413
516 177
454 60
294 304
650 693
216 528
147 167
539 271
121 70
368 185
572 180
490 693
307 159
294 524
202 455
229 572
522 537
133 287
463 81
693 376
98 76
414 408
385 534
252 141
678 247
531 504
98 535
584 65
186 111
594 689
452 399
380 595
412 403
492 461
256 284
204 328
411 514
450 543
245 121
256 464
168 244
465 302
196 472
402 198
302 607
182 213
360 601
683 114
320 65
300 657
599 70
292 651
452 247
73 494
93 529
226 538
116 164
662 52
101 164
56 44
532 486
29 610
36 589
462 242
495 647
655 269
460 213
144 665
514 483
320 124
384 536
438 104
57 6
91 381
689 428
699 23
526 423
449 444
501 118
376 486
2 159
587 491
101 382
137 645
111 379
415 235
168 177
641 340
450 319
46 234
241 131
66 542
14 176
656 452
287 133
305 699
570 223
596 75
13 16
295 229
352 250
648 48
248 161
265 473
214 221
425 176
648 560
447 622
179 232
381 160
491 237
211 625
436 512
535 563
474 651
111 230
189 653
359 692
544 46
646 130
184 358
285 457
694 368
162 69
79 367
515 161
175 8
79 654
441 75
594 387
563 504
155 511
570 341
254 102
486 443
208 174
182 179
493 561
410 269
627 85
284 299
123 422
144 602
354 51
684 333
249 532
110 537
293 143
150 109
377 576
179 113
131 382
320 550
609 525
40 566
94 641
246 546
379 682
174 2
224 445
55 434
175 447
382 618
308 192
241 79
190 679
236 655
105 290
58 237
137 66
372 186
46 540
674 95
678 559
450 61
213 371
297 591
382 285
538 314
106 510
310 570
23 81
129 467
421 130
246 570
232 693
447 185
162 635
559 515
431 167
651 343
287 445
38 428
509 239
120 298
241 594
319 279
445 177
566 297
119 301
32 34
194 32
282 667
659 350
603 247
3 282
669 681
400 537
666 99
379 144
105 547
222 505
99 509
96 591
143 589
151 69
448 58
649 244
501 458
295 555
29 251
544 591
631 411
636 683
578 225
92 595
406 168
516 376
346 321
67 425
478 179
569 638
295 429
545 573
513 498
336 571
646 149
625 339
12 17
257 420
445 698
549 694
29 158
290 19
133 404
340 58
604 255
532 498
665 511
232 19
469 602
584 493
222 606
124 207
33 223
697 130
630 537
686 492
603 542
454 186
300 435
543 532
340 232
436 477
141 320
408 309
139 170
616 555
564 642
41 271
416 55
272 589
423 582
150 78
334 408
489 196
612 661
509 670
23 68
585 31
455 619
243 198
519 615
391 370
291 678
86 675
621 358
403 119
351 33
373 604
595 76
614 60
4 281
202 146
51 113
671 669
613 277
460 411
629 149
42 115
325 105
559 591
119 87
300 344
157 140
288 645
45 406
475 433
21 565
239 405
529 317
378 607
330 209
564 13
532 573
509 70
87 102
265 374
390 337
239 183
644 295
223 268
81 273
653 426
408 422
677 360
544 240
542 405
229 161
68 613
278 525
152 445
579 668
205 471
437 559
80 104
636 307
439 402
254 299
196 399
630 555
239 82
445 498
472 54
272 202
234 44
149 522
446 102
606 596
138 258
635 685
58 624
576 379
515 367
68 67
426 591
99 568
253 240
300 507
240 598
435 579
401 40
142 323
556 87
682 124
15 211
153 132
554 0
194 698
598 55
380 689
255 628
109 523
442 102
550 238
46 232
451 137
643 401
329 78
95 90
102 524
213 476
576 520
280 624
264 334
161 362
339 355
674 430
472 168
379 34
358 174
453 493
143 379
145 203
235 271
201 125
137 329
136 313
249 306
417 549
684 2
363 445
507 576
440 150
487 86
91 435
430 83
260 149
58 358
550 348
152 68
358 504
83 683
216 116
256 226
659 100
504 403
19 596
320 161
405 576
519 191
209 141
139 63
505 51
373 561
250 539
403 696
150 145
678 515
604 196
590 108
38 236
86 459
529 625
408 334
312 280
388 156
375 622
173 96
661 247
366 74
286 22
679 70
372 685
37 26
690 653
590 18
150 392
93 686
293 461
648 543
328 277
486 490
278 213
488 460
167 267
301 245
598 0
452 448
473 677
387 298
183 105
155 342
277 627
531 23
427 619
624 109
138 493
353 584
664 647
676 595
671 500
280 594
75 257
473 680
102 333
672 190
277 152
591 381
241 454
680 350
629 81
194 16
153 610
279 441
133 557
572 632
497 479
572 637
432 587
30 513
195 632
636 43
249 255
95 19
480 11
114 53
211 15
220 638
194 276
415 641
569 191
193 674
411 128
35 459
74 602
479 262
390 377
272 292
342 409
172 188
381 265
67 501
372 177
522 63
615 595
320 524
243 543
67 56
512 202
620 433
487 397
405 492
223 589
562 359
503 643
561 211
364 299
4 618
83 61
541 481
662 300
449 666
183 407
53 125
192 460
162 214
144 148
361 34
167 628
502 482
408 361
642 590
367 298
306 447
5 196
54 493
556 39
665 588
564 283
331 690
442 548
274 100
207 517
407 182
440 655
31 335
580 25
347 253
73 99
564 540
582 434
602 361
415 640
68 79
315 26
572 74
346 394
293 339
7 696
240 233
482 181
446 199
234 547
9 599
377 40
402 9
492 699
381 258
255 448
401 553
123 692
387 464
252 99
231 524
159 640
595 249
655 691
673 299
117 344
295 173
198 124
561 483
33 25
507 513
308 124
492 580
5 585
596 32
444 99
60 120
668 467
57 111
438 417
633 18
420 453
545 89
422 569
470 23
439 483
9 184
195 511
648 643
555 323
352 361
46 131
526 252
598 563
45 128
298 683
112 340
233 429
155 560
155 311
132 113
174 148
547 325
163 641
420 395
128 104
221 648
604 507
100 235
483 617
602 220
259 34
558 422
438 503
539 57
242 594
665 659
535 473
298 444
519 424
279 255
691 238
431 450
501 9
56 472
512 347
373 508
28 62
222 155
244 519
176 450
166 567
482 497
15 382
634 414
616 572
404 320
518 316
502 325
653 263
427 5
635 222
427 133
57 436
689 347
534 488
273 555
300 566
166 280
301 334
613 535
332 620
136 429
456 76
411 486
311 28
146 181
605 347
512 49
195 232
327 459
516 344
200 125
190 466
425 505
674 608
23 541
227 90
526 665
660 81
510 643
309 388
383 634
106 163
60 438
338 421
149 5
33 64
660 237
687 509
57 42
357 275
148 515
69 8
432 255
381 368
433 288
195 356
311 298
620 339
449 211
610 390
302 548
147 127
661 87
300 501
671 20
15 53
259 630
500 350
376 546
665 374
173 652
198 390
682 183
18 406
456 150
132 131
330 163
619 287
610 40
222 77
73 35
222 401
332 547
198 460
94 43
531 661
520 457
621 176
393 548
4 663
647 385
502 31
61 259
568 366
80 142
549 255
501 311
223 12
597 127
214 215
317 692
409 371
645 182
54 474
369 355
683 462
532 579
523 23
59 559
390 408
49 185
659 425
441 597
586 179
600 52
357 63
155 616
424 270
266 475
490 226
461 96
170 484
50 219
433 376
590 544
108 287
54 156
564 38
202 637
452 579
290 497
258 416
31 365
660 378
442 318
29 355
339 4
576 371
183 186
345 223
296 63
33 78
682 506
15 563
254 96
558 417
362 629
47 155
371 88
394 143
506 119
504 578
319 178
386 121
106 618
565 69
479 514
546 196
393 27
504 329
579 236
88 423
500 61
617 52
546 164
698 524
542 349
390 602
240 211
609 252
10 303
503 100
77 222
538 133
98 417
531 630
76 244
688 286
240 266
667 382
44 247
184 321
212 310
183 418
121 5
153 462
594 147
361 486
458 419
366 440
106 683
627 235
151 251
40 210
120 587
482 479
141 97
110 200
307 437
489 174
315 586
590 271
502 668
276 693
370 584
392 597
159 54
453 221
162 477
320 307
100 76
7 598
638 155
125 490
518 644
546 510
621 519
248 524
524 649
628 538
242 420
96 486
279 86
7 43
358 674
288 139
160 303
259 87
426 641
427 612
509 181
193 611
590 69
132 179
74 208
292 265
28 97
73 342
475 365
525 346
483 312
541 9
453 39
143 459
515 514
155 617
108 370
196 365
158 16
381 386
164 674
1 401
552 582
407 229
525 588
657 88
514 13
62 369
63 408
0 419
77 466
153 83
93 588
90 235
246 284
282 113
162 579
290 517
19 698
243 14
608 109
68 640
166 317
306 564
484 547
109 552
21 68
370 160
525 119
414 405
600 403
315 231
414 395
110 546
578 685
193 317
441 333
214 423
693 607
308 24
270 259
88 43
136 410
126 122
330 471
555 286
144 245
235 242
245 206
658 423
372 209
170 571
69 665
261 43
321 382
519 455
14 676
452 409
659 550
179 129
114 167
354 160
230 97
192 205
642 386
683 74
144 408
660 173
360 502
27 187
343 12
40 526
178 8
162 57
330 391
52 201
396 464
269 79
461 148
379 471
480 414
575 156
112 468
506 557
357 526
385 311
83 317
353 682
628 109
202 33
662 245
228 364
431 657
212 296
525 486
286 554
172 592
498 293
455 599
42 555
14 188
165 683
443 439
645 213
400 500
418 190
81 72
17 364
284 61
398 411
633 495
387 620
267 473
119 488
304 513
317 18
454 365
244 457
507 59
5 2
672 14
604 534
198 208
404 377
699 298
523 163
204 553
566 32
57 631
672 390
370 509
628 241
197 24
414 645
211 369
421 578
123 336
550 313
46 205
44 351
235 385
384 234
491 110
89 671
225 631
400 306
260 208
619 556
32 693
659 513
102 476
419 448
481 503
327 613
553 89
365 446
259 74
5 666
646 695
9 45
59 651
227 680
292 243
512 694
177 525
337 164
408 224
443 26
674 228
306 582
579 465
669 401
324 607
690 697
643 562
659 87
205 92
118 269
242 83
62 210
516 207
84 556
414 223
553 129
303 82
628 618
46 329
608 409
422 462
314 369
600 245
249 560
212 540
305 334
189 251
681 408
669 386
234 120
598 403
506 112
206 299
50 191
184 500
488 133
187 535
384 1
356 496
424 507
115 460
256 553
407 202
41 579
1 155
528 425
573 651
303 30
304 693
262 620
646 541
625 619
13 230
248 474
153 136
77 573
693 247
139 338
590 465
457 386
547 161
445 510
396 633
462 48
286 199
504 357
74 293
438 495
607 259
300 297
349 532
484 304
691 9
135 408
94 607
632 452
551 116
420 585
616 99
459 322
3 454
453 432
525 435
533 192
661 320
310 269
78 129
44 656
541 447
105 486
210 443
226 489
584 629
251 301
117 219
632 454
446 452
332 304
497 354
644 49
26 301
270 200
552 350
488 521
426 354
287 627
575 376
612 15
581 26
83 679
205 2
184 280
181 97
456 394
234 17
669 691
167 367
638 163
483 631
465 348
168 667
225 260
228 328
213 116
505 359
197 0
478 461
245 500
73 294
324 364
63 402
63 490
602 303
633 482
218 395
692 242
315 532
480 243
315 90
323 683
481 477
76 238
210 537
527 404
495 524
373 359
454 560
244 271
159 6
517 21
193 273
566 375
557 473
242 300
599 300
566 499
132 87
382 424
479 547
682 492
471 671
543 106
121 605
278 159
196 602
170 121
108 586
65 220
127 607
653 301
239 578
369 671
501 84
635 469
258 105
134 459
444 513
266 39
149 632
200 697
669 658
75 531
20 14
369 306
501 600
55 571
136 196
160 140
583 604
445 304
88 171
368 3
46 433
580 279
548 394
602 312
392 182
589 342
593 554
425 24
419 301
135 390
287 189
580 331
105 325
534 552
557 656
501 548
551 263
524 46
67 557
520 276
383 394
263 93
247 454
651 301
219 187
420 33
214 363
97 450
465 100
20 351
699 571
443 370
431 74
267 125
681 495
364 38
273 126
629 210
668 406
188 437
560 499
89 321
546 619
249 158
90 448
13 557
222 682
86 26
27 291
159 571
303 335
83 336
372 96
240 402
218 457
297 4
652 639
43 187
480 45
563 589
29 647
148 601
279 499
131 304
590 433
613 628
123 100
182 140
481 352
129 1
506 76
662 359
346 33
314 494
86 354
231 551
191 136
54 218
629 260
213 139
649 409
618 663
30 287
268 353
23 188
578 30
293 402
559 483
2 142
121 107
633 381
112 668
521 38
495 317
446 422
394 564
651 181
488 542
169 569
633 635
139 36
629 550
407 73
520 188
91 590
621 123
680 144
338 457
22 537
26 255
469 452
146 686
347 551
113 582
95 429
697 422
8 663
342 195
213 561
411 129
343 61
160 442
644 420
41 425
456 161
166 114
202 44
351 19
593 169
175 34
106 346
662 675
684 563
405 196
155 336
220 292
252 6
649 524
674 136
165 430
228 483
447 10
330 292
379 116
598 223
615 674
354 145
116 511
490 128
14 173
55 58
90 3
698 358
499 328
90 255
14 637
476 69
486 122
528 569
140 221
560 395
542 642
135 375
489 378
444 68
263 164
351 618
262 79
332 313
12 42
670 145
566 458
189 49
132 341
254 478
361 121
166 624
177 645
365 465
630 434
211 664
413 3
362 429
174 489
587 516
504 79
182 316
209 394
554 10
441 510
474 261
274 247
491 64
220 386
476 316
190 253
12 355
247 674
510 619
291 582
642 118
22 381
38 59
429 219
428 406
435 59
627 529
165 668
233 148
692 409
675 494
546 123
253 448
199 74
677 584
216 209
542 259
81 411
204 465
257 460
569 467
394 470
538 22
259 85
58 364
176 614
270 658
587 400
145 375
93 394
127 370
58 685
613 300
174 221
579 519
427 205
79 166
592 544
170 240
523 418
19 378
340 658
422 341
366 225
594 288
465 632
250 47
552 526
498 282
575 64
394 7
649 67
479 229
130 242
480 140
562 214
470 578
22 177
356 211
404 626
415 343
180 503
652 422
456 16
478 64
116 243
78 690
145 543
101 23
219 563
319 399
389 65
520 68
307 257
83 443
104 80
408 215
662 223
231 344
507 153
418 295
187 540
520 335
54 349
505 509
248 618
232 538
202 685
127 207
274 192
521 654
314 250
451 534
681 277
514 596
561 536
551 322
387 208
375 354
652 157
134 284
208 484
359 214
99 672
431 677
43 280
19 30
623 377
213 525
640 549
414 360
608 207
542 102
262 100
473 380
535 28
542 314
327 112
6 518
270 457
219 444
167 17
228 201
330 534
379 517
383 435
248 373
231 228
339 514
529 575
363 90
601 203
291 218
187 687
208 658
173 472
533 220
160 71
38 287
260 79
376 677
547 380
22 573
79 339
558 641
567 87
67 472
663 419
680 102
297 137
431 619
421 489
389 301
608 475
541 666
425 691
446 34
565 246
217 371
188 165
277 412
441 623
399 68
683 403
475 251
651 689
447 673
614 8
316 351
388 320
156 151
295 245
445 280
272 605
95 167
485 513
374 696
246 482
333 391
562 411
65 584
34 560
150 488
416 512
299 548
30 89
158 161
494 365
521 22
424 565
368 165
295 540
144 593
404 242
265 232
404 373
601 147
325 363
297 299
152 78
48 175
687 690
389 578
291 687
370 215
596 386
132 30
238 652
245 191
414 343
594 390
575 206
509 220
411 314
165 117
109 586
215 91
636 436
603 412
390 307
6 167
153 537
553 479
565 416
671 591
686 486
353 468
660 219
414 146
472 143
366 474
595 418
176 557
651 96
474 76
269 63
257 678
28 545
413 531
82 66
150 326
157 535
511 172
184 694
602 579
420 656
578 471
80 661
237 45
342 274
29 47
339 481
108 54
125 679
404 289
154 619
382 532
384 547
531 273
315 204
261 420
490 69
391 606
404 649
549 402
229 466
618 344
42 443
142 78
142 607
699 364
605 430
215 548
358 182
251 255
340 11
612 356
508 693
116 139
596 411
543 662
693 369
264 150
198 646
238 407
184 427
333 625
590 644
41 424
638 544
65 188
547 308
193 349
533 453
136 9
455 546
170 643
436 503
229 404
116 280
401 665
455 302
639 200
75 593
234 366
142 370
34 557
437 298
517 110
696 532
392 255
519 268
386 283
102 471
674 405
419 537
143 280
196 687
153 366
133 636
239 474
23 370
41 638
444 266
23 594
270 553
479 7
98 217
596 112
477 242
622 220
263 31
536 611
456 22
282 413
613 476
480 375
533 166
573 486
606 414
500 459
615 559
154 76
118 626
215 349
461 315
687 35
18 407
136 67
255 432
352 87
311 537
490 342
475 98
261 649
675 262
601 679
30 415
347 297
303 349
124 567
147 258
18 81
25 648
646 551
310 597
56 363
414 42
593 315
682 480
209 462
224 129
117 49
147 269
38 660
617 461
680 268
561 602
110 300
526 251
620 103
40 570
53 216
466 187
172 106
213 496
205 497
603 27
96 674
220 410
193 342
129 90
699 686
556 194
269 149
441 73
505 546
77 458
238 93
388 54
588 614
348 288
14 618
328 558
176 419
239 613
146 311
376 164
424 629
118 666
20 117
192 55
641 168
519 280
311 608
283 171
146 547
123 547
645 64
405 173
327 65
116 527
115 278
666 51
219 308
228 538
488 127
391 384
459 62
408 399
321 348
403 625
68 333
619 618
308 631
390 344
674 533
305 281
324 225
434 464
199 144
497 391
314 44
416 581
474 44
346 82
79 267
317 608
671 94
276 673
264 355
682 576
650 609
441 530
575 232
75 184
187 336
491 668
282 531
79 268
379 359
321 677
45 231
161 329
371 246
288 100
286 285
86 218
539 603
637 500
635 424
575 674
286 561
175 436
282 675
279 228
678 290
522 651
522 186
411 696
346 491
559 587
474 530
500 383
408 679
222 300
25 523
128 413
298 574
366 637
219 186
444 470
534 606
524 432
616 691
120 6
306 684
38 509
209 45
259 105
315 137
562 477
664 355
149 87
640 599
671 149
0 550
30 182
144 102
351 354
670 123
587 56
297 291
165 540
292 400
580 549
431 269
176 315
676 344
214 97
266 349
241 508
341 47
415 567
449 267
290 438
567 622
671 123
462 223
216 5
413 544
468 327
293 263
77 680
51 688
322 323
332 305
398 341
637 137
423 1
382 149
398 592
568 251
150 54
222 448
382 129
443 521
505 430
365 273
487 65
179 690
478 674
317 263
172 121
360 226
486 440
90 313
182 408
473 193
555 653
171 690
137 307
593 113
448 260
519 99
394 636
628 351
359 378
488 339
334 357
192 363
237 599
125 430
298 469
158 275
593 510
599 536
409 99
349 660
447 444
500 564
238 452
150 325
476 517
361 201
555 417
406 529
286 174
229 223
359 90
56 575
280 189
580 530
521 402
602 457
329 290
23 649
247 623
516 569
367 369
410 591
69 287
108 533
691 392
550 393
544 363
289 261
13 272
687 503
260 438
653 679
471 176
630 317
566 98
567 412
455 176
448 117
80 129
535 373
226 20
639 63
189 200
494 442
35 24
36 395
560 447
682 365
598 46
299 246
383 149
304 189
628 324
415 56
37 75
359 97
463 595
675 300
566 396
48 236
208 229
403 588
343 290
183 249
367 89
614 299
321 125
190 525
268 355
519 673
30 230
100 340
561 418
336 212
240 617
171 667
352 69
643 449
277 85
44 541
461 622
295 462
462 555
436 692
203 568
500 183
81 366
339 517
577 34
631 133
403 551
423 375
404 584
264 210
635 33
143 369
146 19
215 261
161 24
541 446
530 618
227 250
277 683
172 459
693 248
140 82
151 444
97 635
452 284
257 379
486 247
422 109
444 194
692 624
44 13
378 392
390 564
331 213
364 315
162 32
169 556
391 200
588 321
252 439
332 359
322 215
19 306
19 458
517 632
314 241
411 108
574 651
680 593
613 662
263 397
300 386
207 300
575 259
287 273
376 659
331 415
150 92
63 411
263 571
200 16
559 213
645 583
59 410
403 241
346 477
584 104
524 7
409 509
534 160
644 198
468 505
538 566
538 263
82 239
567 250
587 643
403 647
97 650
550 315
257 96
564 214
183 533
248 614
367 318
230 403
433 253
393 547
195 108
431 307
418 116
204 129
355 396
573 29
35 260
368 195
125 555
637 53
497 118
602 375
505 662
515 85
287 597
212 321
333 664
202 205
633 429
94 120
399 594
337 514
359 483
21 431
410 356
132 577
306 434
285 507
525 334
614 502
291 242
417 634
457 41
389 266
251 23
83 437
104 459
279 661
313 100
75 470
416 430
595 594
654 571
157 555
51 668
311 42
604 392
594 610
161 397
119 569
609 332
91 157
164 381
250 430
419 243
303 378
688 209
411 485
156 683
118 112
220 273
221 162
507 184
71 114
452 644
231 271
281 599
231 412
146 121
364 111
2 53
160 304
341 598
612 241
688 186
343 169
52 128
54 13
356 13
269 4
203 559
193 306
263 34
87 89
334 315
96 316
658 667
446 497
613 274
74 142
172 546
38 570
493 312
481 156
350 697
26 593
434 101
623 586
207 390
366 201
600 530
301 345
80 161
552 179
332 127
276 395
31 217
416 246
384 598
150 207
434 502
568 182
479 443
41 223
401 548
565 596
289 611
248 562
622 229
655 357
222 485
190 314
252 282
597 318
596 14
627 29
478 343
300 606
595 487
355 231
617 545
225 14
41 253
103 133
674 275
71 580
572 218
263 674
416 236
645 525
512 614
437 212
353 428
148 579
609 383
668 399
72 292
230 554
656 688
174 422
125 153
103 581
34 288
60 321
250 509
7 498
21 48
360 333
277 676
195 581
84 275
411 410
449 353
359 671
418 228
114 33
363 115
164 391
608 695
552 409
167 550
533 649
210 408
487 218
261 270
221 161
231 257
396 162
645 566
55 259
197 567
87 545
311 41
242 694
631 241
51 592
588 467
660 584
441 285
218 117
402 458
172 274
108 512
337 422
286 631
677 335
243 244
16 115
432 443
418 596
125 346
433 0
291 556
499 64
575 470
56 179
620 215
326 639
578 561
469 613
374 441
295 443
520 553
85 601
380 500
609 221
182 463
455 683
631 162
86 396
53 11
48 585
185 423
177 540
229 348
206 393
404 388
697 113
355 605
63 14
405 62
271 282
686 356
158 443
229 677
656 49
397 458
250 237
205 482
431 487
107 699
594 661
593 601
240 242
41 624
299 133
617 647
91 224
126 192
608 520
472 214
54 51
219 440
623 216
151 617
202 157
20 182
602 292
112 500
634 44
78 589
508 545
576 657
556 129
377 468
280 639
667 234
573 82
509 449
524 41
426 435
120 457
189 446
466 148
229 24
235 507
188 573
553 98
282 477
520 530
36 648
672 562
422 264
367 237
150 165
611 141
356 151
467 364
229 414
645 489
269 568
558 71
328 341
361 291
130 104
625 626
629 304
132 42
606 146
388 122
132 688
17 134
496 241
284 664
519 174
621 569
650 389
65 225
114 174
425 175
9 358
75 541
261 268
349 300
383 148
229 104
369 438
611 136
460 444
317 475
410 569
326 689
664 460
665 387
517 285
110 57
456 56
297 354
249 346
305 413
126 276
163 36
481 277
96 213
160 613
377 465
604 369
159 50
632 643
25 249
73 367
91 4
437 314
666 632
295 601
80 475
464 180
491 457
593 653
68 365
259 639
523 642
582 121
75 255
155 263
297 49
633 593
32 250
207 280
597 432
672 664
358 364
647 644
92 158
568 477
232 450
565 47
225 113
420 544
141 169
574 658
172 230
21 13
596 312
169 520
593 307
106 477
322 313
298 457
122 121
9 317
59 161
353 547
443 246
281 610
667 193
95 28
452 418
510 473
108 73
380 613
618 641
93 574
416 17
682 693
225 629
177 513
432 164
455 660
572 130
562 296
291 106
690 591
576 57
256 64
449 66
597 223
370 481
338 425
524 564
416 274
51 392
371 579
677 473
545 17
120 235
259 605
162 331
165 292
231 689
685 503
105 268
575 566
205 698
396 54
94 193
518 55
153 627
207 184
694 252
162 174
392 282
621 255
554 346
403 348
384 65
292 19
30 675
447 675
244 312
408 353
307 504
191 342
427 423
612 92
38 314
96 637
340 406
85 240
341 354
653 189
318 559
55 226
38 315
400 110
87 582
663 211
639 559
433 475
639 314
68 665
181 641
636 659
549 130
310 5
603 628
378 463
287 174
358 535
82 181
164 259
75 157
208 434
17 535
230 636
79 148
246 43
264 474
570 372
370 470
312 487
156 359
86 334
595 137
163 522
359 472
500 150
156 568
244 308
253 164
277 192
567 573
591 624
529 434
87 310
158 667
214 593
283 84
233 340
193 663
113 481
83 511
200 130
402 105
567 504
159 659
53 143
139 478
162 678
100 657
515 655
211 363
644 125
147 573
608 515
335 59
516 157
548 355
199 500
373 539
176 245
621 81
290 498
150 265
153 145
282 117
31 580
391 454
256 443
337 551
150 60
169 659
471 199
646 687
129 589
319 269
287 598
614 393
267 15
252 270
75 226
299 243
521 403
677 147
10 137
185 645
670 98
332 96
395 625
624 439
386 407
411 208
138 435
674 288
388 595
643 495
201 144
7 319
112 52
595 207
538 146
240 422
165 532
543 639
386 595
395 94
432 323
599 178
183 3
209 339
274 324
54 368
633 263
249 471
643 290
434 510
280 7
374 367
347 497
464 252
289 512
393 334
584 257
131 339
172 28
183 612
271 325
635 601
324 270
393 267
375 583
200 116
297 14
679 644
36 561
304 378
332 396
295 285
349 594
607 242
9 526
361 444
114 639
386 565
152 401
120 688
131 110
419 597
235 346
305 17
82 17
473 310
585 329
342 350
95 477
451 693
109 698
693 532
574 321
280 46
79 343
352 299
424 65
237 213
250 150
91 618
545 548
63 209
211 379
283 349
137 543
267 105
73 659
96 24
500 60
423 346
486 15
587 334
535 17
502 216
248 137
467 280
81 623
677 696
634 373
631 295
436 137
430 682
599 675
184 348
380 316
447 233
494 683
86 228
165 553
124 284
557 333
319 237
298 538
693 244
534 245
253 439
410 135
639 505
497 231
119 109
662 387
79 372
285 170
53 36
253 206
88 59
631 41
475 617
689 244
512 338
84 120
330 176
251 14
365 612
391 255
695 422
492 102
190 489
274 583
565 365
357 487
95 196
487 248
294 680
228 152
379 180
381 616
218 610
247 643
223 236
110 533
236 653
570 399
226 410
262 25
95 528
620 621
656 60
151 451
257 440
300 633
355 190
450 43
303 388
525 468
657 50
272 483
431 661
469 164
362 119
181 172
34 132
77 519
404 90
556 201
545 494
340 548
300 473
98 626
248 400
256 110
570 5
640 380
549 253
666 694
298 321
666 466
260 545
234 246
104 575
75 353
20 38
481 279
606 579
614 116
423 126
334 563
53 327
84 55
657 42
668 287
609 552
92 179
361 307
189 493
422 550
318 596
92 183
266 5
641 55
119 208
14 368
312 268
606 326
495 419
323 275
502 596
254 233
547 595
144 380
616 119
385 507
344 430
249 505
119 94
606 221
374 195
569 393
26 450
636 115
123 444
414 584
213 489
304 670
505 598
210 635
659 579
55 646
598 139
580 411
17 99
218 656
637 34
543 677
669 578
586 15
148 53
5 671
671 243
658 456
382 79
249 696
370 263
495 168
344 626
649 316
426 671
390 600
171 652
310 622
481 455
285 64
87 130
309 620
577 535
33 62
272 244
572 598
454 479
513 695
583 652
252 164
56 241
299 51
409 352
398 261
221 339
103 578
636 53
578 461
473 583
83 75
107 524
496 221
100 15
461 153
254 193
174 52
154 226
299 640
62 529
619 294
61 53
538 126
551 62
126 12
459 56
445 119
45 459
666 385
479 335
438 103
207 194
558 442
250 109
602 456
625 663
26 42
691 14
4 90
590 311
690 189
109 8
683 235
463 191
321 44
394 361
311 433
459 144
620 197
630 380
8 248
136 173
60 5
263 70
442 640
113 452
283 448
432 331
258 414
663 436
77 308
72 679
370 299
154 213
354 635
261 290
10 372
355 172
495 104
312 415
209 213
617 21
282 283
462 663
412 108
150 236
645 593
363 222
406 389
159 460
202 149
633 664
346 440
415 686
687 118
