700 4182 2100
6 24 25 18 5 12 9 22 13 9 23 11 25 13 15 19 7 8 11 16 22 21 10 15 23 23 16 20 25 16 12 15 18 21 21 20 16 13 24 19 12 10 19 17 24 6 23 17 10 17 25 19 23 8 11 7 14 9 17 18 12 12 16 18 11 17 21 24 6 15 22 17 21 19 20 10 13 23 22 15 21 16 14 21 15 9 5 6 12 11 19 14 10 11 11 19 11 14 19 23 14 15 19 8 14 16 21 7 21 16 5 23 14 13 16 18 25 5 13 9 7 10 24 10 12 25 12 10 15 16 9 14 13 23 14 10 25 11 19 9 19 7 13 11 9 19 5 7 13 11 25 18 19 11 24 5 11 5 5 17 6 23 16 25 9 14 24 11 8 13 22 9 11 5 22 19 6 6 23 22 11 25 19 9 19 11 9 17 13 17 9 11 23 25 8 12 13 9 8 21 9 23 18 13 24 16 19 17 14 17 24 25 23 14 14 25 10 6 25 18 11 6 15 25 20 14 10 6 13 12 14 24 6 11 14 6 19 9 25 13 18 24 13 7 12 21 11 17 13 19 23 10 10 9 12 15 20 20 13 22 9 14 18 20 18 12 20 13 21 5 5 16 8 7 25 11 12 24 11 6 20 8 9 13 6 18 14 15 10 7 5 14 17 8 13 15 22 9 18 7 15 20 5 20 21 23 20 25 21 17 10 15 20 18 8 7 6 25 13 20 5 24 5 17 7 22 18 9 18 5 25 13 18 21 17 16 23 12 8 22 24 24 15 15 12 10 16 14 7 14 12 10 8 8 19 19 13 16 5 23 20 20 23 11 25 10 20 17 25 7 18 20 19 23 22 22 18 11 7 19 24 19 20 23 9 12 25 10 20 16 17 12 24 7 7 15 10 9 11 8 22 14 8 13 18 13 15 17 14 19 11 21 10 9 13 9 24 15 10 18 21 14 22 22 19 9 18 15 24 11 24 7 24 5 10 14 11 17 25 21 25 14 9 13 9 7 5 25 13 6 20 14 19 14 8 10 13 22 22 5 8 7 19 22 19 25 8 10 16 23 8 21 5 9 24 20 25 15 10 23 17 5 8 5 6 8 22 7 15 16 16 20 19 16 23 21 19 24 12 17 9 21 22 18 9 21 8 15 7 18 5 13 21 13 15 21 24 24 16 6 15 25 24 13 11 6 21 19 7 6 22 15 21 15 15 20 21 8 25 9 9 19 18 13 25 15 9 20 19 17 5 23 21 13 25 11 25 9 22 21 19 15 24 6 24 18 20 7 8 13 15 21 25 11 15 17 17 8 13 19 5 19 10 15 20 11 17 23 24 9 13 17 18 12 9 23 8 12 19 12 7 22 7 25 23 15 17 20 7 23 25 23 7 5 8 12 19 5 17 17 18 5 18 20 8 15 22 17 15 14 24 19 24 10 23 18 22 7 5 8 13 18 10 18 20 20 24 5 13 7 14 10 24 8 6 20 20 9 25 19 22 9 23 19 8 19 9 9 12 14 15 17 14 12 11 11 25 15 5 14 5 14 7 22 15 5 23 20 16 14 14 22 16 10 11 21 16 10 5 22
3 18 10 17 13 4 7 10 20 5 16 3 16 17 6 16 18 12 15 16 18 7 5 18 12 9 18 12 3 4 20 13 19 16 7 9 6 10 19 8 18 10 14 14 13 20 20 7 14 7 19 10 9 9 16 5 8 8 13 20 20 13 6 20 11 12 11 8 8 8 18 13 3 8 17 20 19 3 16 12 18 6 14 8 19 9 11 4 8 3 15 7 13 10 17 8 5 17 10 7 6 8 13 16 8 15 9 19 14 5 16 9 13 16 13 11 17 9 17 11 14 19 15 19 7 16 5 3 20 5 4 7 5 12 14 3 15 14 19 17 12 17 12 10 8 3 13 9 5 17 11 18 3 8 7 3 18 7 13 6 17 17 20 14 5 7 3 17 20 20 10 10 4 17 20 8 8 7 12 15 15 20 11 10 16 11 9 7 14 16 10 9 8 5 16 7 17 8 19 20 20 8 4 13 18 6 8 18 3 13 20 6 16 10 5 20 8 15 7 14 19 19 13 15 6 8 13 9 3 17 20 18 10 8 12 17 17 6 18 5 8 9 17 14 4 18 19 5 12 3 16 4 10 10 5 5 19 12 5 11 14 19 3 6 18 10 16 9 9 9 16 4 14 8 19 14 16 10 3 8 5 3 11 7 5 17 19 19 3 20 12 7 4 9 6 17 14 17 14 19 20 5 18 6 18 13 3 14 10 9 4 9 16 19 5 8 4 6 17 20 17 9 18 6 12 9 15 4 9 10 11 9 13 6 5 5 16 19 16 9 15 6 7 3 8 13 9 19 4 3 7 16 11 17 8 6 13 14 14 7 13 12 11 3 5 8 4 20 11 18 6 6 13 9 3 6 8 13 3 14 12 7 3 8 19 7 14 19 19 8 9 9 8 18 20 18 16 12 11 6 13 3 19 5 18 20 5 10 10 20 13 12 20 12 6 10 11 10 3 15 14 12 20 16 16 4 20 4 6 8 8 20 5 16 11 3 20 9 10 6 8 17 3 19 4 14 3 4 19 8 7 19 10 4 18 13 5 14 10 8 12 14 17 14 7 10 9 19 8 10 16 5 12 18 3 15 5 3 14 7 4 3 15 11 18 13 8 15 7 5 20 13 17 19 18 3 11 10 12 20 9 18 8 8 10 10 6 17 20 12 15 4 10 18 13 6 17 15 16 11 16 16 15 19 6 16 4 9 4 6 6 6 6 9 11 14 4 8 13 6 19 6 18 8 16 4 9 3 10 15 15 9 14 17 16 7 19 9 8 14 18 19 17 16 20 18 19 20 20 6 16 19 10 19 8 6 8 14 8 20 11 18 9 8 17 19 7 6 19 7 20 6 4 20 9 19 9 18 20 5 5 8 17 14 10 19 8 20 7 6 6 13 9 4 19 10 10 20 18 7 5 17 8 10 10 6 10 9 16 3 8 6 4 14 8 3 20 20 16 15 3 16 11 15 6 11 10 5 4 6 17 10 18 10 6 12 7 16 5 17 19 4 14 15 7 15 15 6 4 6 9 10 13 11 5 13 14 17 12 16 6 16 20 19 10 4 3 17 4 19 14 18 10 4 8 19 17 17 14 9
256 289
537 253
391 360
294 32
613 634
466 367
182 205
2 82
486 20
161 489
253 335
670 291
351 486
553 142
446 498
212 91
297 25
18 479
466 370
501 528
177 646
585 96
67 579
508 358
590 338
387 186
101 585
473 322
110 473
584 225
206 201
253 556
273 622
271 108
223 201
118 141
510 424
356 210
213 48
239 459
182 244
303 378
608 317
171 667
684 623
542 230
123 135
614 467
462 41
579 553
355 544
487 79
236 427
310 652
446 266
245 123
623 649
102 345
333 170
467 244
458 249
650 217
314 106
635 384
101 503
645 683
440 299
27 668
25 429
145 172
455 172
374 394
358 248
253 611
62 66
280 447
122 637
569 516
52 105
649 505
327 480
85 19
341 366
77 470
200 698
585 65
437 618
110 693
531 399
360 605
220 186
98 355
479 73
484 67
173 613
598 137
65 212
633 668
511 312
18 83
693 593
319 262
612 170
155 403
73 484
204 435
72 510
171 28
524 97
368 180
436 671
442 236
102 146
645 392
468 672
441 474
86 52
389 32
108 325
582 549
41 137
91 418
125 506
556 583
49 335
555 479
135 128
11 409
418 268
310 573
629 433
120 24
357 265
493 368
290 42
573 672
428 78
521 560
560 467
605 409
29 65
212 122
261 665
577 632
177 649
159 319
289 361
517 14
693 27
374 444
296 531
644 266
201 403
136 228
136 372
207 462
26 103
141 546
470 166
35 407
450 424
469 133
280 172
60 322
242 293
555 507
457 680
477 455
130 352
533 627
375 140
581 688
42 281
467 42
319 185
550 134
332 276
348 122
555 596
423 289
466 243
411 315
340 225
403 487
212 195
195 471
401 280
571 379
184 306
389 683
622 120
326 124
205 168
274 419
154 572
432 99
591 589
685 660
614 37
473 606
527 76
68 335
609 116
555 216
593 375
645 85
121 666
30 18
212 482
589 178
71 12
425 161
350 506
600 14
611 150
537 557
646 495
304 143
696 67
208 415
582 356
334 25
646 226
497 482
689 498
249 415
36 548
382 113
266 36
417 346
479 382
195 636
492 80
686 488
47 474
351 318
90 509
492 193
392 259
590 330
202 357
301 88
340 196
422 394
696 659
96 616
658 641
246 118
212 237
661 546
465 214
324 394
304 678
478 383
180 135
23 33
85 456
626 54
302 573
416 537
554 94
72 270
699 139
152 132
172 429
688 117
438 345
586 648
145 642
340 412
490 618
656 149
550 3
226 228
411 344
583 415
0 348
213 266
476 445
582 530
236 359
535 129
34 688
359 85
576 3
466 348
319 84
690 442
281 399
657 496
622 98
373 420
519 384
255 218
499 231
538 339
201 676
50 225
678 692
31 126
697 473
558 186
412 489
481 305
600 632
121 672
476 692
367 352
400 277
335 59
23 511
163 335
283 215
420 203
604 324
442 93
471 156
543 418
176 410
666 41
646 92
355 253
206 376
166 546
472 360
273 317
162 429
261 240
309 380
182 510
621 112
101 654
179 362
27 64
588 648
262 389
168 336
375 491
24 516
170 224
483 7
599 619
76 572
546 346
241 536
9 273
532 351
118 240
122 190
349 626
598 204
47 59
27 332
573 259
673 272
182 1
465 498
108 463
334 0
592 302
342 47
161 464
573 664
2 100
641 582
129 38
173 545
442 610
351 204
228 125
685 458
495 350
124 0
652 194
380 221
448 381
570 601
523 238
102 45
394 287
175 530
650 409
531 603
343 606
290 52
119 537
536 45
298 169
471 505
679 643
436 444
370 267
106 661
279 342
151 565
196 102
586 182
208 624
435 645
87 51
148 393
286 543
353 439
594 51
22 306
101 99
468 644
284 323
162 427
316 423
391 316
677 385
174 141
535 430
389 356
284 613
300 13
302 270
612 356
132 533
592 610
254 625
139 492
243 656
174 332
638 462
441 66
113 667
381 178
311 206
200 561
570 256
280 214
479 340
345 643
292 296
426 245
24 40
374 609
178 130
633 389
288 499
360 329
574 558
88 446
107 538
547 679
13 469
658 428
513 549
501 282
80 416
102 527
589 681
10 130
87 655
184 462
291 534
256 187
558 666
194 32
234 16
237 590
553 461
454 604
138 141
625 608
358 676
583 274
517 446
269 500
376 516
3 55
463 529
7 680
268 270
550 476
9 294
96 18
450 686
63 452
229 195
138 390
96 116
649 252
54 295
194 7
130 74
560 387
216 346
216 352
58 340
134 260
194 647
255 185
670 171
227 487
540 271
259 136
355 686
415 137
557 513
104 558
23 273
159 58
99 219
573 185
318 314
692 628
497 637
670 649
542 85
381 567
639 158
127 57
384 658
488 204
385 451
563 657
342 352
613 274
463 472
303 220
585 440
598 572
419 108
444 604
17 16
388 55
385 505
695 48
366 592
244 387
373 246
239 135
304 14
50 102
326 241
330 582
292 677
231 368
676 625
542 127
405 640
40 152
88 414
696 319
650 612
83 537
372 641
632 334
327 268
211 697
534 253
85 304
164 134
151 435
442 206
24 659
268 178
160 187
377 158
560 616
696 398
636 228
194 163
249 76
493 401
116 391
432 248
248 539
348 18
146 6
613 566
539 86
496 375
447 137
478 102
541 422
206 316
203 379
142 432
110 148
661 149
539 590
366 71
162 222
245 94
133 149
419 416
31 609
505 573
588 260
673 83
567 368
374 570
225 272
91 568
119 297
649 506
450 498
599 64
569 541
144 136
638 238
166 89
106 56
565 204
373 665
292 240
291 369
341 443
75 369
112 49
49 666
696 218
438 174
651 637
324 179
368 389
54 461
92 20
102 315
456 251
628 134
50 480
437 489
79 660
184 681
648 348
432 513
639 172
272 198
163 465
429 665
341 551
254 456
396 250
240 378
330 185
6 294
601 64
656 396
524 505
236 323
383 126
251 152
533 537
149 416
259 276
241 560
636 58
479 235
109 403
102 338
570 304
52 535
592 140
413 156
569 324
59 428
579 693
178 518
218 220
274 545
409 593
587 521
135 300
380 211
335 692
181 152
3 184
292 194
393 692
657 346
285 25
110 499
35 442
471 468
622 642
472 393
84 648
472 565
637 124
309 556
217 41
214 318
314 187
385 163
103 33
661 441
334 678
36 691
677 539
218 516
260 97
221 324
486 217
646 77
347 146
602 310
516 509
108 688
94 272
418 24
231 690
144 291
407 26
329 151
510 592
601 331
433 231
7 67
618 279
446 388
181 561
7 311
96 17
340 553
326 362
300 458
194 352
572 222
416 542
339 117
541 40
609 574
204 301
279 67
306 678
526 641
95 121
474 630
8 595
253 18
599 389
508 454
134 638
240 272
158 66
595 646
392 141
80 694
178 489
314 545
507 506
311 588
429 73
218 326
199 289
259 617
285 29
572 107
210 183
675 319
367 283
434 112
74 606
375 574
541 31
118 551
46 131
34 183
554 312
7 431
628 448
39 647
54 623
249 499
89 367
14 90
156 597
621 527
44 485
522 511
217 389
691 605
698 440
315 7
129 578
443 301
387 350
498 698
492 604
153 167
206 192
80 98
673 455
214 556
182 176
231 36
626 204
581 506
371 6
314 42
566 248
541 341
613 303
620 236
297 9
26 621
697 234
170 693
79 640
560 312
218 641
19 405
683 487
86 542
119 371
105 526
105 457
187 231
331 321
529 23
475 317
561 106
569 180
146 334
247 353
266 120
41 89
443 525
559 177
669 162
129 102
482 591
669 658
360 61
195 432
457 562
116 310
508 67
118 381
539 415
98 604
623 402
378 208
632 551
279 111
663 254
10 317
570 347
85 406
364 47
75 43
367 159
308 363
418 516
407 482
484 406
464 475
560 633
670 85
473 405
605 175
163 582
216 423
438 637
280 160
247 402
31 593
302 214
690 120
693 373
310 229
102 450
529 420
544 322
132 630
198 177
125 197
287 671
356 490
414 93
61 212
444 175
113 289
514 594
26 146
108 292
438 608
685 474
571 70
590 677
694 64
332 216
662 163
396 329
260 533
206 317
159 133
527 488
170 293
475 85
568 629
691 187
667 229
17 337
2 686
384 622
236 333
258 156
642 207
44 563
374 471
357 31
602 542
153 510
374 613
382 103
419 590
167 545
56 133
521 81
196 572
672 643
343 523
396 564
591 215
235 342
59 372
233 320
142 631
153 419
602 535
276 12
344 616
286 586
627 488
151 408
505 563
332 106
155 631
478 637
686 393
294 182
508 568
142 129
230 569
680 74
397 55
664 551
309 83
364 474
223 96
124 142
330 526
532 383
611 27
251 130
237 101
329 361
529 143
178 500
400 646
641 46
425 216
252 56
203 291
191 670
421 481
322 233
634 6
658 273
332 664
678 568
349 429
351 190
337 159
607 167
688 653
131 559
425 146
232 381
407 539
244 114
236 328
381 324
67 328
384 692
184 337
580 511
236 340
577 306
529 571
644 589
396 125
575 236
635 110
196 19
297 58
466 99
385 666
562 208
136 464
543 281
101 237
674 657
448 592
225 287
40 598
342 162
523 364
245 429
450 504
663 698
117 25
504 170
475 11
680 581
228 155
383 629
468 16
422 458
537 229
36 541
639 186
115 375
87 547
303 495
560 343
318 474
49 20
528 350
365 409
539 83
170 403
268 508
275 532
130 24
369 367
642 520
611 342
392 270
258 365
116 144
223 590
334 469
584 691
484 384
192 589
459 538
295 634
167 497
619 658
38 438
431 602
620 204
326 46
565 367
427 94
118 666
51 195
560 514
1 143
146 112
58 334
117 190
500 515
254 673
557 20
405 643
664 207
333 288
537 139
221 129
510 615
598 633
73 382
476 3
67 93
519 185
240 406
624 323
6 138
343 602
194 594
315 335
149 517
402 367
495 257
244 33
20 376
278 127
413 347
673 38
327 340
135 344
636 607
153 148
19 636
195 407
181 86
224 534
513 215
384 458
463 268
499 268
373 624
295 658
322 182
358 504
5 49
182 596
199 677
199 146
299 610
445 487
47 688
378 442
113 574
145 190
171 686
21 478
190 398
99 299
316 514
508 217
200 341
39 400
458 6
296 64
318 278
259 253
512 587
10 221
686 92
76 95
7 65
144 628
214 586
615 93
397 478
229 565
429 455
581 291
122 647
63 180
472 271
521 251
652 23
614 481
595 590
469 587
558 89
577 14
686 447
14 675
70 616
343 71
152 467
248 535
20 170
579 53
557 74
46 136
459 404
150 315
159 282
176 160
560 530
434 542
255 523
174 526
546 292
683 509
241 5
351 571
384 233
15 389
642 209
98 508
364 298
8 471
322 558
604 199
90 300
26 565
169 21
128 394
310 191
56 138
181 125
627 143
352 411
435 103
197 139
553 657
671 16
543 685
445 538
417 364
179 684
379 254
61 636
260 189
298 269
5 67
677 372
25 123
65 415
149 141
387 253
219 313
129 347
290 464
368 391
119 473
560 8
30 247
691 391
423 292
280 90
585 365
689 565
498 470
628 338
144 13
550 0
281 455
677 20
193 577
139 588
348 270
654 466
484 108
368 384
100 447
435 475
499 223
583 53
520 250
218 283
251 79
414 276
158 300
126 528
96 286
114 276
665 14
661 126
461 685
93 422
409 382
226 50
50 57
371 18
580 44
527 131
443 87
119 200
355 601
434 642
523 362
312 79
39 422
614 137
547 474
690 358
224 476
396 27
530 61
204 447
179 454
241 417
672 52
140 527
465 195
676 144
30 461
492 104
176 601
689 259
195 316
695 678
521 505
449 368
97 187
384 208
534 50
145 42
202 122
229 34
17 196
224 111
61 376
677 382
547 493
20 63
474 654
594 162
395 182
398 691
693 7
565 591
656 92
626 214
608 177
456 577
306 147
425 628
84 510
162 669
392 635
438 641
383 699
73 429
344 25
676 638
100 257
68 322
361 513
51 131
53 676
268 175
415 87
127 427
348 159
446 507
525 230
397 144
25 439
343 29
632 685
559 282
83 644
269 366
316 354
655 42
515 236
388 9
200 419
208 5
388 486
114 451
177 459
514 613
652 625
477 510
350 69
251 422
85 590
225 335
585 666
448 18
497 56
257 6
181 335
628 38
654 233
436 676
342 372
76 636
617 565
208 380
696 534
600 183
525 337
331 393
25 116
39 257
132 429
268 145
146 222
95 611
298 425
287 326
672 81
363 612
404 670
415 617
436 177
367 419
70 101
437 378
108 229
351 435
324 551
250 296
214 426
42 19
514 39
372 342
162 626
158 441
147 467
283 661
540 285
459 139
62 159
542 413
314 537
517 152
540 288
438 558
387 66
6 256
629 62
489 535
374 419
160 619
20 508
47 684
695 364
437 537
248 693
532 249
42 29
670 451
539 16
389 329
78 192
493 467
289 496
112 497
303 101
682 516
221 583
492 245
190 393
279 295
153 655
487 327
458 230
504 552
190 687
372 254
4 534
481 208
514 492
498 534
665 48
464 30
293 619
109 19
79 347
326 492
201 432
461 206
329 289
529 682
514 558
125 74
301 107
547 546
517 268
220 341
303 213
324 393
175 403
603 600
3 319
536 205
392 111
264 529
146 304
144 606
290 571
194 385
176 86
42 457
295 34
68 237
115 332
684 266
58 117
113 459
304 529
159 330
258 109
288 451
268 527
434 452
520 181
456 224
310 417
22 89
270 692
368 300
128 428
661 285
95 321
508 503
227 689
423 513
5 257
3 626
407 60
194 71
257 597
518 507
138 475
674 347
202 65
413 33
18 162
102 199
347 47
518 157
300 247
335 306
43 472
548 288
191 416
671 443
472 262
311 457
604 649
197 524
97 672
371 297
238 373
645 587
629 250
321 485
56 404
536 91
640 3
149 684
127 239
669 124
391 116
338 176
332 365
670 510
349 635
344 141
511 71
40 354
117 108
387 342
190 427
697 226
141 530
42 394
88 105
541 286
296 616
241 498
142 608
307 561
257 428
276 314
364 425
380 175
297 114
405 528
667 211
638 619
134 426
541 564
149 300
291 281
126 70
357 406
413 217
359 331
448 214
447 491
81 112
502 153
582 379
531 190
191 602
198 523
235 642
685 30
177 443
46 699
403 615
391 177
546 89
80 684
79 87
615 83
610 256
348 572
258 40
430 1
51 546
441 125
216 159
237 694
8 140
300 151
2 132
245 4
628 512
246 664
456 237
540 79
500 216
92 651
98 630
147 49
272 188
680 491
512 375
345 462
52 345
258 448
340 577
429 640
328 124
248 392
371 626
392 291
340 24
598 72
140 267
268 568
343 308
48 433
663 348
81 41
380 631
4 365
33 588
179 255
589 301
196 455
283 450
163 63
258 552
229 202
623 475
361 194
104 516
514 634
647 474
180 188
275 536
64 588
171 530
462 385
624 427
464 251
122 378
630 125
265 272
397 691
249 660
661 398
76 472
260 393
327 590
206 159
413 462
198 598
104 650
458 183
104 342
368 390
324 80
116 207
168 17
436 113
666 225
695 2
53 410
83 536
529 191
494 314
392 162
564 384
641 622
241 110
437 676
506 465
605 166
236 382
572 51
596 72
493 102
416 219
618 663
365 5
619 514
439 136
176 356
543 190
204 143
407 224
430 544
107 311
688 628
272 669
89 220
578 330
187 10
151 217
393 538
323 217
642 178
78 240
694 161
277 62
80 300
691 133
442 111
452 83
661 236
217 383
515 331
76 72
359 398
37 252
123 191
682 145
662 223
170 184
310 348
138 513
683 1
360 653
121 418
507 544
207 171
443 318
500 149
563 495
609 555
36 285
510 201
522 228
236 17
337 668
169 65
402 125
425 4
441 502
623 188
688 171
656 696
691 274
29 682
351 601
359 439
400 174
426 478
385 554
84 171
86 123
45 349
33 143
409 322
695 494
58 99
434 636
278 53
483 520
375 408
611 510
164 270
469 282
504 475
239 622
120 476
388 645
479 113
291 608
419 453
4 1
110 211
189 434
153 597
355 248
585 58
299 538
425 158
3 67
105 157
261 480
441 565
518 569
366 585
663 390
293 449
318 95
40 426
288 132
346 679
638 161
505 256
71 101
444 286
434 347
325 231
667 213
565 21
240 96
367 131
563 643
407 348
109 75
303 141
146 116
682 499
416 656
372 132
275 518
313 500
189 35
432 341
110 39
688 440
285 36
465 202
153 38
28 438
669 674
536 388
607 541
435 456
598 131
384 562
37 159
267 287
466 70
173 534
278 626
55 590
245 504
494 224
534 434
516 59
8 524
53 652
140 439
226 194
536 673
671 326
482 585
492 60
185 87
550 367
536 693
176 265
475 169
475 609
519 493
78 312
335 668
429 475
609 532
570 242
519 465
294 369
73 14
192 239
670 482
666 568
422 589
572 273
26 422
631 302
656 13
593 382
460 213
344 380
171 446
300 318
436 490
320 471
355 405
339 45
76 118
241 227
3 415
642 118
142 197
587 430
397 103
626 49
440 49
328 116
583 287
188 675
589 622
12 423
216 293
592 81
127 191
305 84
625 305
653 300
199 654
446 389
278 215
693 168
241 610
45 103
664 73
28 97
289 364
4 304
670 633
325 197
426 599
580 612
464 472
671 78
648 682
251 219
144 447
337 434
509 663
234 252
68 158
196 216
257 620
86 581
687 686
668 110
362 85
301 679
92 334
562 141
75 341
353 484
14 407
181 596
425 393
191 292
685 373
536 526
100 179
640 115
391 55
154 212
79 185
436 432
387 542
317 270
515 350
343 20
5 381
579 671
325 125
436 17
103 457
155 587
163 65
328 407
17 64
450 224
553 525
385 194
169 696
106 181
185 260
125 232
339 397
684 588
483 413
89 4
385 393
105 379
694 578
636 590
55 387
365 107
417 618
686 184
142 527
574 606
137 568
38 633
102 689
571 13
444 550
357 30
664 607
171 226
191 394
222 362
209 254
259 226
160 10
60 696
371 622
528 431
473 94
318 679
427 397
166 587
680 536
440 259
203 499
482 558
631 306
77 127
125 563
203 519
299 269
185 693
250 69
563 316
592 27
69 571
574 30
627 557
169 42
157 671
554 45
363 530
411 210
322 357
473 581
49 615
399 438
536 136
81 232
499 289
115 199
195 510
467 155
133 524
697 34
254 362
209 587
342 375
358 555
252 326
27 657
191 620
531 546
686 658
205 698
589 596
405 547
692 644
691 539
439 346
584 576
431 414
449 12
472 181
383 573
233 239
244 178
471 523
549 416
282 637
233 420
153 621
663 177
197 140
586 448
500 696
370 134
319 556
648 180
202 384
94 552
400 507
78 88
193 401
179 135
280 304
606 654
76 131
213 392
15 99
671 261
468 323
535 696
176 391
679 699
338 162
531 448
153 494
262 569
407 601
680 249
299 48
588 213
267 658
654 661
320 330
602 559
512 631
527 100
591 439
572 31
636 222
376 112
274 345
26 163
377 545
550 119
326 216
325 327
244 660
654 487
548 183
162 357
688 641
585 206
647 177
454 415
8 226
4 688
80 266
389 313
424 610
29 21
512 230
561 573
406 476
630 607
229 341
407 485
564 328
334 282
694 67
578 649
254 352
355 274
383 37
533 553
130 657
266 124
282 297
7 580
656 440
311 694
335 609
477 671
280 149
15 67
303 642
348 686
348 355
588 610
164 490
435 572
475 697
596 106
391 104
15 571
513 189
492 636
217 619
370 185
611 697
416 213
551 388
62 516
323 222
557 337
371 130
421 189
477 313
611 673
167 634
382 357
241 184
96 147
14 208
525 423
657 635
66 699
290 427
531 126
114 317
449 22
515 123
547 130
158 17
144 213
208 261
545 19
443 528
153 662
644 258
631 588
572 631
44 203
125 471
47 583
485 506
592 599
131 645
260 678
361 522
593 356
172 453
572 495
173 139
43 197
618 625
500 5
524 377
73 151
386 32
345 597
185 323
181 209
539 589
502 264
562 360
112 554
51 18
541 465
424 653
699 88
68 643
623 666
16 308
638 514
684 143
308 531
487 376
125 417
535 620
549 29
152 516
470 276
637 510
229 236
410 68
75 545
162 458
358 163
87 598
15 246
258 198
429 339
354 107
171 386
29 3
691 492
560 234
267 473
57 475
468 438
305 285
597 508
551 112
11 612
159 212
639 376
228 311
603 676
573 293
490 162
189 129
137 88
88 279
574 237
530 168
506 5
305 377
578 411
388 683
278 131
389 656
211 272
471 552
275 354
441 310
75 346
538 359
209 628
38 683
110 47
203 456
516 188
555 397
416 536
105 92
354 554
444 60
449 212
446 228
203 500
19 492
482 380
189 254
650 3
50 303
144 301
87 8
42 265
609 521
222 80
402 241
631 201
194 363
338 156
150 28
399 146
112 698
682 270
466 329
336 445
647 695
611 138
332 504
643 654
108 174
100 459
50 101
177 541
125 393
355 529
141 215
296 275
252 518
15 255
621 307
659 301
607 490
327 25
200 342
229 610
476 13
422 438
342 138
580 369
150 552
676 496
546 59
47 640
628 574
180 680
470 536
430 545
418 651
304 112
337 217
118 352
344 228
567 612
617 470
309 18
141 473
697 374
506 176
5 214
289 585
522 504
499 130
253 43
51 674
619 507
575 634
407 81
661 670
331 363
563 191
4 414
336 49
650 686
13 55
601 152
572 206
185 601
359 47
234 417
362 128
626 533
404 23
92 549
109 504
68 45
341 403
119 118
134 273
644 216
448 386
652 514
684 153
431 76
122 324
636 462
632 78
489 428
644 191
333 221
481 129
459 65
393 669
465 211
681 586
478 233
256 461
616 644
198 304
94 167
402 425
139 530
87 159
374 510
286 54
40 153
614 304
41 371
121 447
677 131
539 81
250 690
243 221
60 659
464 605
401 49
122 332
464 302
219 565
499 343
135 359
359 464
260 538
529 7
263 41
223 204
69 683
410 393
590 417
562 220
145 168
640 188
328 537
566 65
227 566
124 574
285 356
651 238
644 193
2 98
491 365
423 443
358 350
501 479
377 270
570 607
506 276
12 646
460 332
604 336
496 429
466 352
572 599
426 11
643 111
269 551
399 343
199 169
19 344
57 682
661 477
277 18
535 188
471 60
483 266
650 595
245 61
509 497
7 180
602 59
402 390
619 162
586 373
506 628
549 71
536 154
638 553
130 594
358 550
154 669
169 359
351 426
674 383
297 540
350 243
264 555
179 95
204 462
547 645
121 14
509 39
592 310
256 267
43 464
472 256
541 424
386 174
238 615
635 192
694 683
94 500
370 432
609 196
460 586
357 582
121 647
376 121
484 440
247 340
627 236
636 408
611 447
601 637
142 540
346 510
190 158
682 334
112 591
29 63
574 655
371 0
315 306
401 531
93 230
118 300
263 424
639 34
585 261
586 230
585 184
301 31
72 74
175 239
11 112
316 362
15 37
187 430
35 595
618 408
131 198
248 147
574 24
310 216
380 458
7 32
46 79
394 348
320 556
376 12
512 4
531 300
586 355
252 460
13 457
638 649
683 177
31 160
654 132
636 675
666 480
570 49
618 475
661 352
430 473
553 590
166 300
147 639
451 673
413 353
340 13
623 19
686 148
692 693
288 182
263 16
569 27
537 56
486 230
682 54
212 489
82 395
77 260
32 576
301 670
276 127
642 287
136 345
386 467
274 45
397 342
369 277
656 545
680 696
321 87
169 537
689 601
413 660
635 475
86 143
468 345
380 54
262 303
21 608
395 457
285 639
149 384
463 142
459 629
179 91
108 148
249 389
460 114
558 485
90 41
410 21
8 654
236 182
560 73
288 275
49 563
419 401
443 606
299 131
481 53
689 69
158 404
201 69
485 604
658 578
668 95
583 564
259 260
362 138
247 650
161 214
389 131
548 327
466 619
685 108
162 620
549 386
39 438
234 633
200 205
13 411
289 175
625 468
182 201
155 49
78 266
437 125
419 483
153 263
245 255
378 37
103 294
393 540
517 676
203 207
287 94
550 98
477 613
439 188
604 596
374 232
472 264
689 317
477 373
95 338
5 565
469 208
588 413
339 23
616 625
526 310
220 631
442 503
606 33
414 638
649 25
403 426
43 503
222 619
184 192
133 89
105 372
35 292
98 539
29 685
489 668
373 539
96 203
623 412
514 256
170 458
198 606
37 352
668 610
665 42
224 296
59 227
87 37
209 437
647 451
46 618
51 23
297 628
30 593
100 307
327 246
225 571
219 404
287 454
511 281
313 532
199 609
517 60
277 64
301 630
258 498
527 58
543 209
264 399
151 286
405 642
675 258
261 288
244 433
545 98
285 401
367 379
553 458
359 508
570 195
595 356
388 690
17 607
266 77
172 229
250 538
586 368
185 292
56 569
35 301
173 415
461 249
573 327
293 505
385 594
125 351
409 654
698 666
239 232
438 218
223 31
538 646
360 673
485 520
132 546
214 32
649 229
581 225
685 141
188 130
340 389
581 582
115 188
262 417
505 69
699 297
331 122
613 372
516 615
282 150
283 551
433 172
645 364
377 625
149 623
319 694
420 2
536 589
377 404
519 286
86 502
358 648
204 577
622 233
592 600
11 344
317 78
64 457
275 89
291 92
398 221
396 199
694 82
168 623
574 420
557 310
297 161
102 654
415 540
291 480
225 536
463 421
155 448
517 678
557 210
642 474
33 490
496 94
530 608
461 91
501 170
675 131
215 174
122 680
227 231
438 71
477 453
508 575
396 327
462 621
280 3
214 531
219 58
393 293
61 355
483 663
110 508
104 298
439 212
400 284
481 298
344 694
222 135
331 315
535 56
553 656
166 249
1 613
16 394
94 42
412 491
649 187
349 666
390 236
250 563
267 591
504 179
478 598
668 376
188 225
163 250
455 401
306 313
210 568
163 646
408 526
459 528
45 7
515 231
342 220
61 564
472 460
14 292
383 189
298 208
186 219
202 70
511 538
320 313
433 317
3 619
265 4
284 515
231 87
671 665
559 485
265 29
75 118
257 556
484 512
195 381
494 240
57 562
32 231
543 413
152 124
12 282
107 202
320 194
16 142
168 641
70 630
292 48
21 499
67 501
673 557
569 572
189 556
16 562
334 86
215 477
548 627
602 185
695 241
0 207
617 376
94 435
511 555
598 568
151 600
466 365
406 495
252 189
176 557
617 374
372 43
487 7
407 696
450 527
443 58
606 6
606 513
370 130
630 573
527 618
330 589
656 540
246 589
119 124
37 357
579 272
316 312
322 150
333 132
606 570
445 51
558 22
406 373
4 313
270 302
179 539
307 179
693 664
407 331
298 335
489 605
222 321
83 377
57 255
8 625
128 362
545 336
650 373
661 382
79 28
504 438
288 362
613 58
137 653
370 574
155 535
358 120
696 598
443 683
418 194
413 230
440 163
248 261
685 158
427 201
365 46
391 468
181 170
513 424
324 434
636 347
528 566
62 529
538 229
133 170
13 202
574 454
510 676
661 466
515 184
156 218
114 494
609 174
418 532
139 640
405 235
334 495
256 352
682 595
591 451
243 132
426 542
410 43
138 167
118 645
623 660
22 245
123 367
384 669
246 372
499 617
84 212
132 366
155 99
153 175
203 691
676 388
48 413
658 338
178 568
184 394
194 380
682 246
609 364
292 307
220 539
696 66
357 622
247 187
592 118
564 437
101 602
401 628
688 70
253 365
486 314
163 225
108 389
683 199
475 150
669 681
549 217
617 495
682 679
22 699
409 463
488 156
600 349
470 632
638 395
84 336
7 553
270 622
602 44
469 113
172 504
583 630
410 197
156 303
641 320
608 625
278 489
422 383
676 22
617 390
453 155
309 285
621 12
562 301
181 297
134 194
12 85
663 476
570 553
490 546
428 633
3 136
447 122
461 424
426 614
655 337
412 110
249 139
2 275
372 373
607 182
683 504
91 41
622 606
115 183
634 453
123 440
223 602
568 678
364 574
653 64
652 557
181 507
253 629
613 16
2 399
160 615
637 208
180 303
567 97
180 201
187 667
391 588
417 615
65 696
166 464
162 16
290 273
499 131
607 15
504 380
657 188
216 684
531 324
173 529
480 694
417 193
389 57
224 527
395 549
475 311
322 191
281 265
155 263
95 347
56 482
433 45
79 316
348 440
287 427
510 64
24 662
199 453
533 649
501 292
500 85
443 141
27 508
115 603
361 350
456 33
576 117
249 157
330 574
690 164
435 421
580 202
573 374
408 106
207 400
338 600
642 466
301 81
126 595
212 21
379 163
108 475
12 617
531 119
135 628
323 429
385 225
78 263
544 677
449 461
15 576
7 430
343 216
147 604
695 340
266 369
597 590
572 133
331 335
686 453
683 243
658 291
565 698
145 246
315 107
620 145
91 287
33 578
493 615
364 212
61 220
593 240
129 638
235 190
523 382
7 508
367 112
369 216
393 43
263 686
116 518
428 112
469 284
647 473
318 26
290 266
491 130
150 138
124 358
446 144
329 269
184 267
662 661
16 554
461 247
34 171
180 39
313 110
243 657
622 383
413 135
624 579
53 171
236 448
439 312
552 1
480 108
247 203
298 564
429 672
15 353
311 100
590 697
637 598
308 192
397 370
446 686
407 266
471 1
223 263
522 22
371 198
10 405
185 97
425 25
211 28
474 657
460 631
418 98
273 685
331 425
146 580
409 598
22 108
458 334
405 163
126 583
409 119
70 180
564 342
178 609
16 408
119 151
33 66
9 212
683 169
564 249
460 592
514 178
178 12
346 556
406 443
206 520
181 573
196 387
291 283
183 315
261 248
214 36
596 472
92 269
691 353
679 687
538 175
244 247
266 396
2 210
517 234
698 493
445 496
316 285
677 647
63 112
314 199
639 355
628 193
605 633
656 102
294 569
688 438
606 447
388 478
533 22
25 430
231 27
261 187
394 554
180 347
247 92
248 123
355 315
280 132
263 265
644 583
328 167
244 347
455 561
433 256
120 625
579 88
320 528
17 459
387 368
685 69
569 529
476 518
8 476
409 97
511 365
405 626
493 571
345 3
696 330
502 441
4 659
237 502
633 8
139 198
619 654
437 430
197 267
537 278
356 223
467 145
35 554
653 349
552 442
173 551
615 237
444 46
301 57
467 501
348 664
663 228
456 50
282 89
364 251
38 526
27 494
197 422
110 596
233 4
301 585
125 105
204 541
693 394
292 16
261 267
614 167
536 225
245 62
390 279
54 233
637 54
479 155
536 244
370 537
120 285
312 697
301 661
279 515
348 238
407 197
8 439
433 540
572 260
221 373
305 267
387 134
381 394
164 673
248 298
322 173
613 12
131 285
636 533
419 379
187 549
37 294
214 447
437 266
236 618
608 240
145 459
488 569
587 336
263 108
553 72
352 127
556 381
134 17
499 217
657 582
689 176
289 510
201 220
693 652
401 104
254 547
94 80
637 45
59 675
449 63
218 208
656 256
209 522
347 221
394 585
420 411
188 62
119 612
368 242
49 319
174 529
180 562
499 297
474 287
472 422
314 307
256 475
468 38
679 345
133 111
577 1
476 237
592 682
183 363
236 662
605 189
273 214
507 263
407 227
54 480
122 198
88 519
353 162
366 304
451 301
695 626
169 402
543 457
676 75
50 260
251 199
396 445
162 152
13 445
186 23
415 407
452 324
166 493
23 149
497 88
549 95
502 512
659 134
210 127
455 630
271 115
496 129
331 620
658 370
576 333
323 375
489 100
147 534
350 453
406 583
699 529
218 117
149 209
661 248
339 424
151 374
303 662
192 137
234 584
85 670
390 9
480 385
609 150
423 409
455 592
376 205
97 323
92 285
686 632
557 559
469 428
251 140
486 103
666 500
477 286
615 480
71 108
161 18
299 399
509 674
604 267
664 103
653 615
442 335
159 443
79 101
485 241
143 296
516 105
392 459
442 690
452 128
603 148
665 536
240 60
300 102
520 275
216 188
102 640
255 175
159 662
27 684
368 43
440 519
11 211
374 77
308 499
139 420
93 562
301 168
408 126
123 605
84 615
155 347
391 327
336 417
78 91
569 259
188 579
388 104
429 503
330 252
405 277
477 533
456 205
175 647
72 519
23 488
56 231
86 249
123 673
136 128
223 109
377 290
562 285
252 210
500 513
43 298
652 129
513 140
357 376
9 197
513 58
162 39
120 519
32 95
399 671
591 14
423 274
690 156
470 689
66 513
172 138
108 403
96 523
612 546
208 464
100 496
103 599
1 693
370 333
224 364
72 565
4 359
230 531
497 317
672 39
192 409
50 595
587 452
584 654
243 643
43 555
576 391
344 367
185 580
450 167
207 409
609 212
365 685
354 158
671 157
620 267
653 422
353 323
648 664
234 471
229 678
193 523
255 288
473 201
213 335
349 417
676 4
78 643
203 583
211 331
401 47
293 569
250 441
369 616
208 332
526 27
542 675
147 596
589 21
321 694
275 207
687 456
33 449
578 410
224 309
507 136
215 663
324 255
177 676
257 8
448 573
644 69
667 439
389 145
283 632
503 418
190 34
31 308
574 679
457 121
206 408
647 214
37 627
695 170
168 454
332 116
204 453
458 248
69 343
253 411
693 638
510 196
424 7
641 253
598 324
682 406
283 511
465 261
408 123
493 621
560 430
358 137
698 45
469 75
308 239
274 654
679 275
358 261
264 18
671 458
425 478
574 690
517 346
481 544
218 611
662 27
481 51
456 123
79 414
27 641
272 488
586 402
20 367
157 532
485 416
477 289
666 357
125 313
186 226
94 383
578 128
357 181
163 203
420 595
577 170
223 441
91 524
656 238
276 491
329 178
432 83
11 61
518 92
165 239
83 598
508 563
279 607
557 342
213 41
150 35
484 100
104 517
580 208
144 232
351 565
558 627
496 200
87 97
602 224
43 612
108 584
6 318
398 474
247 124
16 473
206 517
209 647
52 94
25 12
135 2
84 163
210 521
294 663
597 31
30 145
477 125
219 341
218 100
411 277
698 575
152 168
582 547
212 596
456 460
481 640
108 82
148 677
29 135
598 608
66 135
227 338
239 5
541 624
527 345
568 235
542 90
178 592
600 283
592 435
350 310
147 7
530 21
279 628
500 445
532 621
597 178
594 612
244 39
37 176
342 539
493 5
690 78
170 32
140 398
699 402
695 605
100 362
181 179
101 605
133 274
231 656
348 225
357 366
191 474
26 505
529 34
370 48
533 455
211 105
96 109
616 639
68 119
4 56
546 490
491 497
667 334
234 428
116 425
498 113
419 209
94 437
350 319
324 674
466 616
629 695
218 293
231 473
21 100
530 682
251 673
491 48
251 399
343 436
52 648
513 144
42 120
327 308
677 264
91 51
101 450
216 309
304 36
122 46
73 693
122 554
353 679
268 300
194 455
660 421
623 154
108 64
344 298
401 428
300 347
506 105
351 548
264 541
34 74
242 9
671 480
365 589
519 559
311 314
653 109
29 651
532 173
123 41
146 129
571 568
220 43
373 607
268 302
0 335
221 11
110 351
460 656
108 348
254 608
123 264
480 242
529 48
589 557
627 686
359 506
57 181
132 340
428 205
595 371
645 143
420 602
205 609
149 169
485 67
650 7
264 242
444 320
679 318
248 34
10 129
327 445
237 220
491 102
677 541
16 222
520 487
551 107
456 144
246 492
580 260
189 283
533 114
183 211
359 159
523 453
257 516
8 667
667 675
110 635
596 502
14 203
459 584
138 353
326 392
558 255
365 645
444 257
36 51
264 608
610 463
457 619
163 678
561 380
699 163
69 375
401 456
655 663
456 366
143 284
21 605
29 565
221 358
200 636
676 667
586 501
553 49
321 390
434 140
129 517
280 586
97 429
189 102
93 373
254 453
378 280
504 554
72 567
281 304
623 328
567 128
180 179
281 554
544 263
207 48
590 566
9 173
129 447
406 97
452 384
357 611
519 263
644 579
534 548
183 631
351 42
668 429
451 273
254 184
135 685
630 260
347 98
112 154
102 101
114 423
659 515
394 468
247 682
652 39
417 562
87 589
285 604
432 278
338 590
187 377
567 211
278 453
440 489
210 184
79 329
147 109
417 352
315 682
100 296
57 226
473 591
325 297
454 222
190 412
292 277
125 357
42 223
543 662
210 309
103 20
574 694
648 227
581 86
132 647
290 525
381 264
133 243
457 286
689 450
436 259
57 581
116 17
384 145
240 463
378 329
104 89
685 369
349 188
475 54
63 305
536 7
697 190
121 267
170 281
559 348
122 61
415 509
386 521
139 136
177 286
236 326
101 514
65 647
604 162
428 76
434 94
131 486
224 183
58 549
141 656
204 256
581 131
396 230
186 448
46 277
444 412
93 594
539 638
6 315
458 231
412 415
363 287
554 680
382 266
252 607
304 85
554 619
669 686
109 132
20 476
312 18
605 52
248 319
657 74
494 524
3 597
88 473
83 177
147 607
143 215
41 589
428 185
371 205
490 650
566 532
184 588
624 194
521 50
671 229
417 190
15 394
160 211
100 330
472 666
177 551
666 616
246 673
519 7
82 526
427 662
676 220
637 625
290 387
424 136
691 239
294 513
112 578
590 492
183 301
405 482
307 304
535 421
24 525
119 268
263 323
13 472
683 383
15 609
78 166
307 202
156 80
355 400
645 54
338 207
45 315
152 203
490 468
91 242
537 86
640 619
40 400
212 233
543 272
454 225
602 668
564 591
698 368
335 157
307 581
498 233
207 280
63 145
348 458
3 534
459 153
326 258
625 21
63 630
679 618
31 561
262 412
62 680
384 435
264 62
271 261
306 126
556 486
217 66
90 258
255 294
508 179
390 29
470 580
8 641
112 409
3 683
204 618
246 135
693 42
606 114
538 539
675 4
688 283
255 383
481 513
440 541
98 232
505 226
503 212
462 105
623 87
181 607
385 492
