700 4186 2100
16 18 23 9 25 6 16 23 15 23 5 21 5 8 23 5 16 11 14 25 13 20 16 9 8 9 15 14 16 8 6 17 25 24 10 13 9 17 5 22 17 15 19 19 16 7 5 13 21 24 6 10 24 5 14 6 17 24 20 7 25 20 12 22 25 8 11 17 15 20 6 9 14 7 9 19 13 20 24 8 12 6 20 6 21 16 14 13 14 18 15 21 8 6 16 16 10 9 10 16 7 25 18 10 16 14 12 25 12 9 10 18 24 21 25 22 12 22 20 22 20 17 22 9 23 8 15 7 23 14 15 13 12 18 21 25 14 18 7 12 13 21 16 22 22 23 17 17 10 11 24 18 17 21 12 18 10 19 24 16 12 13 8 9 18 9 11 11 13 17 8 17 8 12 11 12 20 24 13 24 20 8 7 14 14 9 16 14 6 17 18 16 7 15 9 17 16 21 15 18 21 9 24 16 11 10 15 15 18 22 5 10 10 22 5 21 18 13 20 18 12 7 21 13 12 7 16 16 20 19 17 25 13 7 25 8 24 14 6 6 6 13 20 13 22 9 11 15 25 19 25 14 6 5 11 17 15 23 23 22 6 21 11 6 13 22 12 22 6 11 11 6 10 24 25 20 19 14 12 9 13 24 22 15 8 13 18 17 9 20 8 22 21 15 25 11 22 18 10 14 9 23 21 8 10 8 11 12 5 10 20 10 12 22 23 18 6 22 9 20 19 18 20 13 10 13 11 16 5 8 19 11 19 16 14 18 17 17 23 12 17 14 18 25 25 10 12 22 7 25 7 13 5 24 22 24 15 19 7 15 20 17 5 12 13 12 11 8 22 22 20 10 10 8 8 16 18 17 16 12 13 5 22 22 12 9 17 5 15 5 5 6 23 23 5 5 25 20 24 16 9 23 22 17 14 8 10 9 13 9 25 13 18 9 7 20 19 24 17 15 13 23 15 16 24 17 9 24 20 23 17 25 23 12 21 22 19 25 14 11 18 22 22 22 25 13 13 7 19 20 21 20 5 11 20 5 12 17 18 17 10 19 16 22 22 17 24 24 20 6 24 8 15 11 14 9 21 13 18 18 22 24 24 21 16 18 13 9 19 19 23 21 14 12 9 13 15 19 12 24 14 23 14 18 5 25 16 19 22 15 7 7 7 22 16 16 11 8 12 5 13 25 25 10 11 17 11 5 13 25 10 24 6 10 23 24 15 20 19 21 11 5 24 6 23 15 7 19 12 7 21 23 5 5 15 13 8 17 20 11 7 13 5 12 22 24 25 25 18 19 22 8 25 6 8 17 19 11 16 19 11 13 25 20 17 12 12 23 9 6 6 15 9 12 5 15 16 8 11 12 25 23 24 15 15 20 19 16 16 5 25 22 14 20 19 20 24 25 7 5 11 12 7 7 24 5 5 21 22 25 12 10 11 8 13 10 6 13 9 16 25 15 7 23 17 10 10 16 5 25 7 21 14 25 15 5 9 10 9 19 7 7 20 23 17 22 11 18 16 8 24 23 24 21 8 13 12 11 15 21 22 18 21 20 14 7 17 12 20 6 23 9 17 21 12 25 24 13 21 9
3 16 4 19 8 18 7 9 19 15 6 11 3 13 9 10 14 15 4 6 3 9 4 9 6 19 18 19 5 12 3 9 15 17 11 13 5 4 15 8 7 3 12 7 19 13 18 16 14 18 17 19 13 9 15 17 3 3 13 8 18 15 12 20 6 10 9 8 6 19 19 3 5 10 11 6 14 4 12 11 3 20 20 11 20 7 14 3 8 13 17 20 8 16 17 19 6 8 9 10 3 13 18 15 15 8 3 14 10 4 16 18 16 8 8 20 8 4 12 9 14 20 17 3 18 9 16 8 19 4 13 13 10 11 5 12 15 19 18 10 12 17 16 15 20 3 15 16 15 12 15 20 17 15 7 18 14 13 7 18 8 8 12 4 16 4 9 20 18 20 8 19 5 9 12 8 18 7 16 15 10 19 7 19 4 6 8 7 5 15 17 12 11 5 9 10 16 7 13 5 5 17 17 13 13 12 5 6 8 15 14 11 11 11 7 15 19 7 13 4 10 11 17 5 19 4 7 9 10 20 3 10 9 9 10 13 13 20 17 11 15 3 4 9 4 12 18 12 10 13 16 4 10 10 5 8 19 12 14 19 7 6 5 20 14 7 11 4 5 19 15 19 6 6 5 18 18 15 8 12 10 7 15 18 12 18 19 14 7 18 16 16 17 3 9 4 11 16 20 10 7 15 13 5 5 16 3 14 17 20 18 19 19 18 9 16 7 16 12 18 15 14 5 6 12 20 12 3 17 18 5 11 6 3 14 15 19 14 18 19 11 4 13 3 6 9 11 13 5 5 13 8 8 4 20 11 8 6 12 16 18 18 12 5 5 11 19 8 18 10 11 7 12 17 12 16 18 5 18 5 8 13 6 18 15 9 13 15 11 5 13 17 19 20 17 8 7 11 4 19 4 18 10 16 15 5 4 13 11 17 17 17 10 13 4 14 20 20 19 7 16 3 3 6 13 10 8 10 12 20 7 8 10 11 10 4 17 20 15 20 20 4 20 15 18 9 10 7 14 17 13 15 13 4 16 3 13 9 19 14 10 9 6 9 12 8 5 12 18 3 7 6 14 16 6 6 20 5 19 14 17 10 9 7 16 11 18 6 6 4 19 4 13 19 12 17 12 8 18 8 19 3 7 11 17 4 13 8 3 5 10 19 4 12 15 13 18 13 15 14 11 5 14 9 19 7 9 13 18 12 16 19 9 3 15 7 14 3 6 15 8 12 9 9 4 8 4 16 13 10 5 16 6 10 4 7 16 10 5 20 15 6 6 4 7 14 12 13 15 6 5 13 6 9 4 8 10 5 4 4 8 12 16 10 20 19 17 3 14 13 10 18 12 6 12 7 8 4 14 3 5 6 6 12 17 8 16 18 16 5 13 5 7 18 13 16 17 4 11 13 4 8 4 5 20 18 20 10 18 7 10 3 13 12 3 8 15 4 14 20 20 17 16 6 9 10 9 16 14 3 18 17 16 20 14 14 14 7 11 14 8 19 18 4 16 19 11 17 12 8 13 8 19 9 17 6 17 12 7 10 5 5 10 9 12 9 7 4 3 9 10 9 19 15 8 13 6 11 16 10
515 577
567 44
594 544
626 37
266 624
186 483
357 611
346 517
433 207
404 664
526 684
188 535
163 318
667 539
315 230
393 317
619 492
35 590
234 201
10 1
448 287
426 342
692 463
34 646
638 240
602 593
630 146
371 430
367 535
290 464
595 98
126 236
150 24
587 429
548 76
682 476
521 342
564 440
78 194
649 36
443 173
609 318
296 280
311 291
621 283
70 207
316 513
698 583
531 695
495 14
445 640
105 418
60 327
655 58
7 560
409 521
64 684
101 555
553 681
282 129
579 246
655 335
457 314
93 202
261 179
686 466
36 486
642 160
265 421
121 346
594 296
605 185
566 406
217 493
501 118
565 289
475 305
341 275
498 413
469 49
288 229
539 215
293 44
445 595
654 65
400 328
480 93
52 450
361 421
546 94
347 75
559 7
451 570
286 613
645 605
667 50
469 409
64 541
686 645
223 449
42 197
585 184
113 174
571 50
367 30
419 549
661 668
33 87
483 592
397 85
1 553
187 219
85 199
286 490
290 254
421 69
31 539
112 417
296 240
641 469
449 478
404 356
625 504
350 224
152 337
644 114
70 318
244 188
230 451
65 475
108 688
139 103
627 212
277 666
125 522
401 434
655 445
679 46
307 477
238 638
245 349
54 426
697 666
626 16
533 657
3 285
231 33
227 114
395 101
417 372
310 82
278 284
236 653
562 0
285 237
573 182
11 669
614 45
104 206
367 540
431 636
351 196
594 339
656 64
109 145
508 556
256 453
544 4
184 434
514 272
398 320
631 539
446 265
67 95
343 596
258 256
348 582
270 384
247 377
255 231
469 561
357 152
595 554
127 274
628 593
496 570
457 593
216 34
576 336
160 486
648 412
437 409
102 109
24 262
642 270
220 689
125 314
483 350
648 369
397 694
622 671
34 435
471 183
129 382
91 482
689 391
82 398
157 163
50 406
362 289
517 336
425 480
591 268
49 28
138 345
575 193
384 528
400 313
486 550
352 495
388 563
271 534
201 403
276 215
692 344
306 459
527 80
115 239
242 698
302 401
166 604
52 168
225 263
157 74
543 622
403 426
91 240
242 428
113 106
551 698
392 365
373 132
478 686
86 380
331 491
638 514
625 675
154 531
695 307
436 120
388 252
231 108
519 121
456 454
340 666
519 692
79 255
471 122
191 428
597 123
697 6
370 173
567 682
343 344
133 678
394 183
620 84
208 418
668 391
208 240
300 365
205 483
441 447
166 551
211 172
300 88
688 176
272 55
558 459
595 126
678 418
517 82
486 77
125 355
673 464
122 98
457 48
667 334
284 5
607 442
327 12
53 254
621 25
562 551
229 438
206 155
156 153
280 308
263 107
52 342
469 353
288 212
20 145
666 368
584 326
514 544
353 23
104 560
605 101
328 95
553 463
535 226
166 678
569 405
284 362
524 616
438 90
363 401
642 433
665 63
404 207
611 522
63 678
165 135
666 642
535 652
316 134
349 60
258 592
254 466
38 254
106 676
417 421
256 47
415 684
468 104
462 685
627 496
164 556
108 523
381 613
526 687
274 545
504 303
698 206
496 668
463 89
201 53
291 229
518 610
207 605
518 124
698 13
511 430
631 355
268 217
10 604
24 170
130 454
443 654
33 237
156 644
533 65
83 416
395 227
18 544
257 532
245 636
479 515
504 476
157 594
461 652
128 224
685 214
658 203
524 460
638 7
248 319
534 605
655 503
650 566
353 682
516 337
139 613
561 602
541 263
80 386
119 235
126 672
576 504
59 66
438 407
201 70
582 543
124 62
4 377
244 88
677 561
628 230
546 135
226 237
245 394
596 328
627 245
413 10
25 396
209 513
132 579
250 126
470 436
120 609
626 20
139 109
115 549
6 263
690 431
497 55
638 164
646 264
443 465
657 527
265 57
73 530
573 384
554 280
494 677
205 302
295 24
635 357
280 675
541 684
429 643
561 236
556 406
489 550
535 38
687 5
425 404
312 260
117 94
291 408
586 346
293 594
151 161
38 404
542 137
383 653
212 450
16 512
362 631
163 555
687 379
68 541
517 435
584 246
418 477
472 43
479 357
534 503
644 378
206 79
427 645
313 130
31 48
234 418
131 328
168 185
22 299
609 288
293 430
552 162
487 623
6 492
691 694
178 594
684 284
490 262
12 657
151 373
558 89
622 223
270 298
566 274
692 470
328 133
227 3
390 246
414 214
312 669
389 294
304 575
35 6
405 486
194 32
520 609
19 248
381 311
80 341
256 157
464 4
544 142
307 248
498 34
167 388
190 695
200 423
692 157
522 678
450 683
675 276
292 337
526 600
648 441
626 473
232 41
332 129
361 574
365 49
697 34
26 385
588 428
367 354
610 322
154 646
191 147
568 164
424 693
223 129
343 492
267 53
303 542
20 299
537 683
542 122
579 688
131 152
370 543
389 380
506 557
302 131
439 271
661 185
500 430
207 96
157 261
225 498
114 264
350 408
178 482
507 213
13 693
501 542
426 593
523 35
369 534
136 263
580 340
509 223
98 483
257 600
548 220
405 476
652 593
538 228
115 199
288 196
50 33
46 112
6 278
106 189
681 554
377 312
541 458
557 304
68 109
362 187
470 380
139 211
246 386
230 155
115 587
396 286
206 83
82 156
169 146
496 119
466 99
103 3
667 277
427 19
69 675
697 507
99 0
471 697
295 275
647 102
588 83
648 73
601 551
653 244
340 504
636 669
246 117
143 83
154 513
183 24
194 610
371 503
18 459
694 274
432 516
160 127
487 69
234 137
212 54
142 573
594 227
80 51
540 499
494 53
298 451
234 462
653 170
360 378
240 628
263 390
569 699
361 387
315 546
558 186
179 382
201 187
101 266
367 399
15 360
481 560
404 469
79 288
23 427
225 644
412 556
411 630
169 391
270 466
619 194
216 118
101 129
518 199
104 216
646 581
300 161
609 30
108 359
306 89
330 61
392 610
310 631
155 526
399 23
10 494
537 119
26 275
362 281
207 549
410 126
342 436
661 536
581 2
115 22
629 635
129 558
139 240
659 20
684 592
647 192
53 383
630 451
83 232
241 131
255 261
254 376
320 17
585 270
576 429
497 134
123 520
246 290
404 222
95 340
469 47
630 626
30 192
571 405
228 380
102 395
527 374
493 358
660 60
41 449
331 298
328 637
443 43
18 559
301 677
377 229
334 9
28 104
287 163
3 542
413 302
13 437
352 450
248 301
598 129
45 12
183 282
313 288
60 537
22 649
277 147
436 280
294 143
696 161
614 254
313 154
197 215
247 655
361 489
297 42
492 503
223 357
685 270
230 243
327 635
232 59
27 172
7 73
571 319
4 179
387 310
527 670
181 76
418 173
20 82
73 495
352 112
559 268
363 529
187 127
97 348
317 615
371 112
439 682
131 135
509 232
459 105
616 273
669 294
343 382
378 52
637 494
423 111
169 7
215 616
63 199
436 411
293 447
200 281
384 210
593 152
588 465
651 601
277 414
466 113
422 187
486 315
250 470
138 79
5 220
665 109
479 435
555 570
222 345
647 254
23 486
458 175
522 473
208 546
699 240
262 624
210 531
374 597
173 666
567 617
103 309
482 133
428 375
572 346
0 256
240 635
25 10
244 487
94 300
48 560
151 491
487 366
620 441
503 33
68 60
586 679
406 345
69 499
206 411
285 193
109 221
624 429
340 49
593 311
690 56
69 351
36 347
105 53
323 495
109 691
36 587
166 572
81 476
86 672
677 81
651 632
304 633
557 641
174 366
690 361
369 441
142 143
566 620
454 612
203 348
614 249
532 671
416 351
538 620
492 298
620 26
213 283
449 522
619 235
102 458
318 613
452 584
117 386
17 290
472 613
693 653
571 146
12 635
605 562
408 191
435 552
686 296
496 200
8 504
80 596
444 447
276 595
662 693
409 674
482 428
181 533
652 536
578 676
572 191
241 211
162 258
294 362
278 163
4 610
340 496
614 667
26 360
347 180
117 283
412 256
497 137
380 249
114 487
229 262
327 252
427 48
262 280
204 95
129 22
262 319
360 694
209 694
680 473
369 417
26 216
623 402
94 379
41 475
521 680
497 594
258 372
398 106
2 579
68 522
366 11
77 293
398 470
1 238
396 543
388 202
221 260
39 250
484 322
70 389
573 443
378 65
19 291
652 370
102 125
27 123
239 627
294 411
60 654
688 1
376 35
653 218
182 290
158 576
198 461
695 585
237 437
443 355
309 140
569 500
327 48
272 429
498 338
118 593
569 672
172 281
327 199
692 315
342 72
417 349
204 417
621 570
218 222
134 160
96 235
544 68
663 10
485 615
79 95
106 179
95 144
129 509
397 302
430 27
479 694
159 237
440 188
9 537
519 500
412 674
256 618
464 357
577 127
479 495
242 597
149 580
43 533
457 353
87 84
2 70
684 355
504 163
200 220
608 325
221 9
616 442
369 437
179 367
477 616
285 682
415 689
647 429
467 304
562 233
648 624
266 101
510 667
86 88
369 237
248 438
451 360
305 8
440 48
576 182
662 534
415 317
249 55
126 158
133 647
515 352
369 28
146 399
558 107
645 606
611 448
679 6
594 540
64 81
463 559
668 236
67 29
384 108
637 601
604 134
368 322
496 107
641 92
500 555
587 565
516 590
694 61
612 19
347 324
33 650
238 131
547 297
407 279
211 455
37 34
298 400
208 197
105 122
366 408
36 69
641 16
121 86
387 165
480 156
268 310
381 499
92 228
477 431
270 656
239 282
428 686
401 414
265 284
100 477
434 148
519 439
500 489
285 594
399 73
350 158
354 179
602 242
553 178
263 224
399 53
142 291
169 413
643 170
448 528
650 432
479 184
227 686
512 147
73 68
397 152
196 466
650 202
607 60
491 369
688 0
191 477
211 88
502 480
593 181
85 412
361 544
363 279
511 50
477 476
496 594
283 127
599 311
170 676
548 489
254 396
338 607
667 117
518 216
445 294
626 82
126 296
133 499
498 460
58 489
543 601
14 396
224 485
51 225
548 444
667 135
60 135
246 698
467 644
546 430
147 509
217 516
560 434
680 357
106 459
583 402
45 242
460 98
367 246
632 378
356 570
23 304
33 598
351 44
365 23
31 600
684 116
632 473
309 666
508 395
223 77
642 115
577 232
393 629
347 606
640 373
363 172
375 148
470 283
106 50
70 227
94 607
255 114
691 597
633 172
100 196
34 565
604 570
184 43
289 368
2 262
441 495
102 154
403 643
435 72
533 501
125 107
207 92
281 349
59 42
563 284
280 290
376 154
89 459
439 260
252 246
29 585
591 696
227 217
227 16
98 376
627 417
151 108
355 50
506 611
13 114
616 695
361 519
325 58
464 536
108 395
209 118
430 494
565 157
184 188
175 494
492 373
208 272
206 498
472 161
332 366
562 520
125 112
37 483
388 578
420 612
234 225
643 219
137 17
375 208
100 649
484 232
474 619
266 173
417 577
694 589
568 266
468 38
209 136
354 459
436 269
410 501
673 136
184 32
255 371
200 638
561 562
68 176
35 340
571 255
151 149
58 358
334 121
379 6
340 280
462 282
590 64
91 625
488 476
107 92
174 371
350 38
82 313
576 485
259 665
14 327
696 218
140 377
297 394
50 506
413 332
339 292
612 317
330 146
459 646
527 199
206 633
441 570
613 266
121 219
188 397
272 412
677 226
119 230
395 43
371 14
402 549
261 476
535 352
669 400
151 435
436 567
98 383
38 154
614 471
427 183
270 37
485 245
379 261
536 467
232 676
508 43
81 608
397 624
556 117
107 256
638 526
585 518
43 106
385 213
560 519
236 271
608 444
136 689
373 207
273 15
96 490
533 283
342 154
49 695
341 216
275 182
359 534
81 265
640 158
146 63
472 462
57 106
180 571
223 225
243 40
602 613
212 245
21 635
45 192
105 265
268 638
374 114
314 502
347 143
696 231
278 96
212 162
162 688
165 420
258 541
412 307
297 512
222 393
28 404
23 422
135 312
63 363
166 660
140 632
104 277
366 113
52 318
140 466
375 577
46 36
195 483
653 611
152 7
679 409
426 429
557 91
527 401
191 537
367 6
635 584
677 312
478 391
464 615
167 141
206 518
183 65
147 635
283 599
264 286
687 664
403 590
232 470
505 104
336 515
11 54
581 194
579 212
479 328
302 168
497 282
69 624
303 273
78 431
600 289
297 335
219 55
565 415
338 130
355 187
162 533
52 403
50 163
478 238
528 596
6 60
300 441
522 302
255 320
629 186
187 562
90 440
485 310
410 432
535 273
568 698
567 171
188 490
71 142
30 486
152 131
96 153
571 208
537 237
183 500
646 159
330 579
480 505
450 171
183 503
382 205
196 436
690 668
131 639
629 440
606 343
462 55
18 504
445 176
127 266
166 222
195 567
476 472
620 129
619 638
216 640
0 567
520 473
515 650
473 287
423 536
427 549
81 375
22 528
617 602
352 511
528 338
162 621
82 178
266 633
472 606
604 339
662 427
261 325
440 248
370 82
92 542
262 83
346 650
357 83
95 211
661 339
608 479
385 570
181 696
164 346
387 686
417 652
432 534
138 268
559 388
624 691
695 463
153 122
78 214
610 630
391 149
576 77
429 618
579 378
356 309
452 242
659 337
253 644
369 99
291 223
380 327
507 586
647 439
528 534
250 667
195 387
74 140
167 529
258 210
48 619
677 274
419 339
229 214
242 357
89 635
553 285
569 253
48 375
282 434
555 528
318 148
493 238
291 142
209 518
278 502
0 206
13 70
27 205
22 31
522 28
662 511
642 541
298 372
113 296
424 196
462 386
247 66
420 395
422 616
589 479
112 321
251 590
699 518
439 26
607 551
627 601
258 674
594 398
548 275
73 318
133 679
527 387
170 204
484 51
276 220
687 256
31 29
102 112
245 537
579 29
360 430
233 203
557 99
100 302
515 278
116 500
58 522
93 643
59 646
229 243
495 444
40 591
587 564
11 115
181 641
183 394
480 539
338 383
25 115
342 522
246 148
478 39
523 279
69 443
557 592
264 414
408 14
482 79
564 461
447 402
438 83
161 66
9 119
104 193
202 215
238 333
574 452
496 252
458 430
97 63
251 131
343 497
453 77
470 97
331 443
210 393
498 203
540 98
135 77
496 525
430 216
332 482
38 280
364 374
356 565
124 245
384 296
273 484
645 415
104 189
621 50
661 53
239 379
129 581
310 139
644 638
274 239
641 389
558 300
231 397
298 638
311 472
353 657
599 336
126 613
283 544
310 425
331 121
80 6
360 581
220 13
182 520
584 642
432 551
295 428
404 466
40 23
368 596
170 538
316 225
460 284
442 451
596 549
271 558
275 45
690 215
252 692
353 210
155 194
157 477
26 627
271 604
654 581
159 638
462 629
316 11
382 136
204 534
329 271
595 212
309 662
130 115
18 481
583 309
632 517
276 460
262 539
234 468
161 569
342 179
633 615
83 203
318 182
350 492
90 252
563 201
474 196
300 156
652 672
45 337
548 628
423 379
583 637
689 549
605 228
555 33
230 330
451 234
7 623
69 681
433 127
350 669
621 263
135 606
91 476
688 250
282 620
566 582
8 510
561 271
422 571
608 546
356 303
432 481
313 308
407 259
665 337
598 662
289 427
290 465
248 562
569 24
494 541
501 585
318 362
7 531
562 141
553 204
664 191
270 628
634 15
144 38
404 550
389 245
214 315
379 171
607 403
679 376
51 29
557 487
430 614
547 670
504 114
361 467
598 189
335 259
353 296
387 581
35 303
306 198
384 378
28 267
89 568
93 311
557 619
638 101
390 540
685 1
42 628
109 261
632 341
478 470
61 651
475 216
268 421
669 181
646 619
367 430
606 347
214 208
589 638
397 573
572 332
267 257
288 476
574 523
442 95
3 453
361 660
53 502
208 104
447 520
642 646
61 324
550 33
8 440
544 292
500 357
530 57
29 509
476 29
216 362
507 178
421 563
184 412
212 598
496 564
5 191
456 258
581 325
665 559
266 4
387 483
431 232
340 297
275 330
682 596
576 353
357 659
316 688
434 330
638 61
654 219
345 175
448 75
311 251
464 45
428 43
490 103
307 411
634 468
696 498
218 347
311 58
387 586
671 106
403 173
94 312
173 179
78 295
395 82
548 529
120 681
628 452
554 157
412 33
609 280
364 232
83 227
461 452
529 472
159 399
642 435
575 494
206 316
160 80
460 303
313 75
317 213
140 669
335 477
344 255
255 494
26 518
374 471
334 673
209 434
154 617
305 54
173 80
632 2
568 373
412 693
573 491
506 12
593 141
640 114
82 463
441 374
143 683
429 98
379 539
502 79
193 33
386 25
488 387
660 271
569 591
420 610
271 223
536 365
584 22
365 331
639 338
96 365
447 56
604 633
525 180
161 495
138 42
227 556
193 576
212 504
110 273
648 552
560 25
48 434
357 537
107 631
586 433
254 427
534 588
306 590
452 101
312 274
447 660
378 517
691 468
459 56
143 466
349 569
446 151
273 110
81 252
673 321
596 666
116 641
627 171
577 627
537 466
518 45
288 0
71 542
578 454
693 645
309 647
76 478
111 190
415 493
182 127
630 491
186 265
349 629
598 209
514 360
282 677
110 655
165 526
168 130
101 516
673 472
115 17
523 668
643 208
619 341
495 694
134 326
393 351
441 181
307 443
598 190
140 491
281 56
322 329
618 257
363 89
295 526
110 464
344 260
302 552
674 65
280 336
558 477
260 17
427 180
380 98
401 609
315 81
365 388
89 387
526 212
590 82
465 264
107 13
391 279
487 270
674 593
422 47
458 369
451 658
352 191
296 679
76 366
452 158
121 545
88 478
278 402
138 416
87 698
389 678
196 249
308 252
43 404
648 583
291 174
39 635
424 498
331 266
503 551
287 623
242 269
223 407
146 247
306 8
659 695
504 688
644 266
541 513
276 123
57 379
484 553
578 595
162 582
415 271
467 580
554 511
167 517
18 267
697 621
468 410
349 654
412 402
61 160
655 396
156 467
377 282
419 431
540 445
501 686
646 240
613 641
39 144
394 461
92 42
549 674
308 656
697 607
534 130
92 70
688 348
71 126
360 47
227 481
132 546
623 284
442 149
684 442
88 377
546 98
543 389
333 432
452 679
268 112
424 638
570 277
155 533
263 578
399 143
81 691
328 13
495 1
577 293
252 603
272 383
78 398
130 247
352 313
374 450
431 679
21 377
33 688
440 365
60 421
137 560
38 693
598 25
633 91
360 405
432 257
577 535
661 326
242 668
262 563
199 289
512 292
577 118
542 374
34 60
529 280
40 278
233 281
549 155
8 593
30 70
591 145
391 30
290 408
25 180
346 196
601 112
635 422
576 483
362 424
15 273
668 488
651 54
564 231
474 26
497 349
210 616
388 585
288 284
591 42
310 530
154 270
348 150
441 625
685 693
217 242
388 277
355 374
3 627
606 241
4 607
251 293
317 197
308 239
452 592
570 646
372 396
468 123
288 45
280 534
121 76
141 655
694 191
400 402
79 535
615 238
506 468
643 503
326 227
665 17
35 359
246 508
436 193
312 432
582 279
334 641
503 535
256 344
3 329
160 582
571 656
287 318
1 468
77 526
478 441
457 61
237 169
301 399
632 94
159 166
339 297
592 93
616 230
426 74
459 591
48 230
27 464
588 265
4 589
504 505
56 598
582 636
519 320
530 109
231 485
152 666
151 169
391 28
560 486
241 49
403 85
286 314
482 170
478 22
119 196
140 157
455 520
462 610
197 568
660 204
257 691
303 540
478 237
215 126
261 442
106 674
678 594
671 101
331 209
81 168
682 559
85 614
427 283
535 111
49 327
374 441
653 592
620 485
509 21
235 56
452 259
0 636
557 64
664 524
404 358
139 661
353 579
561 588
662 698
574 674
433 257
329 505
463 303
156 694
590 474
213 134
41 369
201 666
460 388
303 417
112 392
535 371
423 630
294 628
213 162
15 29
148 177
637 261
210 144
217 476
145 225
220 568
218 224
556 523
324 351
603 611
76 488
39 159
341 178
252 684
306 554
46 103
504 47
545 654
673 345
286 584
377 477
611 477
365 361
117 78
262 345
409 330
450 102
610 302
477 133
71 552
70 476
633 527
56 326
566 182
292 267
218 169
445 427
550 30
452 582
313 571
408 664
618 141
393 172
383 521
336 219
178 351
139 286
132 313
396 589
208 91
64 335
345 256
630 294
99 434
689 69
568 364
26 361
440 51
528 337
421 207
270 497
138 653
107 181
137 135
648 506
487 110
165 515
429 150
301 338
458 179
424 71
640 124
114 698
397 392
404 202
560 552
164 130
176 559
95 400
179 656
453 252
23 309
577 644
131 39
517 252
450 19
526 78
582 179
43 340
569 317
401 62
35 30
57 5
372 151
576 488
4 145
639 565
450 64
377 578
306 241
447 44
56 25
15 43
568 68
541 349
501 472
365 38
617 42
45 413
213 205
120 640
578 72
287 460
298 410
300 602
288 325
6 237
642 375
437 283
463 636
244 264
559 164
36 289
188 400
236 162
240 95
115 321
96 480
1 138
283 94
499 180
143 456
253 209
243 145
548 312
74 101
661 196
384 69
83 651
600 81
623 643
614 348
455 217
0 18
385 604
403 491
333 555
530 42
468 336
360 369
10 553
452 97
396 583
497 31
255 212
470 486
408 101
229 234
3 493
270 204
71 383
280 397
99 505
287 63
599 572
530 97
225 393
625 88
459 118
385 681
342 92
523 132
493 273
617 11
589 148
493 188
393 41
565 650
612 138
332 634
367 98
389 425
391 413
55 35
437 328
655 315
301 490
567 290
681 660
45 399
161 641
531 631
477 480
43 173
312 221
244 233
633 561
100 120
354 546
20 235
686 169
162 165
131 588
672 82
167 698
311 155
354 538
491 18
359 360
215 525
387 474
613 595
455 284
596 40
141 542
537 559
288 501
17 331
123 84
249 697
96 238
34 66
84 284
611 498
455 184
502 162
228 370
161 502
378 673
519 216
587 648
538 303
123 92
490 46
600 445
687 539
286 238
109 438
117 31
297 68
109 242
638 482
8 372
411 108
589 376
576 477
23 658
274 625
254 628
231 622
654 495
623 142
294 382
61 331
578 452
365 580
286 148
561 5
678 689
255 34
193 11
578 471
347 525
647 477
311 517
366 151
36 621
673 165
546 415
368 32
245 139
55 158
360 375
336 570
314 269
125 123
616 110
218 446
13 419
407 467
390 405
530 227
33 605
240 65
229 361
145 248
152 606
256 283
61 509
479 459
94 641
159 148
236 144
509 245
339 615
252 209
585 665
234 167
394 639
486 306
93 101
490 603
458 308
398 92
227 261
546 493
592 254
20 279
447 530
98 343
440 69
457 603
548 164
201 578
660 567
7 436
589 246
20 695
373 473
188 106
462 691
530 498
187 92
651 387
514 504
5 82
382 26
499 514
504 396
630 531
639 417
292 365
592 461
167 664
310 609
445 194
179 427
377 161
157 56
425 460
506 333
634 613
626 263
10 631
410 1
325 274
394 347
533 230
412 455
178 546
228 634
431 691
82 75
693 188
545 231
646 454
423 350
692 365
476 460
677 538
74 272
9 131
36 445
514 356
283 452
420 534
517 256
410 533
303 203
558 427
9 367
285 610
651 44
576 162
165 434
407 273
557 679
327 283
331 439
459 53
188 131
61 690
348 73
107 60
593 37
116 624
460 256
127 62
359 620
249 493
164 222
131 462
259 567
273 65
287 489
633 595
530 497
270 407
112 336
431 418
327 382
625 119
479 453
155 168
588 6
469 221
523 274
503 268
418 555
353 169
107 444
136 369
458 446
132 677
181 259
242 132
603 123
76 400
242 673
252 574
452 695
334 204
288 685
475 29
233 552
273 195
396 87
655 243
313 660
664 32
550 73
606 198
453 230
526 385
431 50
46 181
438 306
199 355
393 139
65 353
606 600
214 180
517 691
178 304
352 117
225 560
120 247
7 342
481 646
546 139
382 579
148 43
197 648
527 159
66 503
337 645
586 604
349 283
51 436
49 393
484 23
272 432
263 567
338 194
659 70
582 138
45 13
558 538
576 691
39 531
481 141
287 533
624 690
619 302
50 574
214 308
587 236
620 416
101 698
379 51
351 621
356 614
343 413
325 490
426 190
27 127
247 448
561 514
457 142
181 184
157 562
79 142
154 190
651 32
353 690
629 336
30 591
163 388
24 84
325 163
43 409
160 309
33 11
120 365
433 193
170 264
440 534
607 655
205 84
175 442
310 54
634 159
461 146
362 220
33 150
417 648
649 380
548 680
358 21
496 519
233 351
512 567
66 589
354 665
377 211
43 112
642 16
637 322
50 194
267 327
562 402
639 191
520 200
692 265
179 364
126 567
527 155
106 9
259 86
62 444
579 375
179 58
19 521
660 410
671 639
229 133
504 629
633 617
612 330
276 8
293 248
699 368
301 154
521 595
324 575
447 432
658 624
600 384
6 273
667 6
566 389
378 140
219 535
277 287
504 266
213 434
684 16
556 488
356 3
595 200
166 193
271 63
422 111
650 167
277 508
156 131
437 620
212 291
138 574
263 628
493 305
161 456
115 104
160 633
74 459
316 222
561 1
315 637
540 404
435 284
192 633
357 129
336 369
304 659
158 115
132 219
567 699
506 469
513 685
351 446
418 242
154 561
395 375
349 342
315 599
648 587
481 200
49 656
639 122
338 250
671 496
11 471
484 662
559 606
492 198
77 169
606 348
307 635
106 446
318 174
36 81
490 648
100 245
387 455
465 151
180 431
660 132
161 294
645 122
322 122
465 55
287 360
154 250
456 23
550 95
450 263
423 284
586 310
107 472
478 278
96 30
83 95
584 318
675 514
333 657
399 236
311 532
600 474
221 195
485 140
599 699
419 406
15 328
423 437
255 173
173 309
606 101
304 532
51 203
512 651
319 308
491 574
162 656
68 485
609 192
627 502
641 360
24 180
566 89
288 641
99 476
34 337
599 391
440 280
516 550
66 625
309 576
415 54
443 8
531 452
324 216
585 638
56 322
297 690
290 415
579 586
21 656
96 71
312 70
644 470
167 158
75 565
245 151
568 443
692 620
452 543
103 381
517 406
37 593
587 126
154 339
212 649
282 341
468 523
385 118
264 374
618 56
238 318
698 419
521 333
666 653
18 1
317 404
530 659
284 83
632 492
167 123
28 686
59 441
343 612
618 15
275 557
283 251
655 257
222 268
592 687
384 315
606 314
367 221
237 147
115 142
113 6
549 263
511 595
362 617
462 640
587 287
618 516
552 50
378 286
39 444
523 601
583 575
383 609
200 92
498 477
447 137
447 174
162 679
621 609
513 610
510 421
464 301
93 197
83 526
221 508
157 653
89 243
546 425
445 139
447 485
240 686
382 169
422 643
573 21
427 67
462 508
470 32
378 249
220 323
473 335
187 513
246 190
291 99
300 8
556 544
336 690
533 80
455 280
28 200
319 620
0 637
140 683
259 29
420 694
415 166
504 42
127 439
567 235
385 334
552 630
178 389
669 695
126 314
533 650
470 372
567 31
36 374
469 382
571 171
534 232
669 232
513 623
14 269
210 617
685 335
661 20
25 295
12 586
224 52
613 525
70 114
534 688
331 397
331 573
426 224
328 491
140 286
638 557
612 27
69 245
140 538
331 36
193 312
699 377
267 51
595 156
13 665
78 208
136 99
465 482
649 176
592 27
336 257
523 305
530 247
328 395
262 606
30 279
245 304
332 564
97 146
27 399
332 209
103 124
615 575
417 107
63 607
654 668
178 472
151 637
35 397
135 504
584 694
153 290
274 296
669 478
575 661
566 98
646 636
189 198
86 662
248 272
364 309
548 278
661 388
481 50
603 356
57 328
665 509
655 176
645 445
622 116
553 382
222 520
373 450
422 233
210 559
86 446
142 180
643 514
672 671
263 487
688 259
142 400
185 204
389 489
89 199
524 588
401 366
584 53
285 553
617 470
639 39
631 489
211 288
82 527
664 403
39 121
298 637
671 688
559 686
424 130
391 98
186 618
198 631
359 505
376 415
386 164
25 435
137 576
384 674
31 542
612 219
497 352
506 279
630 83
146 331
54 339
4 697
13 318
453 159
515 235
634 444
136 382
377 659
624 567
122 392
90 302
238 528
247 145
85 6
287 534
80 280
33 103
627 2
66 19
396 423
180 549
8 495
409 577
360 491
230 263
221 412
612 46
471 29
235 602
334 562
571 96
176 119
176 12
235 97
524 272
616 585
343 371
447 371
398 329
680 21
141 167
325 41
220 254
579 319
529 641
676 689
660 215
201 164
609 222
466 600
679 668
539 374
182 525
506 465
419 553
128 525
323 475
405 76
400 456
289 569
429 686
514 238
69 349
605 114
607 211
622 434
317 690
172 123
60 407
352 690
134 118
645 99
629 384
135 313
117 106
136 228
678 538
484 301
72 610
586 241
163 327
64 431
167 154
676 510
490 377
173 151
173 330
203 433
504 513
634 89
664 21
313 443
253 17
92 38
636 430
188 444
236 119
497 182
251 468
108 515
295 551
423 386
153 25
333 0
6 603
343 33
387 125
618 312
196 652
212 232
511 432
8 514
6 191
341 413
561 272
242 316
337 209
544 150
294 532
242 432
230 64
694 657
666 118
486 169
32 684
93 192
436 184
109 190
63 416
427 328
609 418
560 632
194 23
343 276
564 650
646 58
388 97
196 232
255 305
525 475
42 11
269 656
269 370
23 692
23 0
456 303
128 696
582 571
108 531
427 209
382 146
502 404
95 485
437 119
474 108
670 596
325 155
620 248
670 151
459 135
25 407
301 494
190 243
320 301
205 651
645 355
179 668
421 23
695 230
58 547
213 577
284 17
507 162
479 182
239 59
283 236
195 211
251 209
154 174
354 551
44 647
540 81
267 211
237 71
272 657
168 437
525 112
471 416
565 657
674 80
140 258
347 493
132 127
653 169
685 664
446 579
306 679
140 14
566 318
67 382
631 232
651 404
440 374
89 656
497 544
574 471
362 453
42 573
142 460
467 425
158 0
15 500
146 630
436 87
393 221
188 585
201 7
179 489
406 546
16 169
323 126
104 552
7 204
34 381
190 0
662 91
574 271
485 626
601 194
118 456
456 110
200 359
533 585
504 415
494 400
442 285
440 4
499 335
304 438
420 666
355 265
595 193
600 604
391 512
312 334
512 298
520 11
75 266
358 576
654 568
520 161
424 85
12 615
70 594
201 26
308 495
127 444
260 477
471 352
19 0
307 115
168 663
103 690
475 195
252 262
664 207
577 226
449 238
517 619
123 397
315 598
604 475
449 256
124 426
30 549
649 388
388 53
147 639
577 458
478 107
569 224
156 477
336 405
483 39
8 561
264 57
295 134
498 617
98 228
187 436
527 395
390 190
402 80
227 693
674 35
282 380
87 498
95 389
183 178
44 115
489 149
672 691
645 659
160 198
445 198
578 389
95 297
601 516
279 574
412 690
175 149
512 428
13 51
257 143
494 224
135 145
52 144
49 34
292 517
584 380
654 698
33 122
606 33
41 170
137 380
692 32
32 46
275 241
684 681
611 569
652 126
688 165
673 375
39 416
252 673
209 379
647 469
499 289
383 429
500 43
695 315
402 86
246 336
314 333
48 24
491 213
359 511
466 642
510 527
276 324
604 218
403 651
385 441
44 300
659 416
216 327
689 294
420 601
655 426
318 623
633 80
153 570
479 3
207 337
138 231
83 423
447 382
237 372
622 493
526 635
553 34
283 131
76 331
511 62
666 247
282 694
578 477
107 348
605 190
533 67
319 598
451 581
633 359
260 448
373 361
50 102
566 105
337 560
432 583
678 637
39 491
423 677
22 295
324 555
420 462
294 268
392 598
143 437
115 471
315 55
355 585
182 660
125 407
139 579
533 75
558 257
481 349
225 693
217 133
147 19
579 239
549 541
275 124
552 437
28 414
90 87
569 304
601 369
184 52
179 6
697 650
302 96
166 131
163 275
505 29
560 142
548 101
5 425
103 294
684 297
666 51
280 452
488 395
203 242
210 685
499 468
431 227
186 163
460 13
113 556
207 505
229 644
672 25
285 484
637 265
682 235
698 109
457 59
71 648
677 497
334 658
524 125
117 518
562 405
454 384
610 221
347 72
221 317
362 504
522 227
272 430
530 251
371 386
348 591
79 683
260 303
66 537
663 395
334 335
121 22
221 278
238 572
253 367
694 622
352 36
7 101
415 349
618 63
467 552
473 328
293 109
7 52
455 153
262 427
350 589
660 194
646 104
497 100
377 672
49 478
586 459
49 51
242 293
8 370
149 160
150 21
636 265
562 380
197 538
614 38
310 435
679 108
472 273
496 681
76 175
380 279
535 360
221 39
282 48
555 51
414 600
149 141
269 104
222 102
554 56
479 462
162 276
55 44
312 173
494 373
639 429
61 407
584 43
477 486
532 288
625 73
676 468
328 688
52 363
363 71
95 87
301 122
610 208
443 356
65 419
267 235
635 88
173 328
671 362
673 291
676 126
353 298
555 20
649 269
472 607
470 204
116 87
628 406
315 524
365 495
475 490
231 240
199 471
676 496
225 264
241 279
531 366
30 134
464 433
364 86
253 580
161 335
124 273
62 174
276 296
585 144
633 44
54 293
425 353
693 495
336 694
249 219
331 698
522 590
231 441
111 157
164 568
652 161
37 112
135 334
350 571
275 501
538 12
638 188
0 667
208 526
295 582
247 101
282 336
489 386
518 115
114 529
88 260
690 37
280 50
167 155
240 455
90 359
224 542
458 617
457 206
243 96
35 226
511 55
406 447
646 223
648 305
613 286
499 581
476 569
626 64
243 422
432 690
150 26
338 153
507 550
442 497
614 118
362 129
182 353
505 583
372 381
639 138
550 256
5 637
95 691
578 147
569 198
385 4
472 325
626 238
275 68
509 270
13 334
23 55
12 679
377 671
354 160
588 492
110 227
172 640
367 86
209 236
95 578
59 676
522 608
665 220
264 415
28 15
387 232
60 570
158 400
285 166
72 347
648 447
536 381
290 458
448 346
221 128
164 676
604 216
260 403
307 285
195 35
73 230
18 663
98 71
542 381
292 66
285 488
293 37
394 69
481 45
550 424
495 37
425 454
329 451
589 85
172 221
6 230
285 593
151 617
333 23
238 332
85 178
447 43
394 489
525 556
68 189
94 81
166 186
41 612
215 34
218 407
573 566
30 271
6 74
163 348
389 428
273 411
559 518
336 548
382 528
596 127
323 124
617 566
110 258
348 63
149 559
341 17
96 423
509 251
207 167
407 399
507 243
677 377
697 286
692 580
435 238
215 441
300 348
334 124
43 569
106 78
168 183
227 543
277 494
502 660
257 366
71 28
511 86
628 463
243 276
31 548
266 131
42 383
680 590
681 320
240 350
387 54
49 407
373 549
532 472
693 288
39 109
406 21
612 430
175 577
556 416
389 265
516 365
262 271
666 69
8 190
360 397
427 681
237 178
356 101
584 446
116 627
678 179
92 49
376 127
436 543
215 184
622 281
185 488
415 118
591 440
688 669
3 489
411 174
22 466
559 63
428 152
129 43
61 356
320 598
684 148
329 34
329 156
19 38
679 270
408 653
583 529
184 123
44 444
33 329
117 478
448 621
690 304
135 207
313 534
516 372
249 371
11 486
185 605
409 499
224 327
656 264
579 592
171 289
191 164
74 116
204 283
294 506
36 284
678 217
65 80
603 369
444 157
293 622
471 257
323 649
309 610
302 257
232 395
588 143
222 47
9 165
483 30
682 673
377 627
157 266
7 458
698 603
356 41
687 30
369 680
13 44
73 313
264 117
529 376
458 33
285 380
96 527
665 199
299 683
401 426
370 133
505 506
233 643
402 453
632 460
80 126
449 515
611 163
344 181
412 274
169 669
373 529
313 157
135 354
681 459
275 660
291 627
448 390
92 530
290 61
301 54
643 453
607 17
549 655
305 674
90 660
561 479
315 695
469 145
527 28
551 24
483 561
178 320
621 62
527 677
163 45
454 229
344 669
643 8
7 388
63 536
196 350
148 27
501 190
58 0
170 403
173 466
118 559
126 142
513 228
531 525
553 376
254 55
286 526
15 563
677 521
566 112
321 677
431 385
124 572
196 449
98 30
120 527
652 417
146 51
143 612
246 19
66 505
478 285
275 597
444 138
602 45
326 208
321 103
101 526
41 92
339 403
248 527
55 235
688 84
460 484
572 209
512 127
545 188
58 125
104 617
125 262
69 631
589 594
641 211
282 234
41 238
181 50
512 372
299 613
247 591
245 257
28 71
532 77
682 688
479 565
168 507
87 648
486 460
493 138
660 594
590 574
369 485
382 533
631 152
268 656
451 254
654 235
455 553
330 542
337 335
144 191
203 312
148 676
582 418
418 501
357 666
323 630
414 488
70 159
321 334
43 629
190 616
166 446
618 310
176 672
493 319
683 601
195 661
415 242
115 696
240 7
648 104
463 95
657 466
412 529
65 604
104 608
0 321
521 640
646 308
506 38
468 570
596 473
238 295
449 57
132 625
44 86
335 153
22 537
459 609
152 89
571 60
565 385
651 230
345 335
339 94
277 440
653 227
258 543
20 219
380 204
591 218
367 29
261 204
278 142
135 254
194 582
296 175
604 402
679 333
343 293
252 427
661 75
698 249
688 160
14 332
642 276
285 106
437 509
578 358
614 135
325 640
51 513
12 300
115 398
363 366
509 70
359 12
68 663
187 217
538 356
561 200
495 83
688 241
580 95
200 498
565 436
238 257
308 148
555 629
452 83
362 159
413 419
10 398
666 347
517 248
152 244
263 82
275 108
556 483
239 177
583 477
