700 4177 2100
18 22 19 21 5 10 22 19 18 12 11 13 9 7 14 8 16 7 18 8 11 17 24 22 22 15 25 6 8 12 13 17 12 13 13 9 15 21 11 6 25 10 21 14 24 17 11 9 10 21 20 10 21 7 21 12 6 10 15 8 16 24 13 24 9 20 8 13 10 13 23 5 23 19 12 6 11 6 20 19 10 16 23 7 22 9 6 9 16 14 25 10 25 17 9 17 22 10 25 25 12 18 7 12 8 9 9 14 14 20 14 13 16 25 18 16 7 9 19 6 23 16 15 23 17 24 7 10 9 6 12 23 24 5 18 16 13 22 6 11 16 18 21 8 20 14 20 9 23 12 6 20 20 21 22 25 17 24 15 5 21 24 14 22 7 16 14 22 5 13 19 15 13 5 7 16 22 16 14 22 18 21 19 14 24 16 25 10 22 8 16 11 14 8 11 20 15 14 19 7 19 12 20 5 13 10 25 23 24 20 22 6 7 18 17 6 19 24 10 7 9 20 24 12 25 5 8 18 22 13 9 8 24 16 19 23 14 6 7 14 18 9 25 25 9 16 22 23 19 21 5 20 17 8 15 20 9 23 13 19 16 15 7 16 12 19 22 15 25 20 21 22 17 14 9 20 13 15 12 23 19 12 14 7 20 20 6 17 13 10 22 21 15 14 8 23 8 21 19 21 24 5 17 5 11 22 11 9 25 8 25 25 16 19 25 25 6 8 23 22 18 9 11 25 16 18 17 5 5 16 7 8 17 5 12 13 9 25 17 18 24 20 20 18 23 19 24 10 15 9 6 25 23 17 22 10 17 5 16 12 6 21 11 7 23 17 16 23 8 7 23 21 15 12 14 24 12 25 23 5 17 23 12 20 11 17 17 24 25 8 9 24 13 16 6 5 19 24 17 9 22 16 16 13 21 7 15 16 9 25 9 17 17 10 9 24 12 25 16 6 12 19 21 19 20 10 17 23 14 21 21 9 23 10 23 13 7 16 23 14 22 7 17 20 10 7 24 5 14 9 19 5 21 17 7 22 14 9 25 9 20 20 7 6 14 25 17 8 14 19 10 8 19 20 25 15 11 21 14 13 15 20 23 16 8 15 13 24 15 21 20 9 24 21 20 12 17 22 21 13 14 21 14 19 11 14 24 10 23 5 13 17 12 9 22 8 24 20 14 8 21 6 9 13 6 7 14 13 15 8 9 23 22 9 6 21 5 13 22 6 23 5 6 6 9 24 19 8 16 7 11 25 9 9 8 7 24 13 13 22 16 18 17 8 23 25 10 17 22 16 9 8 6 23 8 24 11 15 23 13 18 21 21 23 10 6 17 15 23 24 14 20 22 13 16 12 6 17 25 11 24 12 9 6 23 18 6 15 21 18 25 20 5 5 5 21 18 15 18 14 14 21 16 22 15 18 10 15 24 22 6 22 14 23 8 12 18 9 19 14 11 11 18 8 10 24 19 7 9 16 18 9 23 7 18 21 13 10 24 10 8 12 24 22 10 19 24 7 15 7 11 13 25 11 5 23 23 10 14 8 17 6 20 21 5 17 7 19 16 20 14 14 7 10 25 24 7 20 24 7
3 8 13 13 10 16 19 4 15 12 8 15 6 10 19 4 8 17 5 14 19 6 5 12 11 7 18 5 17 9 9 18 15 11 7 18 8 16 10 18 4 12 11 11 16 17 19 11 4 10 18 8 5 5 8 7 13 14 17 18 10 18 8 20 8 4 18 5 17 8 11 6 6 7 6 15 8 6 18 4 16 14 7 12 10 20 11 8 7 19 15 5 16 4 5 6 8 20 8 20 16 12 9 18 9 18 6 8 16 9 11 9 20 19 10 15 18 4 8 16 11 15 6 10 14 11 20 5 10 18 15 12 14 13 12 6 5 15 14 14 16 12 5 13 13 15 15 10 7 10 4 11 13 18 7 13 12 10 19 4 7 11 10 16 16 7 12 20 10 18 17 17 5 7 13 18 12 8 6 18 15 15 8 7 20 13 4 10 10 4 7 18 5 10 19 13 18 11 12 10 7 17 20 5 14 8 19 16 19 3 20 4 11 9 18 14 17 18 5 16 8 12 5 9 12 3 10 12 13 6 4 19 4 3 19 4 20 18 9 3 20 3 3 5 13 9 16 6 8 12 18 7 11 20 6 7 6 11 13 17 6 3 11 12 9 3 13 6 13 16 20 12 6 6 16 19 10 6 18 8 16 18 16 12 19 10 6 17 3 17 12 20 4 8 7 10 10 7 4 11 10 18 20 10 4 4 3 13 11 12 9 4 3 16 18 18 10 12 19 6 9 5 9 16 13 11 9 20 18 14 14 15 14 4 16 9 8 14 3 16 6 10 3 17 17 13 10 6 12 4 12 13 20 12 4 15 17 15 19 11 16 20 6 17 5 19 12 4 15 10 8 12 16 19 6 10 14 16 20 5 5 14 13 5 17 20 11 20 11 12 20 4 10 18 8 9 14 6 3 9 11 7 9 16 14 15 5 3 7 12 4 10 18 3 6 11 20 12 20 5 19 10 11 12 12 13 13 20 13 11 8 20 12 14 19 8 12 5 20 3 6 8 16 8 18 14 15 16 6 10 7 10 13 13 3 6 19 18 10 11 4 20 14 14 11 3 8 9 8 13 7 8 12 12 15 4 13 4 17 12 6 14 12 13 10 20 13 11 18 12 10 15 9 3 7 20 3 13 6 8 18 10 20 10 18 11 11 17 16 11 3 16 9 4 12 5 13 9 15 7 16 9 11 13 9 3 8 3 16 8 15 4 19 12 16 6 12 12 10 7 8 9 3 9 18 11 15 4 12 8 4 10 4 7 11 8 18 13 16 18 10 14 17 20 4 5 14 19 3 20 11 19 10 8 11 5 7 8 9 12 17 7 15 16 17 17 20 10 17 3 9 18 16 3 20 19 16 12 15 4 12 3 17 14 11 12 16 19 13 15 7 16 20 16 19 4 4 18 20 16 12 4 16 20 17 8 6 17 18 16 5 15 8 10 7 14 13 9 13 19 14 20 16 14 16 9 15 12 4 8 15 16 12 10 5 7 17 10 14 11 6 3 17 12 19 20 4 13 18 5 11 12 12 3 10 19 7 3 18 8 8 14 12 3 18 13 18 19 4 13 14 5 12 15 17 12 15 12 12 17
172 332
481 543
669 547
645 669
383 224
56 461
249 250
60 146
677 210
239 122
530 399
473 454
594 98
695 230
670 362
100 289
5 595
81 167
531 640
433 269
542 375
6 500
117 20
641 264
689 563
167 598
601 237
304 559
12 457
418 170
207 51
487 219
10 155
214 208
148 338
276 572
13 410
93 490
333 361
68 518
374 665
463 679
303 6
209 657
44 664
593 575
18 421
368 612
543 617
574 96
613 642
223 44
664 623
433 182
88 352
92 578
560 524
241 296
2 66
567 120
366 353
23 532
634 353
341 427
276 424
569 112
163 304
285 432
148 176
338 614
476 86
34 393
431 221
666 539
476 66
623 172
437 68
351 480
504 66
438 489
175 187
280 612
453 556
408 667
582 84
310 480
288 43
450 630
575 282
602 601
67 637
249 602
290 657
698 620
250 382
69 83
431 333
465 281
536 505
25 330
121 517
235 228
529 513
51 313
486 403
252 256
167 233
391 558
193 387
431 179
103 620
657 122
309 110
627 688
608 345
488 14
327 338
308 605
235 488
401 152
84 158
255 602
588 55
362 512
662 320
571 511
551 444
364 627
270 465
74 654
222 134
71 258
519 11
530 420
179 86
223 34
290 362
231 75
467 522
439 302
213 466
522 133
183 317
150 437
485 114
434 420
560 474
462 385
18 269
372 384
28 52
171 256
307 261
551 52
678 90
410 93
498 2
40 343
112 477
294 169
227 289
70 11
332 221
541 335
198 199
593 667
510 386
501 590
462 518
140 272
521 127
311 200
652 283
180 114
453 28
635 66
678 271
192 167
584 176
501 439
237 291
693 125
291 643
120 88
228 174
131 477
564 427
136 484
380 30
479 30
660 333
240 421
345 445
426 227
597 365
279 661
297 22
326 358
196 528
673 72
267 96
271 12
148 3
59 152
156 248
494 322
562 329
570 349
586 260
445 91
453 119
501 221
259 645
287 661
308 90
423 125
222 115
42 192
624 49
74 303
578 184
267 402
126 194
495 334
478 610
299 152
310 99
558 84
455 548
511 601
38 382
407 461
338 608
206 113
66 42
471 213
608 200
270 313
595 49
657 123
304 641
565 621
523 221
78 59
631 377
158 179
5 255
399 292
207 262
311 126
382 599
643 344
479 637
442 361
374 438
210 509
548 175
50 73
123 631
72 52
225 226
294 416
286 228
76 616
21 302
10 190
358 456
51 112
26 415
106 585
160 578
415 305
566 390
266 71
640 128
423 412
686 542
138 252
455 612
92 526
680 587
363 507
658 673
70 693
298 281
165 647
110 81
42 417
269 473
9 518
279 406
577 209
226 82
61 454
2 318
120 560
548 387
81 316
408 300
169 22
126 373
636 157
493 63
669 620
302 132
527 427
289 192
604 593
550 215
488 130
640 535
673 363
673 253
546 563
146 207
2 314
110 323
465 21
655 687
485 200
80 469
490 74
394 146
413 294
143 341
459 33
64 26
371 117
27 482
100 385
52 539
525 132
695 418
242 174
292 668
686 290
465 219
349 367
530 133
340 698
188 158
218 628
282 698
95 261
513 137
194 665
514 447
464 399
357 349
287 54
257 403
109 520
192 270
304 517
631 637
295 578
358 582
361 378
80 407
633 114
68 645
138 689
80 411
41 616
548 237
687 660
395 271
354 533
677 424
500 308
41 683
482 599
228 592
686 684
344 77
401 48
422 43
566 298
78 662
318 18
162 597
220 197
220 245
389 6
341 174
93 467
150 23
182 199
543 271
684 285
511 246
121 162
610 218
84 438
337 78
462 236
0 458
397 480
675 387
335 599
471 380
337 364
416 480
211 246
397 643
314 286
653 644
689 291
521 77
367 469
335 249
365 409
197 229
301 458
640 641
4 439
661 378
523 594
639 313
44 194
584 514
494 431
126 492
335 630
362 225
85 365
243 595
384 466
450 113
68 504
544 635
353 465
574 169
279 506
4 136
521 351
86 397
104 385
132 102
620 262
251 456
376 591
606 221
219 633
377 657
122 196
66 684
281 635
569 493
162 411
516 182
364 324
103 88
266 7
3 182
582 528
50 106
387 315
539 605
127 262
449 137
484 653
164 490
578 457
129 50
245 601
600 247
623 266
514 570
485 107
59 342
298 166
600 268
422 20
298 361
113 624
141 62
11 441
460 349
238 365
43 187
489 453
364 396
57 76
644 558
312 202
600 481
321 497
594 359
113 623
279 528
612 566
458 128
88 592
495 475
434 515
297 224
6 110
21 80
481 153
401 587
408 85
574 373
142 667
249 326
43 659
242 656
347 549
159 217
658 241
82 371
187 372
373 193
50 115
612 679
276 20
408 41
615 315
165 202
206 264
421 440
67 517
414 222
10 382
411 296
26 442
684 238
514 651
59 338
240 476
230 593
538 142
420 425
504 25
403 415
254 307
188 541
661 179
617 547
638 658
441 367
61 610
403 662
250 464
418 307
511 487
347 22
79 517
500 309
597 229
500 410
158 137
551 46
687 423
654 683
600 234
646 523
273 348
50 14
28 191
420 108
520 358
104 498
150 172
290 153
221 347
485 477
653 74
612 658
256 214
531 173
578 615
352 302
574 110
497 388
331 260
292 134
513 187
19 257
328 70
280 515
390 527
626 670
606 229
39 62
586 392
228 273
69 298
151 569
593 560
536 599
12 531
5 453
293 75
419 662
404 189
388 453
129 257
113 336
428 191
224 553
351 485
6 10
232 200
499 446
609 245
204 519
468 432
662 668
432 314
188 67
396 38
237 659
272 698
375 567
106 127
357 280
62 479
219 397
9 326
391 356
389 61
638 482
79 632
359 159
454 71
534 677
567 649
482 238
645 125
531 26
61 687
665 155
152 279
131 95
699 320
665 658
689 470
66 527
665 39
149 449
533 217
308 238
343 261
473 139
66 250
46 153
135 396
498 333
377 597
107 567
654 126
280 281
513 539
27 154
81 191
680 552
107 469
332 679
605 405
335 199
187 648
485 418
202 656
510 380
522 633
349 2
322 416
298 284
347 455
32 591
457 36
419 164
239 585
100 285
476 279
489 395
501 552
563 542
91 481
306 569
92 450
30 340
635 461
105 484
171 61
238 65
509 120
145 84
568 664
626 281
94 648
221 262
250 639
282 221
633 518
77 281
77 442
536 583
676 339
10 631
403 142
412 641
508 488
648 615
39 442
214 595
273 649
69 252
622 62
653 623
411 650
455 405
229 9
455 90
688 446
344 348
364 356
123 119
647 34
365 697
398 168
652 285
429 657
649 513
451 568
494 383
453 105
371 555
33 309
505 286
24 479
488 613
622 122
608 376
34 430
367 606
106 657
81 590
251 12
316 327
624 280
492 64
640 656
333 655
134 72
375 470
379 150
235 368
106 326
178 595
187 452
225 144
90 509
140 211
325 475
17 553
689 223
440 146
560 260
528 286
199 321
520 577
240 171
340 237
340 167
197 108
283 93
409 270
176 392
503 622
272 439
308 47
492 179
225 382
254 124
23 316
510 216
260 512
296 424
453 84
319 484
492 427
642 613
28 222
250 173
27 211
399 669
384 685
216 212
68 298
594 683
66 610
534 248
280 278
517 678
196 50
115 232
395 174
96 102
231 312
128 138
330 124
474 567
283 193
198 302
567 162
82 576
97 220
351 136
582 437
125 360
84 461
75 451
522 137
606 660
340 86
46 389
223 594
441 540
18 21
4 75
557 323
305 565
683 395
256 313
242 185
116 13
439 63
597 336
362 472
537 183
616 333
104 287
508 351
65 399
666 27
234 338
208 389
60 488
115 224
112 401
363 451
253 44
508 592
688 16
444 228
74 112
288 604
70 568
305 501
583 599
408 205
299 635
286 573
299 450
102 163
78 660
279 6
147 33
326 102
576 451
658 447
544 369
22 518
518 392
455 353
259 347
247 607
334 15
368 523
201 219
237 56
424 523
597 247
649 163
342 420
151 643
380 202
536 452
351 548
333 652
542 270
470 326
553 435
368 225
116 432
472 561
282 562
578 377
310 468
569 213
99 450
106 646
677 336
440 73
645 487
26 60
113 10
480 393
542 82
600 371
582 552
285 143
435 640
364 582
396 350
374 570
228 491
324 669
373 61
405 70
51 300
557 647
425 68
42 696
304 636
203 690
287 450
334 663
606 333
452 271
379 396
218 260
273 299
9 547
448 279
223 506
654 631
508 504
157 487
0 663
382 223
228 204
265 457
88 599
193 356
395 561
570 74
554 559
594 193
406 642
97 310
685 98
262 518
663 387
685 544
169 634
455 442
143 468
311 566
135 22
588 280
109 85
22 297
119 259
10 324
533 102
144 655
466 623
697 192
570 359
451 366
174 604
324 132
653 243
203 445
151 247
273 364
573 126
416 520
135 616
225 106
429 248
320 240
160 336
698 153
407 183
529 380
326 72
457 350
300 479
109 492
662 125
390 331
128 379
520 349
204 176
681 652
430 440
546 47
233 182
557 45
635 408
82 302
550 202
240 401
685 671
351 327
553 66
522 448
37 199
556 162
169 395
529 84
486 591
307 111
175 387
630 694
271 97
87 275
284 127
369 404
399 234
243 238
23 75
406 516
610 427
31 488
381 285
528 462
411 293
256 372
29 419
10 103
648 396
569 637
191 16
175 661
400 606
38 438
549 587
325 603
217 308
4 420
413 16
101 595
399 574
202 337
277 82
586 452
631 427
449 652
75 306
307 362
370 479
618 615
420 229
416 667
515 321
424 316
607 263
336 346
294 699
407 284
466 450
535 583
577 190
383 179
368 567
381 490
300 453
50 664
600 448
317 441
449 177
525 294
407 62
597 443
680 14
615 634
590 69
605 460
341 212
635 233
5 168
231 56
222 615
149 79
419 83
581 462
586 241
303 453
125 489
492 630
194 233
298 408
518 473
77 98
520 238
6 130
207 352
579 164
326 684
392 620
20 388
180 452
528 56
216 455
356 14
654 657
39 271
266 318
536 545
681 629
504 84
658 561
491 200
176 323
140 87
511 539
37 528
117 135
135 511
609 303
84 521
396 466
474 279
398 318
516 62
607 195
404 477
466 568
631 269
475 415
96 534
105 42
344 412
150 49
74 163
28 666
242 388
446 382
441 116
258 307
181 247
259 239
444 47
148 254
422 155
171 82
104 276
71 590
237 8
575 203
613 202
140 660
12 417
518 202
361 302
140 651
121 232
431 421
3 382
615 624
13 447
98 12
169 591
159 597
58 610
647 603
412 37
173 242
415 433
610 248
125 237
240 663
190 371
586 442
435 271
571 640
170 239
681 9
376 484
363 698
420 559
458 2
136 29
259 624
560 176
177 225
597 394
186 535
318 414
30 22
399 659
14 305
90 105
608 620
294 93
469 292
330 197
594 33
287 562
176 455
293 557
579 242
311 102
224 411
247 187
527 468
0 200
389 333
138 399
214 106
660 140
112 109
498 286
17 106
103 651
54 50
262 451
400 420
81 353
447 370
419 118
322 434
12 133
206 401
287 203
63 542
250 333
30 276
312 27
624 440
433 51
276 300
106 316
96 471
385 389
644 214
157 75
492 621
25 28
87 301
547 60
124 475
367 13
129 694
99 318
384 641
647 394
257 480
189 57
90 258
440 198
533 551
625 681
691 310
90 650
204 89
106 481
169 231
362 259
535 31
443 563
584 271
441 405
558 186
652 39
355 156
571 551
170 460
266 11
562 398
428 142
128 518
311 105
170 542
629 615
266 187
262 138
258 593
534 630
523 66
574 341
444 430
613 246
63 176
236 65
510 184
438 235
248 184
253 408
158 454
357 10
593 400
67 37
475 349
503 656
443 435
129 457
144 249
317 243
343 684
429 602
416 347
231 266
520 144
275 466
284 78
147 22
575 591
569 593
603 508
344 350
604 691
358 688
625 111
310 237
5 203
51 288
417 502
592 236
205 101
401 301
230 494
183 511
221 139
350 696
376 144
423 685
483 467
380 534
191 30
581 589
74 41
237 282
270 109
95 118
422 443
552 437
521 329
309 675
53 437
303 688
277 648
493 214
380 76
452 506
363 528
363 85
206 323
595 550
90 47
433 325
402 108
248 192
304 132
263 399
623 592
169 435
428 107
466 205
503 21
92 479
244 479
92 455
203 603
145 266
108 279
296 348
40 54
158 264
44 90
301 7
18 363
103 640
319 558
460 75
462 585
242 537
310 1
635 162
680 257
190 317
132 43
230 388
23 374
633 155
187 472
81 486
355 152
669 6
305 541
340 461
694 311
4 289
56 217
622 52
100 516
282 527
668 270
333 79
403 609
527 648
422 369
131 527
205 191
361 588
534 343
88 248
682 323
493 671
7 262
505 625
216 25
609 15
114 355
330 306
496 73
649 678
306 88
581 95
335 149
436 395
461 223
236 375
531 682
233 337
256 127
74 235
344 474
338 170
90 302
354 55
182 413
344 567
562 496
127 255
311 279
357 524
628 593
254 696
643 519
675 80
586 629
83 257
427 682
682 550
604 351
568 484
625 317
303 273
567 43
98 634
655 82
58 640
407 153
123 516
327 194
205 156
656 364
25 551
28 392
296 74
524 675
15 8
656 679
632 251
310 147
313 407
683 23
99 296
255 607
111 581
430 283
106 403
298 462
256 211
20 169
530 185
517 373
384 82
399 533
598 231
430 565
123 323
501 599
269 646
104 120
474 528
387 36
433 563
604 411
312 322
220 229
362 698
193 396
383 357
99 401
303 46
187 443
13 353
513 205
542 571
221 340
41 679
440 315
10 610
482 623
558 524
203 157
119 395
163 380
197 673
404 671
255 187
487 403
537 408
244 557
292 630
9 113
105 200
426 324
487 299
454 197
320 371
132 225
312 316
167 314
413 532
265 68
284 560
660 71
563 319
52 288
692 4
109 235
458 190
198 109
123 50
59 273
292 539
318 123
243 462
225 334
350 640
451 653
206 95
170 615
450 231
686 18
378 132
661 284
526 659
353 159
155 601
256 683
255 343
203 644
315 1
238 347
293 327
610 444
105 551
644 381
683 67
51 103
523 548
378 537
175 202
423 126
179 169
177 429
107 397
360 358
565 640
125 354
3 586
623 365
172 658
658 66
533 282
441 215
279 489
210 393
141 652
58 672
586 283
31 280
593 604
440 285
542 174
285 191
537 18
295 270
329 621
8 116
58 349
285 563
418 446
598 640
337 428
393 118
425 627
75 65
581 605
147 124
122 675
538 425
460 575
175 372
455 92
685 617
509 26
627 353
301 238
608 668
577 59
331 514
41 481
646 57
165 329
321 618
162 671
58 543
103 391
431 382
614 447
489 325
584 355
85 287
371 396
606 659
608 187
356 240
238 351
218 96
239 696
677 321
285 169
533 335
478 284
241 278
38 124
685 540
682 41
481 418
299 192
567 596
375 574
542 112
245 63
62 239
623 549
134 515
83 553
488 151
429 564
640 485
472 357
683 82
513 680
309 283
200 85
687 228
115 175
381 501
384 333
345 216
535 615
286 556
492 210
244 212
599 57
198 306
312 473
53 512
313 84
342 648
146 232
365 650
606 242
487 267
238 78
180 134
609 61
352 415
157 522
126 253
32 315
366 62
14 213
384 88
330 9
255 698
196 359
377 244
647 344
135 72
139 577
193 586
160 136
267 12
668 504
290 432
355 646
639 350
446 401
194 328
34 675
37 663
231 638
62 361
9 513
287 549
184 19
330 224
197 364
136 455
42 289
399 430
574 645
436 157
459 124
551 132
624 186
595 506
693 307
520 206
44 634
84 601
254 121
75 151
446 131
171 656
60 321
205 93
168 40
598 4
286 366
419 608
178 329
286 305
187 66
161 456
605 493
112 541
624 273
630 502
401 55
202 540
591 692
2 107
86 72
76 216
373 266
459 482
93 40
37 224
354 1
256 134
183 516
635 282
430 663
335 445
632 104
563 106
173 20
130 127
671 565
297 626
652 440
261 273
385 85
263 215
493 511
213 604
615 664
286 301
14 657
382 240
21 250
216 440
54 456
611 664
150 506
338 163
165 660
288 330
497 512
33 539
154 215
468 366
460 234
137 27
452 647
385 15
320 189
215 613
342 48
213 306
656 218
503 248
52 626
157 505
21 377
226 167
3 128
325 668
137 688
161 33
522 139
613 300
666 162
379 492
526 338
449 548
178 460
387 152
221 544
121 413
437 584
646 120
571 129
448 427
286 376
339 310
290 330
405 305
591 357
270 125
239 656
666 364
467 591
104 33
590 571
671 603
126 310
500 110
77 390
52 155
393 687
418 328
217 220
531 253
313 495
224 415
259 451
227 390
493 164
156 203
231 618
164 2
444 52
192 154
246 383
506 499
371 277
200 233
595 260
411 405
46 74
116 437
183 503
20 560
263 313
268 596
373 31
255 517
517 165
576 4
554 290
457 226
647 257
259 452
157 355
293 400
158 462
227 6
251 332
442 630
409 84
509 578
293 110
345 651
310 513
427 324
309 427
295 594
641 582
453 485
37 244
676 564
109 318
313 94
530 541
113 230
27 453
684 483
42 661
469 51
135 638
277 419
689 304
148 650
151 457
676 361
601 563
453 351
248 335
292 388
87 130
659 104
319 109
415 346
333 419
676 624
371 151
4 695
457 404
31 71
591 121
584 148
312 108
318 570
222 213
515 413
111 333
417 445
414 180
194 248
44 305
686 665
694 431
417 365
597 59
217 512
81 86
598 247
552 44
282 605
512 40
668 349
142 364
640 639
606 47
527 304
481 296
169 355
228 435
36 593
176 116
598 476
337 142
442 4
191 239
102 318
610 297
295 45
385 205
666 387
146 71
0 67
478 107
28 113
139 353
540 170
675 189
295 569
599 15
237 244
551 170
252 604
693 59
672 14
275 470
632 295
263 6
16 414
632 659
124 243
263 272
48 639
495 511
324 393
392 321
271 417
396 51
646 620
422 517
497 55
368 538
245 426
543 521
36 637
71 525
296 607
126 609
381 64
220 570
660 177
278 535
575 47
375 357
247 346
539 42
348 262
321 379
18 418
35 484
538 25
525 332
412 692
272 472
328 449
276 372
128 398
646 176
421 344
66 118
592 595
163 504
28 442
404 309
372 41
397 53
414 558
523 297
495 462
493 218
477 564
182 617
400 607
425 512
20 475
381 39
606 569
344 629
112 137
549 110
89 468
654 102
3 186
589 611
237 435
613 151
526 105
632 195
367 528
170 6
430 12
275 24
603 569
170 575
515 646
397 226
348 438
661 458
553 227
318 153
133 206
202 88
270 214
101 69
464 229
94 178
226 368
589 669
3 532
679 102
286 290
572 542
109 279
334 487
82 611
190 353
488 160
176 598
119 99
107 367
611 366
650 17
260 336
194 366
608 600
173 666
658 646
167 544
407 49
565 58
415 484
99 60
204 225
184 51
8 34
600 676
522 483
171 303
489 411
534 521
683 363
578 694
140 269
22 655
691 206
329 549
91 496
537 528
307 373
480 281
667 347
613 662
50 6
554 163
337 587
374 339
368 456
373 88
5 216
699 127
231 404
217 355
69 72
137 617
498 674
379 314
617 374
392 443
605 471
352 599
667 313
0 296
150 655
30 679
97 378
439 500
72 474
0 570
16 525
440 503
617 88
403 91
147 599
366 620
191 234
658 178
214 94
650 265
169 146
256 572
587 297
680 224
642 111
586 388
18 666
455 632
359 55
92 46
524 531
674 147
165 103
505 651
132 356
561 604
135 149
549 438
57 319
144 648
230 206
91 98
283 513
506 139
130 697
253 426
351 72
557 104
371 599
515 285
564 651
326 545
484 332
191 125
442 227
390 664
58 197
668 633
33 697
591 228
659 533
492 246
273 539
540 649
499 494
169 522
674 690
431 151
669 622
562 451
606 260
459 659
432 362
169 124
452 482
571 164
15 222
518 360
598 210
216 507
228 530
435 528
157 210
138 509
90 228
17 132
202 139
26 311
407 147
157 412
608 612
65 192
647 132
602 484
36 298
598 59
643 289
240 344
177 531
690 175
478 491
394 567
634 662
199 45
507 673
396 405
152 609
86 387
610 534
670 619
323 657
82 163
174 546
126 296
236 698
509 34
657 655
362 607
126 613
478 36
579 152
282 4
411 639
500 573
407 254
366 631
416 662
73 400
366 173
647 649
45 671
246 135
138 135
468 298
140 151
190 267
599 666
50 59
227 493
300 109
692 180
308 288
125 412
692 425
511 527
692 551
322 384
372 675
637 167
51 484
605 690
467 179
560 186
371 180
525 64
466 526
449 207
160 454
662 693
228 86
533 51
308 365
648 348
437 381
679 658
664 95
675 549
683 604
224 382
214 632
584 82
178 344
435 85
511 45
133 623
584 16
665 520
110 189
281 308
595 262
230 40
559 285
76 497
162 273
605 462
553 127
557 296
339 407
390 662
248 497
250 550
490 458
448 526
242 439
529 161
359 478
598 510
541 498
218 581
414 489
356 20
426 594
176 374
149 289
403 646
496 42
404 365
559 157
543 381
564 88
90 269
588 220
196 295
576 139
24 219
509 609
158 308
47 574
668 572
328 587
281 603
357 271
576 458
375 159
102 249
417 224
610 470
199 37
217 225
140 143
624 71
604 367
241 653
425 263
29 387
506 409
89 383
638 442
391 585
14 533
486 342
565 363
162 696
634 431
682 616
398 197
271 511
175 358
104 550
411 645
94 205
647 349
170 319
311 116
618 97
481 53
54 358
518 432
575 106
328 545
135 225
4 634
354 31
203 311
88 217
689 145
591 122
188 334
228 219
612 287
278 621
587 12
143 507
289 541
699 307
261 360
463 143
670 558
165 137
698 206
398 268
280 197
531 645
144 587
388 39
415 330
339 149
184 253
254 260
176 464
557 88
34 574
432 607
400 667
314 408
667 415
343 179
10 513
544 617
261 20
433 69
199 363
517 155
415 115
363 488
577 558
154 604
15 372
534 293
231 221
15 670
523 309
97 130
153 181
56 248
572 294
431 235
337 162
6 211
476 245
496 210
308 64
208 680
359 93
336 251
636 655
126 403
428 289
688 583
105 131
693 475
289 56
288 694
345 298
159 514
300 328
619 673
391 451
200 432
267 460
121 429
339 235
164 158
262 233
465 92
148 33
557 602
60 629
219 509
527 24
234 212
275 383
160 319
646 277
684 533
298 699
509 411
102 92
136 122
72 301
626 479
349 25
158 480
219 531
452 352
487 472
580 44
483 459
645 71
39 138
386 504
624 338
205 75
511 470
471 393
131 554
664 231
459 268
245 77
511 189
269 640
478 113
643 470
24 521
570 527
257 467
294 371
280 140
516 61
188 117
403 256
601 164
182 595
647 329
521 356
597 183
460 402
138 591
455 498
651 327
462 242
539 648
505 268
341 199
55 21
644 338
183 107
137 485
87 399
451 637
573 383
14 696
611 111
6 235
387 377
405 279
393 465
297 418
491 116
27 544
14 149
614 294
532 278
663 415
591 574
150 507
113 146
65 19
425 513
608 210
587 375
17 403
653 332
67 48
190 361
411 561
659 270
603 46
419 452
48 13
546 14
173 303
385 216
655 431
237 304
229 18
559 116
138 307
620 128
212 184
583 335
33 352
214 568
433 41
171 310
645 76
563 461
149 463
502 517
167 656
503 318
223 309
256 334
280 564
577 583
169 487
636 249
657 394
517 429
539 575
235 191
380 623
665 412
681 403
681 538
426 698
671 275
589 536
213 539
95 236
156 339
264 282
277 580
9 693
181 647
378 543
382 505
196 534
234 644
72 21
547 503
78 42
275 609
227 428
174 296
369 623
665 349
613 567
439 288
413 307
322 479
397 426
128 186
636 20
578 568
278 169
630 652
447 111
14 353
385 401
38 83
561 691
285 324
174 461
300 386
222 198
510 378
206 143
30 528
250 278
508 552
573 544
654 236
225 674
186 366
68 43
331 603
455 127
145 325
616 656
83 612
291 378
547 270
65 222
12 483
662 15
510 71
412 527
223 89
345 100
78 513
502 607
61 228
638 521
203 650
321 44
692 512
695 367
212 298
267 696
513 306
133 73
266 333
129 627
64 335
612 47
353 55
225 659
437 269
385 693
510 536
48 3
174 78
641 324
259 466
317 422
674 658
622 496
518 245
243 78
156 499
223 589
618 651
469 593
349 398
540 255
398 233
565 652
657 5
417 300
282 536
360 179
370 320
689 618
662 546
207 404
5 316
568 288
320 330
681 374
295 657
281 415
665 347
596 136
507 495
366 158
473 158
343 218
616 684
515 351
344 432
513 461
140 422
42 651
59 643
156 601
413 218
602 198
569 22
581 648
104 458
205 137
51 428
146 231
222 251
625 143
12 516
264 341
399 392
251 668
670 549
56 132
543 472
6 444
350 644
353 521
441 336
29 242
342 581
179 224
504 431
301 437
209 248
362 68
280 73
475 429
274 270
101 4
332 623
430 161
238 383
504 262
458 508
537 693
48 634
212 383
390 403
86 522
511 174
339 592
531 301
523 578
108 324
574 548
298 30
614 415
662 608
669 283
47 412
637 236
296 531
12 574
392 162
86 153
291 97
286 450
484 581
152 322
373 516
304 59
22 637
682 542
561 382
331 325
490 96
347 653
650 332
437 386
692 143
606 76
675 664
165 558
417 294
45 672
115 359
533 573
437 268
503 439
20 110
298 586
380 666
247 680
560 167
124 60
590 79
333 630
530 447
448 415
391 698
573 470
287 199
240 512
182 685
309 205
508 135
86 687
385 581
614 699
461 637
569 42
492 114
424 604
222 293
70 483
25 73
201 542
634 193
96 323
354 561
422 534
637 75
474 288
410 627
393 372
63 556
348 216
346 22
363 225
272 172
493 101
266 377
201 618
109 472
380 566
304 644
472 277
591 271
334 299
535 120
339 689
641 59
161 480
422 564
503 275
245 439
49 258
519 631
378 466
376 403
71 179
419 11
243 308
260 613
381 384
676 203
591 46
179 524
463 536
345 154
464 33
476 606
580 463
9 692
532 185
259 545
639 488
174 156
410 572
249 377
369 380
3 130
426 283
228 683
645 515
175 231
541 452
699 108
549 423
320 665
216 441
56 223
84 174
134 149
298 103
119 137
130 536
425 595
26 365
242 393
112 483
645 607
66 481
215 372
117 133
293 508
68 410
380 236
252 82
172 492
571 391
479 104
387 350
499 21
247 597
168 550
94 28
80 7
276 444
140 232
46 66
585 361
344 490
313 298
591 177
194 134
264 367
118 193
643 514
418 666
306 530
587 504
188 6
338 476
328 432
424 481
679 282
463 612
186 500
509 349
336 87
190 453
602 406
599 510
30 243
422 641
566 484
531 232
600 580
392 191
60 81
36 569
493 533
434 671
70 463
205 331
491 413
558 394
276 436
346 408
649 407
0 584
564 155
293 122
457 515
478 667
148 131
425 500
271 153
320 407
343 439
621 79
34 512
138 695
645 102
316 205
49 350
37 365
76 328
611 68
239 618
558 34
13 497
8 74
543 514
286 438
29 10
148 577
4 662
137 406
677 226
65 322
669 276
690 287
23 245
100 11
225 403
207 498
570 126
99 383
266 122
41 550
458 464
121 372
531 259
640 472
299 5
537 438
248 380
454 262
574 570
92 244
302 361
679 399
518 327
61 179
396 514
36 179
560 688
44 421
299 392
571 318
410 356
66 380
75 508
316 131
132 405
286 17
115 151
499 102
9 51
587 217
246 449
514 481
671 659
7 66
159 578
137 550
649 532
579 29
427 207
575 335
688 363
493 240
393 489
563 376
149 505
154 113
120 565
343 146
265 689
163 140
80 331
207 633
235 153
318 245
185 633
332 259
440 159
293 8
296 219
535 377
440 597
345 179
570 439
149 346
262 268
611 43
529 374
345 489
473 605
256 551
202 660
213 669
556 6
453 646
380 459
520 187
533 253
396 394
75 159
472 265
492 294
352 650
41 612
513 355
482 586
14 501
166 483
53 114
162 520
106 694
97 449
239 605
22 588
644 39
434 140
55 610
659 255
288 449
161 206
210 191
557 261
70 573
15 685
558 667
87 373
153 383
610 625
590 284
71 342
109 74
666 186
128 553
101 383
334 118
363 195
453 87
593 239
312 674
105 554
71 15
393 640
276 561
347 414
676 125
318 587
37 534
35 108
258 75
631 461
390 505
560 306
378 417
318 660
597 589
662 669
396 325
282 538
640 143
537 405
412 219
18 398
473 586
83 71
119 520
420 614
602 375
500 592
243 593
89 21
390 274
254 235
284 221
473 67
323 656
619 313
299 695
58 297
644 101
169 189
123 406
211 377
553 214
78 648
391 605
337 465
541 130
349 353
540 489
620 697
520 469
429 633
540 72
309 83
293 95
345 588
355 46
183 466
141 10
291 137
532 29
634 334
663 244
444 184
345 545
565 349
192 488
521 177
472 593
590 155
599 512
373 82
391 102
398 493
569 526
558 544
444 164
20 287
332 125
457 592
290 231
468 210
56 259
27 1
148 581
559 98
616 34
339 95
224 237
460 107
303 585
533 107
229 401
518 341
265 58
619 174
617 344
292 35
400 293
204 299
578 222
365 215
154 237
7 412
687 24
186 353
555 470
255 446
72 143
594 43
169 317
218 196
88 670
531 7
369 191
552 321
40 655
282 413
121 250
155 94
634 77
467 182
450 134
28 185
193 427
386 497
77 526
619 15
168 616
124 560
10 471
577 602
431 529
567 531
446 85
432 176
423 23
193 85
521 258
84 211
17 566
415 261
647 200
449 375
625 567
358 94
408 147
344 163
451 629
426 527
631 82
529 191
159 133
105 508
592 216
179 517
443 339
113 223
672 402
110 270
519 415
96 446
596 339
425 308
240 116
527 585
138 264
81 506
346 39
326 437
147 320
14 406
436 583
641 233
111 584
143 503
38 28
24 147
16 47
245 519
338 345
507 670
299 292
291 637
270 478
250 225
318 683
61 600
462 413
500 233
14 53
19 187
89 493
244 349
623 34
228 90
496 284
694 681
37 310
359 579
121 51
193 580
48 690
332 257
211 353
232 64
634 51
557 202
333 73
103 600
249 98
10 696
358 309
614 296
688 276
460 497
349 246
160 621
444 91
325 152
635 364
605 189
617 16
592 211
571 365
47 516
641 493
174 685
416 691
85 77
505 218
389 393
287 303
646 152
252 121
68 660
615 156
93 184
350 46
662 498
487 179
14 439
95 279
303 472
450 232
643 294
100 397
95 425
8 600
448 282
402 153
584 38
575 11
159 342
191 152
301 194
689 314
270 268
261 387
590 332
652 270
316 134
411 430
362 273
101 537
40 481
606 180
180 546
58 460
557 336
654 660
681 602
217 186
61 16
494 485
89 116
305 548
148 255
557 448
398 227
377 513
641 157
366 486
613 554
53 587
453 329
173 697
167 52
451 59
634 667
324 523
473 240
203 314
328 348
349 370
410 342
344 653
289 670
441 491
386 383
654 583
539 270
308 349
298 248
613 104
598 343
488 84
7 397
647 669
247 533
430 588
390 148
251 449
48 544
656 236
234 333
444 437
524 161
416 475
410 215
134 64
154 91
259 554
377 409
180 662
334 696
323 130
169 539
158 459
681 456
516 418
438 44
267 260
273 588
560 318
380 578
317 654
282 620
2 73
257 617
74 597
588 155
256 549
262 274
448 66
594 313
446 417
92 454
269 359
658 277
337 525
94 171
598 482
28 579
100 302
60 503
251 655
432 192
691 305
351 83
590 25
20 339
484 240
356 30
42 675
591 84
327 143
447 16
104 409
313 159
359 251
638 48
590 290
163 229
441 231
553 418
157 687
178 633
37 574
355 9
625 54
122 444
135 582
4 389
227 355
635 167
678 179
590 67
436 600
63 468
149 257
541 291
112 257
285 448
658 536
643 636
50 180
581 56
462 540
656 322
215 596
4 24
13 639
235 630
66 82
350 279
389 517
17 350
526 161
83 473
697 446
584 122
347 660
629 398
342 396
378 143
28 273
516 257
311 651
574 620
690 349
652 419
3 175
51 528
583 109
357 270
78 337
144 622
232 493
284 135
586 626
283 88
39 128
422 514
67 590
519 88
233 338
515 461
434 111
654 367
419 563
641 29
650 171
501 310
42 287
465 93
531 580
23 14
430 65
208 326
221 678
27 181
664 592
611 571
682 504
501 22
618 130
456 263
612 520
146 123
457 0
226 280
123 660
26 128
648 337
631 117
534 290
488 35
429 148
267 692
17 281
697 165
694 222
98 692
403 306
230 72
77 37
434 32
18 396
686 170
377 118
270 189
96 491
64 35
422 608
298 460
591 557
166 337
578 390
128 78
537 540
69 540
311 415
172 173
673 449
697 382
269 66
532 446
583 464
14 29
68 495
29 189
691 352
124 4
398 499
473 355
49 348
594 375
549 112
450 193
84 393
696 244
644 205
443 469
590 252
289 234
257 5
268 522
475 523
308 240
217 507
278 147
604 434
240 422
167 359
11 488
628 49
121 342
173 162
340 104
481 348
436 646
674 149
662 691
91 282
148 593
491 75
1 530
157 519
287 487
565 338
679 283
321 274
352 666
12 244
289 67
114 555
67 648
429 567
290 60
358 233
315 409
375 555
511 97
630 159
98 196
190 231
608 88
670 39
443 470
102 399
207 327
7 562
235 696
136 56
468 617
497 686
615 223
685 487
226 49
92 611
433 280
247 221
212 361
288 256
227 588
362 91
586 399
407 531
467 129
232 225
228 132
638 531
671 207
341 579
414 503
584 302
308 138
567 434
107 135
396 655
123 422
31 310
323 255
627 110
193 519
301 35
191 389
89 295
129 86
158 481
566 574
540 112
528 267
13 317
693 389
33 324
174 661
535 239
267 223
314 434
216 597
87 260
657 374
420 311
78 111
641 332
530 157
699 680
445 307
335 494
85 569
133 510
214 16
468 414
341 292
61 17
173 439
554 185
27 654
242 46
436 492
47 544
41 638
118 117
670 324
467 557
67 623
286 73
200 372
574 324
43 367
176 137
326 164
418 667
374 345
541 422
86 434
441 274
15 71
693 51
230 348
634 348
611 383
337 662
632 431
685 80
159 38
440 671
70 440
600 543
672 456
108 12
384 464
371 78
191 99
618 139
82 506
546 466
384 573
446 377
627 453
60 566
586 342
153 360
430 266
117 427
478 254
411 167
588 581
40 517
371 607
439 594
404 324
466 603
260 551
242 375
330 81
647 104
60 445
190 558
535 612
679 321
44 175
541 5
215 343
667 465
577 85
38 352
248 658
28 140
96 253
8 256
264 693
565 331
387 239
425 94
303 80
58 18
237 310
95 648
317 477
217 652
399 132
91 234
679 208
397 605
248 512
324 9
98 521
478 617
151 681
231 101
486 269
411 436
46 580
195 389
458 375
68 616
567 190
301 589
658 377
503 147
386 510
152 680
662 192
3 551
280 614
259 605
351 243
12 56
648 138
9 24
165 88
110 440
69 75
22 377
227 170
365 386
349 87
294 151
311 250
611 549
512 314
85 550
346 547
631 140
581 651
505 447
74 542
157 380
48 130
534 361
7 368
378 402
494 233
169 26
29 145
501 8
563 699
166 365
698 646
261 265
477 241
581 365
23 638
198 458
462 512
60 563
471 187
542 364
17 395
667 280
651 492
489 497
125 484
560 250
284 124
524 209
664 561
356 653
501 274
58 581
53 134
203 546
627 345
87 389
199 214
542 596
326 440
454 456
430 520
333 138
334 104
106 251
438 275
594 605
180 54
504 476
228 669
369 198
543 380
448 166
149 618
465 374
174 65
435 318
637 188
299 382
116 308
90 461
363 217
640 291
338 181
229 148
645 95
463 353
494 5
34 538
288 220
90 102
7 296
585 136
637 321
365 19
282 277
290 115
329 21
25 301
653 572
611 662
64 666
246 166
34 199
334 1
280 250
21 81
32 62
280 401
459 528
185 564
326 583
417 665
186 404
371 25
60 525
192 257
104 362
485 106
383 633
229 397
694 269
40 663
452 557
157 131
11 100
638 660
393 65
529 531
407 642
343 96
174 549
462 165
265 253
461 644
142 182
6 148
268 502
513 505
96 0
533 283
333 25
418 522
150 94
619 262
618 525
129 434
518 625
72 6
439 107
108 554
241 44
245 603
644 668
604 465
509 9
304 575
102 216
549 197
159 282
474 425
411 545
75 184
149 122
325 655
539 160
579 668
596 651
27 185
52 90
645 489
345 484
339 645
436 166
284 235
678 258
563 425
166 18
20 216
688 50
5 503
138 330
653 334
685 690
0 286
411 210
325 657
391 480
46 151
676 516
291 217
693 65
217 2
120 193
28 510
3 340
596 688
685 39
214 561
40 637
7 550
490 518
113 154
649 347
401 323
367 504
698 259
358 686
697 573
146 685
307 321
616 439
671 623
69 267
194 208
94 445
302 435
125 487
646 548
607 540
188 332
687 548
102 337
82 447
153 684
438 136
600 143
34 277
604 416
361 475
525 259
521 663
143 437
86 665
363 40
451 579
601 247
593 376
430 306
215 168
78 151
576 630
124 67
312 4
114 658
25 478
374 444
389 310
398 608
68 401
271 515
600 392
396 414
599 153
196 32
506 675
674 299
267 340
104 680
283 365
115 697
70 370
447 22
425 242
396 189
436 183
67 303
160 612
512 353
78 459
383 572
646 240
266 687
33 110
444 451
223 69
632 532
421 81
381 91
514 597
645 297
246 556
338 404
99 65
670 177
689 621
42 419
94 142
324 346
473 24
31 329
353 581
200 94
658 520
254 555
477 36
500 125
266 225
230 23
3 387
534 353
572 565
31 314
571 386
618 110
266 651
102 559
