700 4181 2100
19 19 14 11 8 25 23 22 5 18 9 10 17 8 20 15 22 24 19 6 10 25 6 21 10 17 8 24 18 14 20 9 11 21 8 24 12 19 11 25 10 21 17 18 21 13 7 13 9 19 25 24 23 13 17 25 16 20 13 10 5 6 24 25 24 10 10 7 5 5 11 24 11 20 5 16 13 6 21 23 9 16 15 23 17 13 7 10 5 15 23 5 18 15 25 8 24 6 8 12 8 13 11 21 14 6 9 6 25 5 6 22 12 6 16 13 8 9 13 7 7 11 15 18 5 20 13 17 6 10 13 9 23 11 18 16 17 8 15 23 15 9 20 14 16 13 6 7 10 11 23 18 22 23 8 21 6 23 19 8 20 20 13 20 14 22 18 22 21 5 11 9 15 13 18 16 24 22 11 17 8 20 21 13 25 10 19 9 17 24 25 22 24 18 23 16 23 21 6 20 17 19 6 13 16 16 22 14 17 24 20 12 21 16 7 11 5 15 10 11 9 10 15 19 11 17 23 15 11 17 14 16 16 14 8 6 13 24 17 7 20 20 11 18 17 7 22 17 6 19 15 13 11 20 12 5 18 13 15 25 6 22 24 9 11 5 14 15 5 19 20 11 14 7 21 5 16 12 6 25 12 14 20 14 7 6 13 10 10 23 23 11 12 10 15 16 14 20 14 21 17 9 24 18 9 10 5 24 6 16 19 14 19 11 5 8 5 5 10 18 8 10 11 17 11 24 11 22 16 8 12 23 18 6 8 17 5 12 11 25 15 25 24 14 18 23 15 23 22 20 5 10 20 8 9 20 25 22 10 8 12 5 8 13 9 20 21 6 6 18 9 19 18 23 16 10 23 8 14 5 10 22 21 8 22 15 5 25 6 5 8 12 18 8 11 25 11 14 21 11 8 16 13 25 23 9 6 14 19 13 5 19 10 8 8 12 7 7 11 16 25 12 15 16 9 13 17 11 20 19 19 12 25 5 18 18 21 22 8 6 19 24 17 10 20 16 12 19 22 18 17 11 5 18 6 10 13 25 8 18 14 12 17 18 18 23 9 25 10 17 16 18 13 15 21 5 7 12 11 22 10 13 25 24 7 21 8 7 7 24 18 8 22 20 11 23 9 14 24 7 14 16 5 16 17 21 15 13 24 15 13 22 13 19 25 23 9 17 8 25 14 22 18 19 14 24 8 13 8 8 15 12 6 12 8 12 8 21 18 8 9 19 17 14 5 25 25 13 17 6 7 22 24 15 20 11 17 12 15 17 22 18 5 14 6 20 18 5 15 19 8 18 22 8 13 10 19 15 18 25 23 9 12 17 13 13 5 11 13 19 24 16 12 10 10 8 15 14 5 13 15 10 15 24 19 23 5 10 16 20 25 6 17 18 10 8 12 18 15 23 14 19 23 23 11 9 25 9 11 5 24 12 20 20 15 22 13 12 24 7 13 10 8 19 14 16 15 25 11 23 25 7 24 19 18 25 6 5 16 25 24 11 9 7 10 12 13 14 23 12 20 7 6 16 24 16 12 8 19 8 24 14 7 7 6 11 7 16 8 24 17 12 21 11 15 7 7 15 18 22
3 14 3 18 8 16 12 19 9 15 10 12 16 14 5 5 20 19 8 19 10 4 7 8 10 7 17 6 19 19 12 17 13 19 19 10 7 18 16 14 15 3 4 15 15 19 6 5 5 19 7 12 5 10 10 15 13 11 10 10 15 5 8 19 7 8 10 12 5 3 7 3 15 5 6 18 5 14 5 4 11 7 9 17 5 4 3 19 10 5 10 17 19 6 10 6 18 13 14 7 20 10 5 18 11 9 8 4 3 19 20 11 16 9 6 5 15 9 18 11 17 4 4 5 15 17 20 9 12 9 11 7 20 11 16 16 7 4 10 17 10 3 9 16 17 10 6 10 19 14 10 19 19 20 5 16 14 10 19 20 12 6 9 12 7 14 15 10 18 3 7 4 3 7 7 14 19 8 10 10 9 8 3 13 18 19 14 4 18 12 18 14 3 19 7 13 18 9 20 7 9 20 16 3 14 8 4 9 14 18 13 16 15 9 6 17 12 10 15 15 11 7 15 6 12 4 9 6 16 3 16 13 17 12 8 3 6 18 12 14 17 9 3 14 11 4 4 9 3 11 14 19 8 18 4 15 14 14 14 9 19 10 11 7 15 4 11 6 13 18 15 19 19 13 14 18 20 5 13 19 20 15 16 15 14 5 15 11 14 9 3 14 13 5 18 17 6 10 13 10 17 8 7 4 6 16 3 14 12 4 6 10 4 6 18 17 11 15 9 19 11 4 19 17 12 19 9 9 5 6 18 15 6 15 14 18 20 15 6 17 13 6 18 6 5 3 20 8 12 15 6 18 8 10 4 4 18 11 12 3 20 10 15 19 4 8 18 5 9 5 12 18 10 16 16 18 16 6 11 3 7 7 6 7 11 9 4 10 5 8 7 17 20 12 19 12 19 18 17 12 16 8 11 8 9 20 7 10 9 17 14 3 4 19 12 20 17 7 6 7 6 14 9 4 8 20 17 12 6 15 8 10 7 11 6 15 16 7 7 17 3 18 10 19 15 8 12 5 6 5 11 18 3 13 20 4 11 3 8 11 7 16 6 6 10 18 17 5 6 4 6 19 7 10 19 8 4 16 20 5 11 12 12 18 13 8 20 19 17 20 11 11 16 17 7 11 15 12 3 18 16 20 16 19 7 4 6 15 5 12 17 13 6 8 9 12 20 7 20 9 8 7 18 9 12 11 7 7 16 8 15 15 4 18 16 18 12 15 14 3 16 11 14 20 3 9 14 14 19 16 12 11 5 7 9 8 7 6 5 19 14 14 3 16 7 4 18 17 12 10 8 14 18 15 12 3 4 3 13 8 9 8 9 14 9 6 12 9 11 17 17 7 12 11 10 6 20 14 20 9 16 15 4 18 14 10 20 9 19 16 9 9 20 19 14 4 18 17 14 3 18 12 8 8 3 14 12 19 10 17 7 5 20 4 19 18 19 10 7 20 12 9 13 17 6 15 8 13 5 12 17 7 9 7 10 12 18 4 19 10 19 10 3 5 12 19 17 13 9 4 15 12 19 6 11 5 12 20 17 15 4 6 12 17 14 3 16 8 7 10 3 10 9 5 15 19 6 16 11 16
232 61
685 293
461 279
31 362
403 270
45 475
140 50
657 486
569 415
359 135
173 523
110 277
66 0
343 83
392 265
430 301
409 19
637 4
476 348
125 57
609 62
430 36
681 335
125 102
69 353
455 429
642 124
510 476
567 271
326 137
94 38
574 410
534 486
269 294
573 260
539 464
604 693
167 356
647 65
88 630
80 440
289 442
481 452
581 426
492 307
567 599
554 92
523 444
644 356
517 369
305 525
68 484
122 670
468 541
137 154
87 385
620 31
131 310
498 95
434 257
217 558
506 353
435 160
267 428
265 109
579 655
190 337
399 687
399 146
500 128
670 14
436 123
455 112
92 651
279 89
104 338
137 440
35 273
235 527
186 43
426 347
679 226
474 368
678 300
546 445
143 112
321 44
139 201
66 662
629 182
632 103
434 166
420 203
274 356
670 423
274 29
52 581
524 74
182 488
40 375
259 470
213 192
340 601
106 587
499 494
468 166
321 173
108 34
245 51
391 365
36 543
358 276
334 441
524 149
279 539
357 661
229 20
319 92
509 511
632 481
383 426
490 406
273 655
625 652
376 549
656 41
282 406
23 349
15 102
635 61
133 136
300 375
559 165
33 168
425 580
110 255
612 641
401 221
409 34
68 593
443 538
614 120
415 689
392 52
175 82
334 532
345 171
425 300
7 639
331 10
688 526
549 57
129 49
175 559
591 367
228 86
373 602
635 70
371 572
311 562
330 182
646 66
245 71
527 615
477 39
395 229
628 330
666 446
418 682
361 501
507 197
302 455
579 667
480 440
319 218
663 385
652 113
149 695
661 193
167 281
292 636
417 521
557 531
325 40
252 660
397 248
101 667
592 666
579 142
697 166
467 164
186 674
304 277
225 215
76 244
505 6
434 489
617 542
125 465
616 312
358 598
162 277
528 688
346 694
5 1
304 300
143 137
332 372
29 128
514 334
618 140
33 15
399 131
326 561
594 46
366 588
538 423
337 204
290 60
518 128
496 384
8 436
507 364
256 480
262 319
172 582
526 454
592 376
554 647
300 689
388 452
202 286
698 79
75 472
233 262
697 490
515 442
384 193
661 376
300 185
299 246
660 557
529 676
230 550
621 343
24 581
122 511
598 217
108 41
431 124
31 502
526 50
199 524
219 354
280 528
578 493
38 387
307 594
676 85
387 50
563 392
69 100
276 341
78 643
489 460
327 152
56 15
254 388
265 571
204 431
549 255
656 468
625 536
113 614
176 578
550 607
596 292
213 516
670 477
236 664
308 274
542 300
679 474
506 486
493 688
219 148
263 397
577 553
412 234
245 463
430 52
341 39
132 420
466 17
506 198
172 363
323 362
675 488
517 693
559 13
600 173
341 327
294 255
83 632
578 587
169 615
127 387
275 191
81 492
486 694
502 588
434 533
282 148
567 61
288 252
530 570
433 580
151 158
391 206
14 392
335 278
31 590
675 682
263 526
66 614
613 165
592 130
658 646
250 537
637 297
531 556
236 412
477 440
172 216
67 698
153 196
528 412
27 283
473 557
128 45
496 479
508 325
587 215
5 393
219 541
545 11
247 664
252 470
502 435
228 349
544 189
638 556
697 568
228 684
594 267
376 483
642 480
525 41
676 426
602 396
510 502
612 275
462 82
117 331
159 127
641 410
246 402
185 269
242 97
232 433
595 10
687 524
605 26
128 658
579 428
573 388
248 667
412 399
629 698
138 120
240 628
186 423
544 683
671 350
214 624
600 321
345 518
530 399
315 356
648 577
102 696
375 28
354 644
665 143
503 399
661 86
527 35
415 438
481 81
240 218
618 325
111 699
629 495
130 689
1 127
339 532
296 650
263 430
196 670
144 275
606 540
476 70
69 305
523 153
120 79
210 584
323 633
41 645
393 123
643 238
407 109
106 196
506 119
389 277
642 110
471 101
531 63
345 460
53 212
107 169
361 143
235 650
472 669
535 397
256 490
363 282
623 226
34 281
367 421
317 364
102 357
602 586
288 685
440 692
438 243
568 80
28 546
650 369
437 665
403 65
445 475
459 385
375 476
181 31
350 674
199 92
79 114
519 445
177 95
690 410
609 684
163 134
207 212
84 203
220 213
450 320
465 180
117 308
588 639
495 655
637 105
278 539
201 185
131 320
116 203
333 40
599 144
606 506
311 556
646 276
282 168
673 223
135 426
580 467
16 100
377 677
353 130
11 187
415 309
623 666
255 599
233 88
245 683
337 286
228 14
309 262
590 354
100 302
58 514
194 672
498 408
504 272
154 546
204 294
15 669
403 663
348 1
405 525
472 495
515 197
531 251
157 438
65 594
613 173
255 480
499 665
232 222
491 552
410 32
617 695
267 122
336 88
214 53
611 657
422 221
5 375
690 374
606 253
388 501
175 93
128 242
479 558
158 291
45 489
503 127
334 333
654 352
596 325
674 1
459 353
79 495
576 411
422 35
135 348
408 267
266 274
481 694
212 16
601 95
577 391
426 72
227 628
210 259
518 146
573 618
495 443
279 169
188 605
62 427
320 656
439 641
289 59
589 480
209 528
627 80
383 202
515 625
540 23
88 473
286 692
217 444
272 471
475 666
77 476
373 14
241 310
406 601
361 166
625 45
538 131
416 452
59 599
168 541
575 171
72 591
173 288
240 397
617 514
661 258
582 377
536 548
110 417
543 455
354 307
145 398
189 247
247 690
322 48
450 656
679 151
385 310
498 131
590 18
169 591
97 658
568 248
361 368
577 629
13 647
137 307
175 411
654 217
10 168
564 116
380 422
335 329
4 620
453 34
610 285
211 478
449 392
118 130
625 415
266 444
501 565
158 635
390 229
564 478
289 31
44 539
178 329
625 416
137 605
569 75
82 59
536 366
545 381
698 448
136 653
435 200
413 631
582 514
19 143
102 33
511 679
503 242
675 339
571 213
557 136
207 681
110 628
682 146
512 236
464 22
654 227
407 559
690 162
372 480
226 493
651 536
105 32
573 584
448 636
257 331
539 155
433 560
550 369
637 38
202 173
483 211
421 621
146 554
339 191
379 568
50 215
684 669
402 612
296 10
408 187
12 293
51 273
266 259
579 300
287 267
67 161
583 30
79 127
248 356
279 652
90 571
345 507
265 117
104 681
82 698
199 671
131 209
426 410
105 510
37 228
343 284
24 461
244 232
472 10
674 580
109 71
521 155
630 623
136 448
534 11
267 271
600 79
657 167
692 484
504 689
16 628
645 175
644 478
169 327
140 129
371 61
524 340
11 536
95 406
376 526
371 528
333 104
413 565
625 596
686 465
634 303
140 278
85 676
19 589
22 537
686 158
404 650
64 510
468 610
20 697
495 660
145 58
130 316
262 223
659 695
141 626
657 628
229 95
219 144
20 135
657 647
33 86
615 42
332 144
608 268
397 489
447 598
496 662
214 289
635 247
611 161
446 175
601 429
533 460
435 614
532 60
373 177
445 379
162 115
256 296
262 605
480 5
495 597
426 277
426 30
631 356
155 388
143 357
68 420
27 238
264 62
316 588
545 224
398 443
643 559
100 649
532 618
238 597
570 212
581 33
383 125
399 364
474 419
629 336
37 613
489 309
286 657
569 514
559 525
373 627
329 282
573 676
477 18
539 551
597 313
13 362
158 265
619 509
313 437
294 300
394 662
20 159
213 224
424 691
138 431
411 341
147 263
551 318
686 552
471 340
503 434
583 41
328 152
200 577
256 80
359 384
515 404
7 624
655 19
167 285
338 218
594 3
203 22
108 314
211 347
388 607
656 497
556 119
305 614
477 646
412 30
595 191
645 250
76 164
288 59
316 556
275 391
263 451
259 409
656 570
134 302
98 437
171 355
43 273
611 488
364 533
670 119
686 678
69 698
410 494
618 247
481 559
642 166
543 691
207 246
425 240
138 162
5 107
393 328
374 160
643 431
313 413
189 308
305 189
49 278
469 476
71 630
559 572
616 29
56 151
351 691
576 603
424 531
692 377
3 557
92 665
201 590
4 58
612 568
681 220
147 262
33 452
225 62
672 94
454 170
99 375
462 274
534 62
523 475
451 145
237 291
134 5
532 507
453 164
322 683
343 567
628 394
57 339
410 176
96 581
122 202
30 150
642 489
478 22
432 530
553 482
295 442
326 579
236 603
373 33
437 688
404 567
482 698
513 94
248 618
235 549
555 362
340 339
63 278
64 496
343 529
51 32
407 433
130 434
360 299
398 138
266 319
490 245
658 106
623 116
532 379
650 307
683 645
373 242
356 350
325 328
109 437
186 671
166 30
18 356
585 560
514 596
208 209
433 612
27 302
669 225
272 665
584 273
135 79
678 373
97 661
568 324
387 35
386 354
70 342
247 408
634 56
504 103
616 619
250 349
219 294
531 104
666 459
611 670
589 644
407 382
325 655
563 370
129 88
414 380
102 274
321 328
251 179
215 106
662 364
364 375
307 45
99 448
158 465
41 687
624 313
246 248
573 147
689 396
25 658
157 402
535 137
130 251
234 186
438 120
122 658
445 203
588 606
9 110
444 462
88 22
10 275
329 175
309 210
54 229
312 478
655 124
691 653
13 209
370 403
0 222
237 606
654 98
682 551
119 655
278 255
12 398
108 553
282 30
330 645
294 124
452 365
438 136
649 354
585 587
515 407
234 259
236 300
144 552
84 250
450 365
323 579
694 611
671 492
431 533
71 349
420 20
133 274
469 568
441 27
142 657
262 328
653 297
687 243
196 261
316 546
330 382
58 153
225 168
467 287
204 335
69 476
596 221
531 539
399 214
79 67
408 87
395 239
296 201
575 626
635 223
53 640
613 620
362 401
447 275
117 115
683 238
406 473
342 499
398 411
630 240
218 597
333 48
87 59
441 590
580 102
668 478
97 364
547 234
536 117
178 58
99 322
214 610
629 393
416 382
437 318
576 464
146 152
470 371
425 314
68 229
182 440
654 70
222 142
418 200
552 683
290 231
450 267
640 582
164 494
30 38
7 362
160 122
9 96
672 162
285 22
139 7
185 433
497 81
535 464
364 396
211 372
110 203
361 688
504 208
279 283
610 54
312 114
279 165
152 243
268 414
198 74
335 38
152 126
124 146
672 423
282 350
564 672
327 296
131 327
545 89
676 436
502 186
121 378
525 159
427 474
620 437
667 576
194 188
258 203
255 615
147 364
645 249
76 346
485 512
582 172
67 469
632 31
508 518
32 674
536 617
624 619
490 232
618 268
695 88
21 214
334 28
568 681
48 183
268 599
163 461
184 391
193 111
245 198
516 228
657 614
174 302
397 121
623 451
512 423
146 188
114 309
248 592
159 427
234 129
181 163
524 51
11 632
576 372
616 650
124 263
378 267
334 523
512 637
313 569
130 381
657 581
574 119
311 450
342 449
603 301
684 2
43 435
338 665
131 198
215 57
348 385
418 399
420 397
15 228
20 574
97 271
285 40
47 126
490 23
107 676
105 47
418 237
25 323
83 695
208 498
475 597
156 3
605 572
163 110
499 201
147 173
402 531
41 660
313 45
407 27
65 334
646 65
537 425
538 31
619 269
37 21
333 310
121 58
647 38
37 125
463 578
691 523
628 497
460 687
416 169
42 147
227 140
617 122
561 125
476 61
310 295
181 120
260 487
689 669
274 92
76 349
10 591
504 614
497 540
28 7
458 664
107 76
227 417
354 348
87 614
405 104
320 395
364 466
199 420
257 200
27 361
505 24
299 13
629 175
324 661
104 136
447 90
674 446
430 364
661 324
392 95
342 471
22 202
615 225
244 1
670 293
41 141
257 551
404 181
501 167
402 683
269 631
490 366
571 477
425 515
381 1
331 652
455 257
422 140
425 481
511 228
25 319
221 80
125 81
220 95
684 95
272 226
398 65
408 415
38 406
7 200
644 375
12 643
328 71
330 400
592 313
182 441
41 442
682 501
47 54
288 402
279 351
463 198
185 527
21 425
390 486
96 462
683 399
427 624
447 590
40 84
562 215
568 95
161 540
612 617
83 34
193 216
35 584
445 216
561 73
304 150
528 128
224 337
645 218
223 619
8 424
600 165
667 335
40 301
580 496
544 213
236 216
501 244
143 417
411 305
255 387
39 653
566 59
42 547
406 87
436 636
300 41
334 104
62 506
254 556
340 620
105 72
221 586
309 535
42 132
613 259
293 109
273 231
17 142
504 456
698 684
687 240
225 573
352 156
486 128
358 361
635 626
478 547
639 185
266 358
484 204
199 254
568 221
1 511
126 357
297 294
556 622
86 198
327 317
410 422
196 21
475 164
259 500
593 380
281 261
264 485
337 296
20 422
475 586
689 538
260 576
375 74
18 63
431 500
277 661
393 213
200 600
261 339
383 484
150 328
543 328
181 236
140 175
201 640
457 65
540 653
184 311
608 340
461 129
243 548
500 592
647 95
3 430
263 99
491 674
578 462
374 453
565 172
634 166
215 508
459 64
364 196
573 636
312 174
329 156
534 325
397 444
630 313
164 112
391 171
64 405
521 387
415 490
623 156
441 293
112 273
151 414
546 521
112 24
44 184
149 105
348 575
653 619
211 680
166 389
446 271
485 609
375 390
16 387
378 487
293 208
516 612
57 168
351 376
209 516
254 167
245 267
327 467
501 219
182 651
348 405
287 561
318 694
536 287
268 686
104 360
528 272
648 449
232 647
16 509
157 67
32 689
476 499
303 152
383 696
444 509
409 433
381 530
385 106
691 521
438 599
559 433
422 286
236 655
607 298
144 162
489 517
558 476
396 330
379 238
482 565
468 497
18 351
214 551
151 168
579 417
165 199
78 304
128 152
148 92
349 29
294 313
261 104
242 682
497 290
457 421
5 121
628 225
241 96
640 118
226 125
216 670
503 270
364 107
437 204
477 582
40 307
617 458
694 31
369 163
432 511
206 680
147 477
628 322
627 372
234 452
373 589
199 196
680 419
348 290
648 201
543 378
152 117
263 628
636 184
118 34
179 634
584 625
2 253
272 240
51 55
104 468
458 247
517 440
394 239
383 524
119 612
528 289
528 70
16 596
41 321
561 212
28 159
59 482
349 327
476 536
269 465
634 647
119 234
224 634
501 20
675 469
431 566
235 373
188 693
47 138
530 82
0 83
264 436
366 395
163 695
83 556
478 243
697 291
575 87
171 112
557 318
595 410
433 413
222 4
88 253
367 248
488 405
47 192
604 388
305 263
505 121
565 433
699 625
651 274
273 386
638 397
260 403
678 346
682 600
668 675
445 391
363 208
420 444
116 27
390 352
232 216
263 311
316 427
635 251
333 182
164 175
573 276
446 381
380 478
420 111
386 290
230 88
262 629
207 578
377 430
81 420
376 56
470 369
60 411
274 630
106 162
216 371
390 211
160 453
11 182
665 697
269 86
73 540
125 328
9 255
71 309
27 381
126 316
583 334
588 286
477 656
99 221
118 591
187 17
602 540
412 501
537 600
376 135
457 434
160 350
325 532
483 314
569 253
11 107
635 155
635 341
270 412
256 540
307 496
253 591
470 564
281 687
532 382
422 593
158 238
310 480
537 233
628 367
150 435
610 528
650 335
457 91
539 434
124 346
69 257
653 387
387 440
186 164
548 70
23 98
134 104
237 571
678 640
485 665
177 612
151 175
53 252
670 211
46 518
516 655
30 608
304 339
86 125
605 330
375 216
224 193
35 0
437 170
297 357
418 555
144 620
32 109
540 604
21 555
346 6
65 79
429 463
691 353
225 73
538 38
241 68
379 63
158 541
158 637
278 443
414 333
183 595
270 5
131 268
165 92
529 56
654 657
342 426
447 424
402 249
287 230
515 155
126 107
144 47
530 96
93 565
134 563
527 351
108 674
103 547
147 311
360 207
48 17
314 666
163 331
319 603
330 60
413 177
33 132
576 480
647 488
559 348
418 27
655 74
621 76
102 449
98 603
217 660
67 691
415 257
353 567
236 365
549 471
595 147
181 446
333 681
73 336
30 455
43 484
39 656
627 616
175 385
641 328
73 290
533 402
435 191
479 351
299 693
184 549
173 561
345 321
519 153
298 442
669 383
435 601
419 253
373 560
529 679
4 315
67 610
182 328
97 8
417 4
342 120
180 389
186 182
482 468
512 83
296 388
34 394
295 69
324 652
75 257
73 377
348 489
692 315
90 382
59 121
564 6
344 355
580 559
299 635
640 353
175 76
158 408
546 441
11 440
597 680
503 527
642 610
480 438
74 407
337 283
281 236
236 364
580 585
522 341
31 403
339 231
630 609
152 495
647 587
549 218
489 162
214 4
280 199
398 481
97 242
189 64
16 37
292 638
186 578
91 623
698 393
372 370
294 486
202 36
16 217
486 458
362 139
576 568
621 145
501 559
293 112
26 685
688 338
308 275
646 656
581 676
444 408
387 472
583 82
504 191
350 5
694 145
563 2
500 279
379 106
352 273
172 523
353 269
358 116
141 387
226 640
364 276
361 638
452 639
130 266
5 538
552 636
259 263
93 37
671 308
646 346
614 252
129 488
81 110
16 618
62 485
599 697
123 239
156 463
507 388
103 289
373 379
690 407
141 359
201 467
446 537
627 12
229 594
276 491
287 3
166 197
470 191
109 264
397 498
241 660
57 151
172 168
361 463
178 688
558 366
17 269
435 668
541 130
361 460
390 7
526 25
33 331
367 676
145 83
265 219
107 8
164 139
262 362
306 179
486 99
144 363
430 338
391 25
236 259
203 35
258 205
296 495
628 635
681 324
630 371
528 98
116 407
30 664
89 648
133 39
226 132
433 584
384 136
484 385
283 335
603 658
530 351
666 60
197 379
608 163
423 434
82 687
458 278
110 499
286 243
401 309
106 491
326 176
488 120
606 294
612 648
383 328
661 307
489 647
238 136
259 283
249 73
534 77
527 232
576 212
169 320
165 457
214 251
552 364
579 376
263 49
209 289
674 222
131 67
161 635
81 553
680 51
447 59
581 502
386 640
161 655
61 420
167 483
349 178
62 617
72 503
158 457
167 93
27 47
301 97
370 37
84 432
500 567
327 250
292 165
239 578
585 197
660 317
67 124
81 456
412 657
465 564
314 339
100 189
525 329
526 105
485 628
601 114
201 202
328 53
550 345
312 684
378 10
308 521
272 575
252 346
415 432
514 247
380 280
57 380
413 319
498 304
34 592
536 687
317 16
600 16
527 285
88 317
648 613
332 664
490 127
383 37
305 136
648 420
123 116
406 407
211 337
513 366
687 169
134 167
146 232
689 91
266 140
484 228
651 403
357 361
14 573
88 595
439 487
264 430
282 395
320 420
597 68
442 319
91 193
101 666
82 454
537 318
495 233
32 382
451 499
215 224
360 556
168 662
159 564
110 569
491 604
599 100
173 399
192 405
39 284
298 366
679 563
380 125
391 531
679 345
695 137
345 251
456 302
15 620
412 120
37 71
314 343
462 522
415 100
298 668
321 554
601 466
46 541
488 403
543 257
568 323
418 225
320 254
396 129
98 496
181 631
17 345
525 1
63 518
342 61
618 348
641 383
674 536
514 18
376 287
306 126
439 465
451 220
599 632
588 331
599 270
154 396
118 378
507 236
555 1
316 63
291 32
362 612
572 684
255 37
373 472
653 671
481 460
65 580
501 518
417 518
696 219
158 351
199 462
50 503
106 523
314 43
658 361
686 597
573 693
177 110
241 643
351 409
613 237
613 593
259 680
625 564
363 449
216 190
666 693
468 80
495 177
637 151
547 512
182 33
238 608
217 662
187 128
386 395
79 663
265 281
228 239
542 53
553 159
342 45
88 563
543 641
388 493
171 40
186 23
311 152
33 371
284 282
596 203
185 435
256 313
28 592
18 194
366 532
409 227
184 225
239 518
547 660
240 35
37 170
352 137
331 523
532 232
600 275
275 492
57 328
637 236
491 349
430 33
122 393
657 73
554 289
626 16
368 138
58 84
560 430
392 281
134 347
99 393
328 105
495 343
362 97
275 124
561 174
117 633
382 15
519 619
38 164
653 169
194 499
252 293
386 632
207 117
430 548
333 129
194 357
124 107
427 272
332 10
678 290
15 471
482 640
124 160
2 235
493 51
80 186
51 598
422 330
415 95
195 122
664 644
45 646
231 221
231 92
549 445
393 333
128 358
349 361
484 255
104 347
77 9
596 533
333 260
394 131
652 172
231 74
80 217
371 195
507 46
442 484
44 618
334 372
124 162
288 286
402 150
418 591
644 492
1 644
563 637
659 98
643 535
406 40
434 424
298 336
148 458
282 673
263 40
289 297
106 683
638 623
351 3
338 322
396 298
364 122
370 196
514 193
94 261
13 189
657 652
648 86
516 626
606 6
360 618
403 306
682 38
690 585
245 282
94 15
470 511
398 286
58 384
445 283
197 421
574 429
615 34
693 649
293 16
12 93
399 45
520 386
43 227
616 485
48 146
424 7
336 80
565 671
536 360
461 269
372 221
665 191
323 549
544 555
459 260
418 68
28 492
392 482
586 35
333 13
136 471
383 65
372 0
315 62
463 33
84 259
693 500
323 523
311 393
359 515
497 558
555 129
521 493
66 607
342 237
697 655
414 260
155 699
433 258
215 593
577 526
220 563
549 514
679 477
535 575
537 256
33 418
145 190
692 202
248 525
558 369
225 203
228 601
220 222
221 665
153 103
447 48
342 556
577 507
62 497
587 27
276 225
324 447
667 8
265 444
252 469
642 97
699 97
653 486
356 409
630 30
322 255
397 166
446 324
609 229
274 149
90 296
561 398
37 367
248 223
232 282
549 560
311 207
335 550
88 694
592 318
312 639
322 191
406 573
50 68
292 527
294 10
72 253
310 64
73 556
31 320
168 399
325 144
554 634
380 93
257 315
312 512
303 73
86 537
158 538
9 553
201 156
149 171
159 182
593 308
214 506
540 576
216 494
399 63
64 366
362 300
485 579
70 645
428 638
437 17
103 363
235 556
556 615
43 556
124 273
86 576
313 259
392 157
541 592
304 4
223 655
460 40
468 279
627 666
337 176
1 669
29 52
369 528
189 295
290 104
79 374
540 44
557 120
216 524
23 335
608 210
608 536
482 229
628 413
45 465
58 589
437 616
250 353
595 413
543 308
488 494
367 331
263 468
401 547
184 392
535 22
248 338
127 558
407 313
689 506
340 31
375 533
206 257
659 581
103 145
629 220
161 183
384 285
280 78
335 392
612 634
479 380
385 553
287 352
429 14
13 280
65 23
205 69
261 25
81 442
308 157
552 133
459 481
347 699
297 339
470 87
188 272
253 106
9 324
270 574
23 366
416 574
571 432
649 25
332 252
244 661
42 486
286 609
351 33
397 527
245 571
219 90
584 295
272 431
66 476
135 699
289 484
276 204
353 615
219 636
388 573
152 148
582 335
659 355
592 487
661 114
150 611
35 63
188 58
610 354
669 111
493 134
470 500
371 632
475 397
499 10
477 337
622 653
612 2
300 471
664 508
483 583
447 248
56 450
315 402
289 62
593 652
377 166
75 85
34 115
14 214
184 154
71 277
628 661
242 233
71 214
133 497
406 157
319 696
298 200
240 677
207 238
144 639
564 461
623 37
150 519
243 363
456 338
130 605
583 159
161 314
272 31
423 521
640 303
599 243
658 317
193 573
531 364
470 602
608 369
570 116
409 548
657 257
107 671
513 420
260 269
503 382
46 324
180 557
177 361
58 341
594 597
295 483
194 112
358 62
515 382
109 558
293 656
271 100
625 317
216 357
148 227
23 637
226 38
472 674
570 56
30 28
59 6
202 198
476 246
211 586
341 508
229 422
81 195
58 120
581 13
447 24
279 193
415 614
299 486
21 527
376 234
407 191
616 116
696 135
132 354
171 137
326 483
457 118
651 325
62 362
299 406
67 411
505 103
70 678
415 637
69 345
357 143
133 516
115 451
376 644
413 488
693 496
240 447
285 213
491 231
614 432
570 42
298 541
134 188
615 585
73 330
589 278
638 391
436 144
179 589
263 476
132 2
586 599
619 83
293 660
287 174
498 391
354 413
255 140
261 502
512 155
402 341
69 26
609 186
412 623
255 41
72 502
485 637
332 572
430 651
212 463
249 89
367 548
517 500
346 250
13 223
585 573
664 71
576 650
384 361
381 649
505 241
35 341
65 126
471 309
632 437
470 423
281 146
389 41
370 489
128 644
278 507
325 486
6 620
347 219
575 286
85 556
136 80
644 423
667 343
217 595
165 334
116 661
163 628
624 545
298 532
91 112
222 572
91 466
621 0
97 632
533 367
83 688
217 464
528 62
615 423
609 451
455 668
351 8
102 465
213 165
492 137
83 10
222 374
377 71
535 666
511 417
256 123
328 334
7 569
359 322
141 197
137 559
460 535
648 105
26 15
371 448
693 463
489 438
533 435
694 596
662 2
212 61
341 306
644 186
87 188
582 362
553 528
680 473
639 281
546 529
148 594
401 599
425 125
693 457
574 570
298 678
217 337
472 454
222 517
341 300
44 168
523 610
675 384
381 618
309 603
107 154
87 559
477 193
264 443
314 238
37 404
654 57
167 366
263 450
371 38
457 42
467 232
353 619
324 464
295 677
568 474
562 659
654 39
234 695
310 558
338 127
159 24
661 623
399 566
453 285
547 202
665 150
216 239
346 685
578 355
401 438
219 286
56 429
255 87
413 514
423 222
508 461
316 410
213 62
158 505
72 506
213 41
57 97
275 259
250 281
634 504
10 269
151 597
294 604
105 456
15 467
687 290
424 170
280 454
105 172
191 394
24 492
557 439
203 677
173 28
134 244
160 413
221 357
23 548
376 245
29 198
505 517
538 615
650 564
647 466
543 688
654 484
261 148
80 464
691 369
306 571
376 585
103 166
674 177
561 479
135 16
575 65
132 251
597 396
338 427
248 147
8 336
693 499
33 311
664 8
261 394
563 59
558 65
457 415
117 494
374 285
0 383
54 56
596 128
139 98
383 216
524 374
576 179
602 286
397 348
107 127
213 603
602 580
136 133
241 405
328 606
674 263
250 225
691 663
584 362
31 264
464 580
436 316
156 682
288 10
493 572
304 387
678 170
357 1
379 668
171 121
157 637
74 304
233 9
539 396
334 404
86 390
103 679
377 504
486 643
501 355
510 248
395 156
491 459
137 294
373 622
251 485
29 234
432 459
312 353
492 473
521 130
589 680
446 375
51 165
41 263
677 396
253 635
106 254
363 40
28 585
30 622
542 383
31 341
430 300
334 189
572 25
260 278
21 77
681 85
583 158
300 411
459 128
277 102
66 587
24 436
112 624
316 264
246 380
261 50
377 241
622 162
659 559
401 561
416 88
447 563
45 70
67 594
134 223
475 101
142 256
347 318
484 363
19 55
297 523
486 250
80 467
254 545
466 441
54 403
461 620
189 77
424 605
523 472
464 508
402 435
629 517
190 315
106 125
620 335
223 632
126 55
472 530
73 118
453 418
649 176
692 392
403 493
132 95
459 369
342 259
452 33
213 673
496 54
298 631
373 520
179 204
125 654
661 47
90 451
477 40
334 208
459 413
393 180
56 377
456 685
348 153
398 137
693 338
254 420
13 699
396 372
166 338
595 464
398 572
467 694
297 56
277 463
513 599
178 250
282 300
337 32
532 320
192 78
83 630
554 411
383 597
569 11
456 138
632 404
59 466
83 303
577 26
445 642
310 40
43 618
131 423
342 367
409 472
256 101
276 684
545 596
363 311
294 405
19 630
88 649
655 580
628 49
102 49
549 251
111 158
288 514
664 59
198 490
25 427
64 563
260 287
456 496
564 354
326 67
637 430
565 317
345 325
23 324
544 593
91 622
130 306
281 96
167 600
326 494
153 395
617 661
205 93
444 196
585 351
262 326
260 141
670 501
118 521
570 205
475 535
527 566
80 573
683 573
598 354
143 329
354 177
210 305
233 337
627 271
255 610
175 658
610 240
371 166
336 625
421 76
108 624
146 323
640 124
646 485
107 494
391 528
635 644
501 15
242 418
124 425
179 444
239 391
202 330
237 268
624 97
332 108
506 327
295 185
412 71
18 2
685 323
157 36
437 116
161 559
266 98
258 456
88 457
200 44
64 327
695 589
314 18
427 512
650 459
298 160
259 604
623 181
187 362
172 222
72 52
420 76
299 226
663 256
243 542
651 87
392 42
659 116
533 235
689 269
231 214
40 241
240 316
390 61
80 261
77 661
180 162
396 333
196 306
187 168
191 601
557 353
81 189
226 295
398 228
55 218
256 427
520 218
175 388
405 608
521 321
256 627
280 477
693 426
214 619
80 79
460 227
469 353
52 677
149 506
538 671
189 20
29 526
298 506
647 222
29 299
263 404
473 139
572 326
683 45
474 386
28 212
611 59
218 363
529 19
33 121
34 451
402 41
607 553
19 200
620 480
649 332
564 226
209 650
71 376
616 655
653 109
515 106
666 52
595 285
277 200
139 666
323 554
179 205
110 152
520 364
630 283
63 594
600 204
662 3
491 27
371 139
643 644
491 252
533 355
355 546
656 288
83 41
55 450
33 341
56 243
48 662
509 656
487 132
193 334
389 169
501 678
286 426
343 258
367 527
614 537
451 340
307 303
549 105
152 353
249 382
53 597
33 164
599 290
73 79
608 7
568 275
71 241
448 533
24 574
544 76
253 264
115 505
427 71
498 411
100 102
595 85
426 433
134 471
191 236
604 427
116 527
465 223
31 689
196 214
623 118
203 51
200 399
201 351
389 174
246 224
268 284
111 109
288 696
587 591
639 656
617 412
188 191
393 5
343 400
324 643
244 506
394 401
118 613
670 279
191 310
204 437
678 47
144 153
295 51
346 274
694 621
423 657
519 232
649 8
414 188
545 587
81 126
684 364
479 345
194 465
633 189
348 464
679 180
39 210
460 508
446 515
611 178
55 35
246 388
466 380
461 556
439 113
421 301
436 306
25 158
686 22
43 681
444 558
573 666
631 582
107 168
332 73
244 216
442 456
184 676
215 594
442 134
671 22
18 688
4 161
599 340
423 665
503 674
259 522
384 535
309 93
120 216
223 621
27 110
352 350
1 395
642 1
212 216
381 143
295 171
482 300
199 94
305 641
413 652
434 426
248 427
148 330
342 277
209 119
115 596
314 158
642 584
53 422
294 65
288 79
603 154
125 360
14 627
656 86
567 402
579 474
263 574
19 609
637 380
199 687
645 650
364 668
508 495
205 540
625 429
544 692
99 617
463 507
122 72
208 594
12 145
570 400
650 113
144 574
433 284
265 166
678 528
507 542
25 367
569 360
27 119
636 585
275 434
649 17
410 27
45 661
163 19
623 364
246 36
189 307
604 640
515 612
271 27
492 278
478 553
207 655
535 47
320 224
339 72
646 601
3 223
421 246
154 587
286 637
358 79
552 501
282 685
291 276
674 569
478 244
640 404
168 49
272 70
552 341
351 324
477 600
169 209
646 444
564 515
697 488
19 262
526 291
0 241
215 429
3 489
616 617
618 437
59 636
393 68
551 146
256 107
249 109
95 465
178 438
300 418
523 355
536 256
180 638
285 174
473 424
521 84
584 145
574 540
327 345
126 428
413 5
464 154
662 318
246 570
614 71
532 245
323 84
221 460
42 580
1 696
249 92
362 104
417 63
46 439
529 417
175 354
21 193
681 495
508 566
45 56
429 186
88 153
324 127
498 648
285 445
127 692
457 332
618 9
119 122
290 168
346 472
80 84
642 688
634 640
174 173
694 153
635 345
86 561
405 118
105 2
446 93
48 297
517 58
216 613
416 595
245 415
445 311
2 615
316 106
257 458
7 596
123 358
586 626
515 294
576 583
190 185
121 520
443 20
84 133
67 222
624 513
228 478
451 469
445 519
220 300
585 343
116 546
203 104
496 90
483 461
413 556
130 482
192 373
520 696
406 161
384 644
378 561
83 30
349 690
160 555
442 231
386 438
463 645
231 297
190 606
628 271
16 593
387 662
297 165
195 642
220 234
466 214
242 647
518 439
541 596
503 124
531 332
375 272
28 259
582 63
556 334
588 373
523 323
343 183
134 193
438 287
101 198
670 417
585 163
653 602
426 623
588 483
82 493
120 31
336 530
692 265
529 656
125 362
9 431
117 380
621 7
688 605
178 288
450 100
309 585
416 216
150 202
542 294
443 670
262 664
75 571
11 347
33 588
239 610
238 95
70 284
652 519
518 36
691 109
269 589
354 86
84 446
679 567
465 656
509 491
19 35
517 239
312 386
54 284
256 535
55 294
555 25
475 643
127 31
76 541
444 379
158 26
434 323
412 471
340 381
541 537
290 518
7 627
0 137
28 151
34 42
407 229
331 499
372 85
309 687
147 2
193 30
626 397
435 634
39 569
214 406
632 15
455 684
382 410
674 71
430 346
655 654
548 552
3 656
265 86
311 143
369 604
638 600
330 313
422 581
512 495
30 657
216 386
558 587
478 480
231 618
144 656
624 583
498 500
100 424
398 441
588 344
461 278
404 461
299 676
10 169
194 515
547 131
407 693
511 233
289 381
344 689
3 30
13 163
197 262
354 117
603 86
667 359
106 463
521 650
356 621
594 660
269 94
275 322
531 1
237 584
191 409
4 77
411 503
291 633
110 32
241 136
119 679
262 444
330 641
516 635
12 550
13 157
98 698
60 138
541 570
380 543
55 128
151 270
198 626
14 388
514 556
310 570
42 374
639 689
671 543
229 84
670 632
389 199
134 402
565 564
148 297
143 113
6 418
625 473
342 618
286 549
693 597
13 47
662 678
252 260
138 335
569 625
606 4
188 580
87 381
515 447
661 540
538 375
378 27
386 432
385 450
648 188
156 10
407 369
30 367
421 407
597 687
214 139
110 120
82 208
114 569
497 548
223 409
284 405
342 417
490 668
50 466
147 585
405 160
197 235
593 409
680 532
590 305
573 669
604 543
51 694
360 279
90 193
452 421
232 242
516 660
640 34
424 223
354 343
359 197
636 144
296 198
27 310
158 537
282 288
478 122
219 486
521 682
228 431
10 123
553 193
512 583
138 555
650 79
191 461
153 143
398 501
61 189
666 238
577 344
628 337
314 256
340 403
536 9
345 658
566 421
633 582
316 590
431 341
343 116
416 147
284 617
97 1
134 294
559 322
528 662
0 637
602 434
360 240
66 382
419 514
34 685
286 521
462 314
380 152
223 591
312 381
253 417
618 419
603 502
56 267
595 356
540 500
603 499
595 257
607 73
417 425
635 104
16 594
100 389
405 376
658 328
514 272
547 243
236 99
467 148
489 10
26 251
413 430
327 389
511 62
278 50
382 387
237 72
556 473
568 677
71 558
487 287
658 654
452 11
143 688
491 264
139 447
251 16
51 436
584 102
207 172
406 575
583 256
555 212
172 537
642 108
648 456
622 542
188 586
23 118
469 101
153 166
73 28
17 516
191 216
14 215
684 325
121 302
82 337
503 647
356 80
563 189
467 531
618 522
545 376
575 76
209 365
499 686
507 12
81 603
656 442
423 244
688 238
491 396
369 438
118 222
219 645
629 39
467 460
627 396
550 564
238 446
108 614
9 386
415 692
140 622
75 169
251 517
606 579
136 49
76 673
244 133
111 428
568 295
644 41
264 371
114 241
464 530
541 232
322 432
415 170
318 133
115 297
350 425
375 262
692 166
407 77
157 286
474 501
400 445
583 690
541 323
229 662
140 161
382 277
586 490
467 162
82 418
416 409
491 380
681 487
657 516
189 94
603 388
271 19
52 80
2 366
568 600
322 694
140 647
126 594
161 544
226 622
224 292
485 371
98 220
394 638
216 538
649 102
371 363
461 384
377 334
649 696
159 630
37 362
127 202
385 495
463 175
561 540
15 168
228 30
441 155
505 606
267 691
94 610
208 11
108 661
235 362
196 467
441 399
78 486
381 580
660 411
210 4
569 57
673 322
659 381
640 69
1 582
88 531
137 464
259 126
494 368
629 428
685 14
301 277
391 20
677 173
96 627
459 663
159 569
591 336
601 172
625 356
696 445
661 652
6 416
379 697
602 85
529 345
202 379
206 539
673 207
111 222
204 208
558 601
23 348
318 690
648 200
611 428
679 462
208 518
514 80
49 585
572 438
628 236
70 333
94 461
571 474
142 616
358 672
222 292
692 424
206 259
58 466
411 455
241 314
626 524
91 198
118 584
193 647
6 543
323 194
43 232
535 447
260 294
284 171
182 638
164 228
182 96
487 289
175 421
512 698
212 185
138 538
243 654
151 507
156 549
130 535
313 540
187 48
144 347
332 479
571 301
189 8
84 28
394 571
646 421
15 57
539 664
691 627
538 563
539 364
486 140
627 165
388 638
111 61
89 117
93 202
562 275
643 315
35 555
389 117
229 275
144 638
521 567
613 111
606 60
85 398
410 203
546 479
605 435
267 685
381 226
367 467
117 112
538 554
531 171
438 113
94 389
514 366
668 407
525 528
275 594
680 589
198 25
181 117
353 576
346 485
672 112
426 336
621 694
283 573
523 58
534 364
30 197
372 604
369 342
24 382
370 56
123 343
613 690
183 0
282 485
453 78
128 165
272 689
233 631
219 512
601 637
278 119
499 677
550 74
605 209
314 341
1 76
87 24
533 225
597 102
153 187
343 372
119 557
669 285
368 412
269 255
418 437
180 451
650 632
298 694
680 536
20 438
645 335
147 629
79 631
513 284
683 358
313 225
692 161
381 646
368 182
675 155
312 454
333 207
48 491
615 671
581 171
245 570
591 586
86 645
239 477
108 338
415 352
487 340
100 75
466 163
438 221
282 414
106 232
212 371
10 357
616 119
460 566
411 209
148 287
634 349
26 638
256 586
465 493
239 583
