700 4184 2100
22 16 8 16 25 20 8 20 9 19 12 24 10 5 14 16 24 14 18 22 18 17 15 5 19 6 10 15 7 24 8 20 16 9 16 5 23 21 16 15 18 16 17 9 17 19 16 21 18 15 8 16 9 8 25 19 8 20 20 6 16 7 16 16 18 21 18 7 8 24 11 24 9 17 16 20 8 8 11 18 10 6 7 21 7 15 14 19 8 23 15 20 19 19 15 14 8 22 24 5 8 12 25 10 16 13 24 21 22 11 15 10 24 14 5 8 13 7 5 17 5 20 12 7 6 17 7 25 25 24 12 10 22 17 25 14 19 24 25 10 14 13 15 10 22 24 23 24 9 21 23 17 13 16 19 12 20 11 16 16 24 6 5 14 12 5 17 25 5 7 23 16 18 19 22 21 23 8 18 15 8 21 11 16 19 13 5 7 8 19 6 6 11 7 12 20 12 16 17 18 22 18 20 23 15 15 7 25 21 16 11 8 8 21 14 14 6 12 19 9 13 17 7 24 11 7 17 8 12 18 9 8 14 21 12 8 18 18 6 10 15 21 16 12 15 18 11 10 16 13 21 11 18 22 14 10 14 10 18 25 23 14 10 18 7 23 21 22 24 9 17 19 18 15 10 21 9 14 19 10 12 5 7 23 19 18 11 21 22 7 14 22 13 23 9 25 21 25 18 9 17 13 9 14 20 11 12 21 25 6 7 18 14 14 23 18 7 20 8 5 7 13 14 6 20 18 22 9 7 16 12 9 14 16 9 13 13 14 14 13 13 7 6 14 14 9 8 7 25 12 6 12 20 15 9 9 5 17 20 16 15 14 18 17 15 12 25 11 14 7 11 9 11 12 17 7 22 6 7 17 21 7 23 19 15 23 8 10 23 14 5 9 19 22 18 8 23 11 17 11 7 10 17 25 24 15 12 14 16 20 21 22 12 21 25 16 17 13 14 12 11 13 12 24 19 16 6 9 21 21 10 25 17 6 16 24 10 25 19 19 11 5 13 14 5 13 19 14 13 18 13 17 10 25 18 11 5 11 24 13 16 10 7 18 14 15 25 12 8 14 5 13 15 17 7 13 20 19 16 23 14 6 10 9 15 19 11 25 11 21 5 11 20 20 23 8 8 8 19 6 17 19 13 6 14 9 17 8 18 23 21 9 24 6 5 6 12 15 19 9 16 22 11 16 12 15 15 14 9 9 13 12 22 8 25 25 20 9 15 5 11 20 13 17 7 9 15 8 17 13 15 7 7 16 11 19 19 18 17 12 9 5 19 18 12 13 12 23 6 19 16 19 22 6 9 9 21 16 9 5 19 17 14 18 11 23 24 9 11 12 16 17 12 20 16 23 13 8 18 15 22 25 10 20 13 20 13 21 8 19 25 15 11 6 22 6 13 21 13 9 18 8 25 12 17 25 16 20 7 18 17 19 22 25 25 14 6 16 10 5 24 9 13 13 13 7 7 16 9 18 7 22 9 14 21 24 24 15 11 15 18 9 8 12 15 23 18 20 6 21 10 5 25 18 17 7 20 15 25 16 8 12 22 14 10 16 13 6 7 18 16 17 13 14 9 6 24 21 9 10
3 8 13 7 7 16 18 10 13 5 10 15 3 15 10 18 8 4 6 4 11 4 6 11 14 7 19 4 10 13 9 14 18 3 5 3 17 17 11 14 14 6 9 10 12 4 3 6 20 8 10 12 7 20 3 4 13 15 8 18 18 18 5 17 10 3 20 12 19 20 10 5 19 20 20 5 9 6 17 13 10 9 11 15 5 8 12 19 12 17 15 3 10 18 4 5 15 19 14 16 15 14 15 10 3 16 17 12 18 9 16 13 3 16 11 9 13 16 13 7 7 4 6 16 14 6 19 5 11 16 11 20 16 6 16 20 17 4 8 3 8 18 8 17 7 14 10 7 13 3 20 10 6 5 10 13 4 17 14 14 18 20 8 15 15 15 6 20 5 18 8 17 11 7 14 14 5 4 4 4 9 18 15 18 18 13 10 12 4 19 17 17 11 8 7 4 17 4 8 18 5 9 17 5 14 10 3 3 8 3 14 19 7 17 19 5 6 6 13 8 18 19 3 13 4 6 16 5 13 14 14 16 18 7 12 18 9 14 17 14 10 10 13 10 6 9 13 16 19 6 14 10 6 6 7 5 9 4 6 20 16 17 20 18 13 10 16 19 3 20 20 8 17 9 18 20 18 3 5 17 7 20 10 4 11 7 16 12 6 11 18 3 20 9 17 9 20 11 9 18 3 8 17 20 13 12 16 5 18 14 15 3 5 12 20 11 17 18 8 5 12 6 5 12 15 15 5 18 3 4 20 3 11 20 11 7 20 9 16 11 3 6 15 14 6 15 18 4 16 5 11 11 14 18 3 19 10 15 16 20 8 20 4 5 18 20 7 4 17 14 19 8 3 11 8 9 16 20 7 19 17 11 13 17 18 14 15 19 15 5 14 5 9 9 16 5 4 4 11 5 14 20 5 17 10 15 18 14 7 12 13 8 19 5 11 10 11 20 9 12 13 15 5 7 19 15 6 11 9 12 15 4 10 4 14 12 5 10 4 5 5 3 15 18 11 12 3 15 7 4 7 19 8 4 14 13 11 10 19 7 19 9 19 8 6 14 4 17 8 20 9 5 14 20 14 20 20 17 20 9 14 20 6 4 16 11 8 6 4 13 9 6 9 4 17 13 12 5 20 12 19 11 16 4 13 11 4 13 11 6 7 16 6 3 12 5 15 6 5 4 14 3 9 3 17 11 5 8 10 17 10 10 8 19 16 8 14 6 14 11 3 4 4 11 3 7 10 17 4 18 10 16 14 14 16 16 15 10 7 13 13 15 18 15 12 15 16 14 19 12 14 20 6 12 18 8 17 11 17 18 19 13 13 15 20 5 18 6 17 18 16 17 4 20 20 7 16 8 19 10 6 11 19 20 4 9 19 20 8 16 11 20 17 3 20 9 13 5 11 20 17 14 12 17 13 14 19 9 19 15 14 12 11 10 8 9 13 5 11 10 10 14 4 12 3 10 7 19 4 3 14 15 12 5 9 10 19 9 19 20 17 12 5 4 11 18 18 9 13 10 19 5 5 4 7 5 20 4 17 17 11 20 10 20 18 17 17 18 13 11 9 5 13 6 10 13 9 3 18 20
567 349
438 320
272 580
274 203
435 650
58 0
378 550
645 615
66 264
499 17
24 171
499 289
177 333
424 393
505 298
67 248
304 501
352 529
402 149
324 136
115 601
519 181
571 61
185 218
233 627
419 223
511 308
496 259
417 197
139 71
565 669
634 135
597 679
675 201
503 523
289 478
347 335
482 595
634 546
183 124
150 184
205 132
64 281
556 397
305 217
531 118
394 579
313 512
123 672
390 99
113 293
175 460
188 266
390 461
576 112
470 638
326 683
462 419
99 656
202 199
600 1
529 173
481 426
381 259
123 410
90 482
68 208
300 688
230 656
157 624
635 699
427 203
545 436
378 375
270 698
311 425
94 507
536 431
643 515
386 279
54 291
639 393
612 606
628 292
366 178
449 111
337 153
336 198
209 648
428 243
86 157
142 167
203 133
167 440
433 555
127 166
564 662
267 599
420 335
650 446
428 647
550 338
284 162
126 450
273 241
371 624
247 138
193 39
444 231
696 631
374 358
233 451
447 318
136 639
71 659
499 152
49 266
130 180
575 375
275 51
687 478
499 81
439 122
390 293
158 321
442 642
135 440
119 181
343 219
401 41
409 228
535 411
172 600
577 610
693 426
390 395
136 660
314 103
617 314
101 1
536 47
405 346
375 188
457 637
372 671
69 387
182 232
434 172
124 685
649 485
695 25
686 440
615 216
258 160
469 61
40 331
681 485
88 297
366 661
61 475
615 436
27 426
378 104
45 192
40 325
497 42
287 164
607 426
145 639
178 271
228 260
300 370
633 173
221 410
519 626
470 490
588 626
58 487
547 470
242 143
300 659
600 483
164 526
580 313
120 330
439 487
665 351
431 661
377 520
185 330
187 407
225 559
434 466
280 568
482 525
635 566
249 272
418 17
447 505
226 70
673 401
678 183
585 348
572 648
134 580
217 512
206 530
633 282
566 675
240 266
264 139
324 633
21 402
683 628
378 622
544 407
150 85
98 548
47 303
15 609
197 505
507 144
580 217
566 74
291 451
60 104
474 139
220 392
463 90
508 183
611 533
347 440
527 648
544 431
614 480
308 324
146 71
12 566
203 111
305 9
77 576
60 55
558 263
159 37
281 484
598 564
528 146
652 99
404 277
51 542
27 33
539 638
222 219
91 602
594 311
285 255
647 124
140 117
222 26
265 175
599 381
581 680
297 692
1 100
593 355
650 585
305 513
176 216
593 468
548 312
356 232
39 363
460 183
486 221
266 75
222 41
560 452
420 597
369 582
271 325
37 695
4 665
236 128
428 200
65 595
70 277
278 300
165 607
101 582
605 585
693 344
57 528
586 596
207 560
218 56
348 291
355 58
255 63
673 544
290 405
583 675
361 359
78 356
255 85
167 383
518 183
598 534
230 541
333 2
400 606
580 593
357 368
470 354
269 343
394 63
570 128
363 477
29 671
279 97
421 483
354 577
582 688
386 205
403 188
698 109
560 238
187 629
264 442
375 685
295 590
208 561
190 235
28 650
225 1
477 405
140 697
155 454
261 166
358 22
175 138
524 421
333 394
140 325
218 371
270 611
385 651
350 145
140 131
144 236
40 76
411 396
29 601
7 551
300 275
108 552
82 405
417 194
371 140
609 684
125 13
691 310
674 233
601 419
175 146
609 617
433 284
259 49
502 528
28 521
474 431
4 315
569 641
310 243
85 659
645 137
502 477
249 476
550 681
163 411
99 536
499 84
257 360
127 185
274 238
173 270
427 388
5 357
391 164
584 52
396 230
7 471
392 678
260 411
549 80
217 49
27 490
17 537
278 40
188 223
454 325
268 634
169 544
184 360
146 332
573 128
192 482
659 90
51 177
199 325
405 51
341 600
355 116
69 326
387 250
633 555
664 432
330 143
273 50
545 112
197 194
530 160
620 308
28 103
506 335
64 199
158 583
336 2
401 2
247 129
106 498
418 577
645 171
334 531
402 562
72 36
65 449
62 537
453 647
122 559
555 470
635 388
629 605
560 393
145 285
361 667
463 556
199 311
189 592
71 650
549 182
347 188
68 36
501 49
174 548
659 410
551 56
505 296
279 261
374 243
566 303
15 418
445 697
154 88
632 336
285 111
484 529
140 548
617 14
17 562
227 96
559 287
349 332
487 301
154 65
65 561
318 595
261 541
566 682
32 375
96 50
435 349
634 59
670 242
215 577
506 59
275 499
3 135
133 346
378 379
621 654
592 259
121 22
204 82
174 484
262 277
193 79
7 118
90 70
381 271
91 374
181 565
302 172
101 267
38 400
96 474
458 598
143 408
439 223
21 233
608 469
184 188
350 629
0 277
565 55
16 626
121 150
153 290
65 462
609 116
371 265
26 650
73 22
9 458
384 29
628 31
390 80
309 278
180 438
589 104
551 680
61 83
120 53
513 399
586 561
546 301
660 531
542 481
99 264
390 189
162 501
561 59
273 77
677 514
415 617
134 465
346 388
528 174
99 475
461 482
538 158
88 580
608 72
220 47
326 358
478 515
291 554
330 698
136 181
479 177
216 56
617 139
675 644
217 666
137 471
291 488
421 412
491 639
461 687
397 642
546 76
274 657
421 449
134 501
16 559
406 392
392 54
315 619
501 485
34 628
500 366
167 624
587 340
104 385
413 451
635 94
302 525
363 223
505 399
684 39
505 338
634 588
71 107
41 503
334 229
531 190
356 588
142 244
546 410
206 595
9 343
338 526
243 670
352 203
203 80
371 620
57 606
319 693
40 690
410 39
608 4
138 154
316 572
292 87
515 404
296 117
412 424
574 382
558 572
392 320
626 587
117 513
136 572
221 0
576 476
541 456
443 484
397 401
183 357
133 647
137 253
174 218
554 603
220 276
633 409
0 5
404 191
155 440
284 560
351 521
279 270
195 599
695 521
350 73
390 27
396 595
331 502
185 472
594 521
619 381
35 16
189 549
307 238
651 459
207 301
176 113
100 557
649 229
125 649
133 255
230 207
26 347
574 482
400 21
400 161
229 163
696 440
551 217
276 435
179 625
180 167
190 357
563 407
315 265
183 51
362 578
554 398
246 26
260 406
480 217
639 35
204 662
63 414
16 635
166 479
521 23
620 401
140 350
52 404
588 280
30 33
193 581
502 628
300 396
668 429
623 32
299 518
511 452
292 287
624 573
682 82
151 84
531 120
387 502
112 591
256 669
238 167
44 150
598 205
431 416
3 117
499 344
350 36
184 258
583 363
338 430
265 600
508 410
518 64
595 334
685 530
202 541
383 31
172 615
125 460
696 51
455 389
124 269
73 280
374 269
500 18
133 393
616 517
46 109
686 310
546 331
405 403
300 289
452 10
153 467
182 571
384 476
320 214
654 686
561 103
43 515
671 401
390 587
206 156
582 108
677 537
116 619
398 213
1 508
198 16
470 348
14 318
678 253
466 176
155 413
533 589
118 691
346 200
445 647
647 408
228 433
349 155
538 519
65 149
409 400
381 564
240 7
180 398
61 315
501 373
107 274
278 516
367 147
276 398
54 680
612 671
29 147
15 284
288 148
260 219
151 528
84 250
427 450
125 313
143 620
99 479
464 499
220 357
90 32
461 618
472 570
451 395
157 328
363 437
176 63
611 394
83 7
370 135
251 675
290 215
343 245
506 654
58 676
147 30
239 125
517 669
113 637
533 681
341 1
489 430
553 292
441 277
107 512
138 438
610 657
673 59
424 611
228 528
544 573
303 168
500 291
14 523
1 653
432 103
248 554
314 269
487 256
692 338
365 29
419 94
205 305
394 79
427 598
662 346
291 108
524 89
251 121
298 467
117 141
262 479
433 100
163 497
191 122
198 242
231 296
316 256
511 266
203 35
303 634
160 147
333 474
95 215
558 21
358 1
523 260
260 253
91 634
530 360
411 578
100 464
456 305
108 683
554 101
545 431
175 636
355 256
120 20
328 155
661 82
260 430
597 585
405 210
195 660
460 434
423 431
30 682
645 345
307 632
699 201
524 628
326 218
655 270
322 662
645 325
376 544
414 175
235 115
544 342
19 503
504 210
550 42
618 297
358 374
631 503
88 434
63 311
10 186
585 215
37 48
252 350
513 155
594 582
564 5
113 679
34 449
126 512
521 105
86 254
539 624
546 7
440 170
225 192
78 644
227 646
261 289
690 281
14 514
463 212
305 510
295 35
658 4
39 438
656 95
330 570
321 12
538 79
567 512
280 358
294 569
57 413
292 624
157 41
508 644
61 506
643 263
533 425
682 562
316 83
694 573
170 671
122 549
598 230
134 303
116 17
442 279
477 349
18 312
542 192
662 492
17 441
523 263
210 601
526 93
642 173
35 557
396 519
593 558
697 124
46 236
669 526
373 79
116 123
49 8
570 535
15 551
344 26
607 264
677 425
157 267
507 333
670 483
30 255
456 263
607 441
409 493
513 434
56 34
16 417
341 364
282 623
52 148
534 661
572 379
385 201
335 359
155 668
591 643
276 280
134 187
558 430
305 71
223 515
576 356
231 376
207 397
0 594
397 137
562 509
399 606
592 687
694 107
306 691
249 415
198 13
426 510
100 147
345 42
484 303
173 66
279 208
381 5
366 104
690 319
489 382
326 240
220 632
133 493
283 585
110 320
253 481
485 407
89 184
635 13
481 235
681 121
590 409
594 392
531 28
233 100
582 531
366 438
476 159
574 265
255 111
202 627
245 663
115 181
400 290
116 500
386 385
383 176
512 677
680 614
565 571
509 45
87 316
478 414
476 163
94 555
552 499
645 49
583 689
562 73
247 156
140 233
474 530
471 128
644 565
662 272
417 246
646 634
641 263
464 52
315 199
195 300
660 436
16 91
499 324
113 277
36 186
391 382
36 542
309 339
60 617
25 311
136 382
155 517
308 136
692 668
164 342
549 293
592 91
680 136
649 536
360 414
687 430
176 567
123 372
47 227
547 145
208 50
42 255
556 360
579 648
204 349
610 497
419 631
341 20
184 633
490 560
230 615
646 504
563 333
624 652
347 230
356 438
393 615
337 154
272 246
54 425
690 630
304 241
493 263
62 340
423 548
392 285
439 128
645 121
175 347
584 280
164 347
555 93
449 488
670 673
550 406
276 571
427 331
248 615
390 534
537 550
184 466
455 135
241 326
414 670
522 232
408 293
577 72
99 685
422 565
468 473
658 556
686 648
74 590
370 649
396 67
201 0
480 174
309 121
431 699
278 536
545 142
624 440
678 540
198 67
448 481
360 416
684 473
338 442
241 611
136 137
697 599
500 494
511 611
33 80
310 146
567 461
653 32
398 563
156 428
146 670
176 131
156 496
584 165
644 255
3 391
334 672
694 606
634 213
386 253
20 396
155 618
510 82
356 575
321 296
2 247
429 494
247 407
571 237
105 77
394 622
636 398
236 154
635 475
307 676
442 65
220 460
320 267
253 565
375 12
179 164
234 23
220 216
434 462
10 625
684 343
365 408
533 465
181 102
313 101
597 268
209 38
574 209
665 692
33 470
596 1
119 247
199 373
558 73
623 653
27 404
124 277
531 385
77 398
63 56
562 165
647 435
75 385
334 157
562 396
644 521
557 384
25 212
232 572
664 542
121 592
155 287
155 447
105 435
623 511
261 402
449 618
503 683
65 309
331 139
221 125
648 216
157 234
18 588
38 322
221 622
36 347
306 3
258 330
514 657
567 536
171 385
66 200
451 528
244 209
93 403
415 557
20 565
532 393
344 274
220 432
547 131
639 106
336 456
377 507
158 387
436 7
46 90
258 390
322 364
333 566
126 310
334 634
268 181
186 572
142 325
566 311
220 426
150 186
670 122
1 434
494 29
366 23
441 391
152 52
561 367
9 597
56 183
452 215
560 184
0 511
44 11
507 271
527 327
485 457
329 297
458 440
689 401
697 211
25 576
233 302
160 450
550 145
142 412
190 473
416 298
650 333
677 244
405 663
455 690
432 580
564 193
478 668
373 137
134 584
52 131
411 395
67 647
219 33
564 448
691 295
183 453
345 600
416 352
682 318
31 2
514 371
355 512
323 67
233 478
424 369
519 348
622 92
508 172
9 187
318 276
137 37
2 456
65 222
286 357
172 55
369 652
266 641
117 497
496 403
68 58
407 520
80 375
365 118
283 225
386 557
441 465
621 104
179 13
478 682
183 150
469 652
443 655
304 386
604 501
193 688
162 511
211 126
595 105
296 496
76 60
670 226
276 149
675 215
216 676
168 408
345 437
431 512
290 491
472 583
459 620
44 693
208 502
248 38
433 559
644 359
13 500
670 438
667 146
121 330
535 688
670 490
591 196
173 53
122 157
418 64
299 637
111 604
152 133
89 456
48 382
314 6
67 680
99 5
614 464
618 262
559 513
201 604
25 207
127 575
105 47
73 685
328 287
480 635
230 325
60 113
327 88
660 2
219 602
518 175
117 374
367 41
412 453
691 384
475 79
399 573
450 497
167 658
662 19
331 11
544 472
648 71
555 208
371 287
243 177
303 297
255 26
216 499
290 123
202 438
358 467
166 566
607 339
168 497
686 455
73 424
485 560
612 387
329 659
486 42
53 65
635 473
8 398
489 416
361 469
153 239
519 586
226 531
520 414
170 214
209 689
213 313
131 682
551 552
689 265
81 341
584 547
652 421
167 1
371 499
96 14
84 628
110 394
551 120
444 359
429 368
604 296
144 560
200 21
63 335
138 285
581 432
650 42
284 486
380 462
551 448
110 376
275 555
30 39
27 396
166 40
73 542
595 300
124 273
465 322
536 174
519 681
694 537
592 65
364 217
328 549
482 122
115 502
150 307
385 99
48 303
562 166
75 565
10 136
561 325
8 541
535 268
353 556
687 51
170 96
200 656
693 320
64 538
2 664
534 350
85 531
537 254
481 640
313 565
478 195
133 285
24 437
105 484
129 505
91 682
331 580
278 582
629 627
137 329
536 71
521 459
569 662
155 648
574 480
523 484
631 575
44 112
237 565
304 519
594 74
120 48
386 115
437 377
179 507
548 695
289 382
531 91
218 64
293 204
152 145
505 80
661 162
228 136
588 500
100 198
209 275
125 494
37 338
478 641
429 484
665 640
307 304
103 514
561 343
321 421
311 79
641 315
696 669
511 50
6 436
346 318
531 534
508 563
698 179
539 44
624 127
91 613
520 604
517 94
580 458
256 29
325 109
569 67
387 10
178 106
454 219
302 298
37 529
93 52
315 427
351 469
255 504
662 217
362 286
661 636
31 49
488 192
657 130
150 470
202 614
354 175
575 244
356 186
517 575
662 253
236 132
146 430
220 91
259 181
100 153
253 63
252 305
110 588
240 429
302 161
693 124
78 173
613 372
535 643
307 23
486 114
460 342
615 533
575 136
591 165
389 380
306 496
402 267
187 342
33 379
241 295
45 341
385 581
374 105
439 509
355 344
311 550
162 286
666 685
248 430
459 473
306 283
202 653
388 535
525 386
515 500
405 551
162 588
314 177
159 384
549 109
296 5
369 542
657 515
27 322
140 424
49 98
349 399
32 437
416 135
470 563
178 495
40 567
440 351
239 667
371 105
490 639
298 446
399 658
145 61
456 537
524 257
567 455
559 239
248 607
280 253
416 465
571 656
494 360
162 174
478 11
450 664
502 216
143 8
176 428
266 610
31 82
642 585
83 82
136 319
213 148
9 54
85 13
277 560
15 494
313 329
378 253
253 210
694 333
497 396
619 596
578 368
104 653
160 328
26 631
639 584
678 177
18 429
495 524
696 87
544 288
188 556
692 152
361 370
414 610
372 179
270 365
506 142
71 191
152 418
302 0
103 374
26 574
34 418
204 404
328 454
250 470
595 210
595 630
209 251
168 266
289 668
516 23
144 32
554 285
297 364
583 500
82 94
44 240
100 570
597 494
624 138
122 245
289 116
97 408
14 646
156 255
656 144
447 605
74 200
603 487
672 196
67 309
261 108
259 564
6 219
27 231
385 2
680 93
311 501
198 681
618 475
162 27
511 17
15 178
62 527
655 616
493 294
64 227
121 338
448 225
528 298
374 19
1 486
407 237
426 335
167 409
629 624
225 660
246 144
390 582
454 578
369 436
608 405
111 342
493 258
337 641
309 604
367 455
696 122
429 161
347 218
83 239
618 501
199 234
548 28
51 587
512 405
583 438
219 416
276 328
121 25
316 687
107 197
659 63
216 609
597 360
415 470
118 633
643 92
385 258
277 27
644 134
605 562
264 311
645 554
375 695
516 488
522 59
634 359
582 282
2 643
269 75
442 243
385 23
238 1
665 453
102 85
356 462
303 193
111 282
204 295
256 68
410 291
6 139
412 570
451 197
225 426
23 626
648 48
81 43
113 360
242 693
376 325
77 117
44 395
337 427
509 373
131 599
75 23
637 16
41 118
420 288
202 381
284 39
420 550
13 249
154 264
183 391
515 9
510 348
596 316
455 180
684 85
540 148
643 135
107 366
72 65
315 670
166 38
321 543
602 634
463 271
78 596
317 364
28 141
412 381
556 496
277 613
461 19
385 230
532 498
123 648
471 381
543 407
390 379
48 155
558 211
205 431
357 567
155 15
258 154
696 185
589 572
240 231
490 19
670 238
283 438
187 217
430 433
301 19
172 197
184 90
262 455
271 51
55 474
85 550
189 496
655 167
284 599
651 290
428 173
58 45
573 284
446 107
52 250
210 5
348 85
670 332
133 248
373 124
189 418
586 55
389 110
594 639
316 564
54 83
97 153
171 8
442 207
75 620
567 619
604 275
611 217
129 521
507 499
451 679
212 409
148 275
436 480
205 213
672 112
353 313
561 302
471 54
165 81
519 279
516 434
22 699
437 153
227 454
149 560
218 403
0 593
642 531
691 469
214 404
509 397
524 78
139 668
70 329
13 433
499 369
343 254
206 642
170 211
582 364
620 187
386 650
536 646
104 138
156 167
334 109
420 432
301 383
675 666
516 346
520 669
689 196
8 492
63 342
103 171
384 432
149 409
248 195
417 438
409 226
302 514
162 405
165 284
59 507
120 624
133 100
517 402
444 357
638 647
665 364
564 218
580 149
537 380
338 679
231 627
15 326
528 540
85 508
75 568
253 351
683 384
159 43
250 184
659 444
69 83
291 110
181 607
556 424
383 483
144 691
222 28
147 126
44 574
63 616
529 694
90 418
694 467
697 264
396 553
677 393
45 562
317 182
288 89
223 82
97 420
313 185
597 341
576 18
338 217
265 78
129 579
214 38
190 29
404 458
12 614
357 275
363 310
648 426
108 154
590 369
60 647
12 416
654 354
130 190
189 670
374 568
235 642
128 403
174 145
694 156
396 226
323 513
511 526
485 268
355 690
55 384
695 509
218 202
647 193
466 90
306 60
680 210
514 591
556 308
521 479
461 531
265 469
9 257
201 269
125 454
550 91
349 287
564 656
588 156
463 267
166 278
335 102
134 107
353 192
286 440
386 292
575 187
331 528
568 121
123 536
382 636
154 200
276 373
451 46
306 629
283 269
158 425
471 81
467 435
370 424
142 528
127 294
674 492
655 469
98 688
574 663
607 230
83 153
77 601
384 413
417 5
461 155
606 130
554 95
314 598
322 583
36 91
352 558
115 155
636 326
468 412
411 2
457 328
104 132
354 647
412 661
289 179
63 312
416 593
185 139
384 637
387 672
74 500
181 54
267 311
8 84
522 558
297 10
289 306
579 513
70 267
414 480
220 226
527 38
253 412
482 241
639 557
543 40
125 252
58 225
174 192
178 130
345 652
245 54
301 155
305 191
121 459
450 58
330 253
448 688
438 210
53 444
119 386
576 275
471 663
470 696
88 538
338 228
476 666
179 332
40 355
162 345
356 83
139 424
376 682
207 377
663 104
478 548
83 4
103 49
600 604
490 446
516 532
412 407
75 643
241 280
175 116
613 228
167 23
120 476
490 160
331 210
59 353
6 463
117 639
134 666
469 112
648 577
622 689
48 168
242 220
450 582
332 42
28 578
307 174
491 209
673 189
475 456
293 627
96 200
102 492
361 491
130 99
18 102
313 278
510 459
636 585
444 302
362 557
177 610
165 300
351 407
518 410
193 372
219 280
292 301
559 486
658 367
76 68
678 631
185 266
368 150
7 665
417 695
355 117
576 75
628 99
526 202
4 675
253 38
645 465
633 569
689 240
47 687
492 433
558 508
80 28
478 270
226 188
23 345
469 415
581 94
574 594
129 646
183 560
640 87
193 227
144 572
546 233
356 335
174 119
172 288
320 251
371 295
461 650
639 24
410 294
112 582
125 412
97 301
482 187
655 219
139 343
105 121
627 451
317 557
473 144
29 563
195 54
528 580
412 601
37 675
21 22
611 599
512 98
231 184
652 244
606 638
22 133
158 15
335 580
384 7
339 38
319 327
471 543
694 19
29 381
204 363
532 179
306 175
117 361
172 642
599 598
366 428
686 244
73 142
297 652
314 676
330 606
392 574
650 3
510 540
125 26
656 295
7 30
524 474
567 192
605 303
345 639
159 107
38 69
675 62
31 400
285 84
134 487
333 434
511 244
603 219
522 49
621 475
177 268
129 581
184 114
416 515
263 699
437 315
3 166
98 36
516 319
330 506
611 106
693 341
424 443
324 644
383 416
484 99
615 117
261 639
360 639
288 8
578 291
415 54
553 218
353 525
48 567
279 180
669 667
482 324
304 659
136 143
698 553
159 523
48 560
499 271
65 147
648 43
478 562
628 337
619 157
58 671
286 51
605 217
640 568
481 625
94 109
668 480
54 156
442 170
372 427
264 226
375 233
533 61
614 29
576 13
216 443
248 268
311 492
426 48
435 270
176 82
203 318
347 551
153 351
134 133
161 490
620 34
480 308
649 109
642 590
475 548
630 33
404 302
115 460
545 379
96 102
520 241
416 419
350 162
363 463
47 195
43 67
477 469
159 527
562 498
229 146
108 403
645 91
191 433
346 646
503 361
408 443
462 105
423 666
247 502
332 250
343 358
635 615
291 438
225 516
658 164
371 338
338 25
568 367
149 45
133 652
106 19
237 117
349 548
383 559
17 100
166 533
243 230
346 367
267 117
371 256
60 666
247 596
456 52
247 10
297 693
16 629
174 215
231 618
301 578
288 657
100 527
235 212
84 600
367 165
585 311
146 597
642 561
30 293
530 617
143 113
358 199
190 172
688 152
151 686
55 53
140 95
654 110
119 264
379 449
426 0
193 221
18 276
426 549
427 235
671 654
340 265
370 541
521 41
601 295
472 354
415 394
514 129
155 663
489 509
599 604
376 49
326 652
92 233
547 604
95 220
549 563
226 472
315 64
487 686
337 550
656 223
481 261
439 384
519 295
52 425
48 84
336 432
474 41
387 628
431 542
554 616
320 402
0 183
494 310
236 200
168 444
281 487
401 216
303 70
648 526
583 370
53 14
65 281
326 235
86 177
522 484
434 449
111 121
597 174
149 164
636 541
268 690
153 312
160 1
621 137
683 115
88 227
630 238
44 361
623 34
452 12
85 200
190 313
685 659
333 173
40 556
272 274
521 422
558 307
30 557
540 160
565 624
151 560
570 454
656 323
622 604
596 156
344 337
422 271
469 677
125 384
12 631
333 309
368 685
317 341
440 258
552 439
99 574
186 228
444 53
603 253
500 215
76 293
49 622
314 128
7 564
102 687
542 589
600 191
291 406
183 349
625 95
540 684
180 164
637 341
552 74
43 572
359 38
566 344
126 242
688 334
279 131
126 237
300 145
259 487
58 320
201 428
469 444
68 511
211 371
439 444
417 572
343 389
112 648
48 249
305 672
519 226
314 253
112 355
370 263
457 699
149 154
237 536
180 318
564 104
461 390
679 390
160 205
560 254
469 485
97 467
470 426
151 290
283 148
402 521
638 307
116 506
573 257
577 260
637 560
529 414
485 659
280 433
153 655
368 181
446 253
629 574
182 103
355 19
330 690
659 436
495 204
475 240
48 580
101 601
523 337
546 509
210 139
103 182
22 545
160 17
197 556
576 650
637 273
696 223
290 128
671 582
404 54
151 282
620 340
430 336
657 511
279 602
492 569
268 616
269 655
669 527
526 107
245 63
410 172
32 294
123 120
85 12
461 331
118 512
374 67
201 448
396 562
11 588
371 427
565 405
508 546
247 157
459 90
498 159
636 203
520 543
631 14
204 323
39 251
249 519
215 656
278 663
589 658
426 220
338 539
589 466
517 616
82 138
211 256
180 354
438 384
308 651
262 205
57 674
586 172
455 693
693 562
310 71
347 261
200 352
500 280
630 198
578 177
661 103
512 121
342 10
353 560
566 103
602 316
78 103
234 238
611 75
76 605
458 250
628 491
666 83
57 411
673 260
695 159
390 404
619 45
489 284
678 409
608 406
141 527
698 255
203 17
4 42
183 69
537 246
390 316
369 660
134 569
333 370
370 93
224 44
317 296
584 582
616 182
652 553
266 673
69 273
205 60
237 220
287 390
50 491
679 608
562 697
87 694
30 300
679 12
540 178
263 614
426 541
661 151
696 117
363 593
532 572
599 501
668 51
360 275
8 100
443 552
283 41
519 217
461 660
69 614
403 337
48 319
670 386
170 131
595 604
350 74
76 368
324 610
483 241
109 599
95 196
175 651
530 493
434 244
224 129
619 666
469 221
385 586
471 382
556 27
279 528
248 395
386 681
218 58
619 10
39 105
372 21
56 615
269 271
493 286
492 437
57 4
104 504
44 479
611 685
335 249
489 156
650 559
106 505
679 227
37 178
381 83
60 386
358 389
621 575
33 667
573 238
105 503
591 44
303 357
486 292
324 129
650 658
598 149
140 316
151 166
462 227
279 362
71 190
229 196
151 68
51 123
492 262
437 567
396 579
323 335
94 676
410 678
39 475
408 516
117 270
689 659
542 369
322 342
374 490
459 355
385 90
132 355
637 70
566 420
455 230
1 583
49 373
226 280
39 168
117 215
669 694
236 434
480 11
494 47
446 440
174 465
580 262
553 270
476 669
359 528
362 403
61 681
137 489
677 179
655 12
227 180
348 306
474 81
564 401
404 483
245 393
135 675
620 488
253 591
692 647
623 284
41 331
256 674
212 19
89 508
525 408
311 394
260 421
596 368
668 37
595 684
156 164
434 130
32 423
115 90
587 604
105 165
190 348
31 305
58 97
144 23
143 291
360 133
583 88
323 519
32 206
145 313
186 79
2 36
505 225
351 347
565 471
252 509
344 84
631 82
128 605
470 230
279 24
111 564
411 622
236 412
136 101
335 220
691 611
109 633
473 486
53 249
353 663
131 69
70 578
410 510
234 645
350 500
402 306
287 462
211 466
547 312
215 279
281 518
404 692
672 273
302 595
243 441
632 609
690 653
485 675
336 600
247 125
205 677
204 616
154 263
543 690
190 485
155 427
484 651
439 387
578 319
282 281
77 543
542 649
269 155
314 191
66 678
590 636
281 63
101 277
108 557
492 151
110 257
551 107
508 2
493 568
237 54
590 162
438 86
305 533
136 200
328 299
620 189
239 469
484 618
38 613
626 18
628 153
176 73
672 314
114 182
151 419
171 446
592 46
156 464
430 614
532 638
144 639
591 305
692 512
0 657
150 452
43 380
413 158
56 620
419 453
438 500
319 272
26 353
242 435
606 422
696 112
652 464
669 603
359 504
448 218
562 679
272 496
544 211
377 677
240 566
675 167
636 538
584 281
605 219
622 200
172 573
501 157
50 577
430 593
26 225
205 170
144 293
242 230
525 515
86 466
405 340
650 257
115 589
519 474
661 574
510 249
307 167
621 186
136 434
369 86
297 378
25 16
365 648
11 18
420 655
494 188
111 405
225 501
287 596
476 523
425 490
30 126
386 309
533 526
293 338
2 590
342 353
138 574
186 75
687 659
556 92
289 463
306 607
288 437
158 45
669 294
248 281
416 641
210 51
54 696
258 690
260 200
42 560
262 184
631 8
481 610
402 93
303 698
258 271
151 223
644 680
585 64
111 226
697 280
665 3
386 398
477 23
667 262
196 32
291 452
619 407
237 393
44 236
229 285
382 258
582 515
366 39
258 518
616 632
187 404
676 467
590 571
120 66
640 38
44 464
333 254
607 299
73 582
171 58
526 264
544 570
644 337
511 635
452 233
89 304
469 311
244 304
431 533
232 599
614 77
617 441
295 647
328 521
28 76
41 262
11 441
129 372
387 646
255 500
673 114
103 651
93 695
17 293
453 272
494 470
611 629
152 561
443 84
316 655
623 206
49 485
519 325
146 4
243 630
183 17
305 674
564 100
183 570
112 375
425 554
253 213
402 606
493 239
293 165
431 198
40 566
262 433
351 114
523 386
181 453
474 250
533 613
245 387
99 470
694 60
8 206
616 489
327 148
89 623
504 67
444 94
224 175
35 516
549 32
295 103
603 421
307 226
672 675
15 158
12 292
24 411
383 132
556 394
423 392
687 562
13 234
1 395
698 88
126 456
173 208
579 34
457 366
229 412
373 540
10 107
418 98
178 167
223 122
343 664
252 181
163 208
360 661
683 213
535 559
308 300
468 96
31 650
285 469
567 45
502 204
456 163
667 148
439 595
694 351
691 237
230 174
221 106
345 73
101 444
351 619
153 367
621 265
100 165
601 307
147 303
589 216
578 208
248 499
25 327
297 326
516 508
553 588
334 612
293 28
331 651
384 95
288 669
59 461
46 692
50 147
664 115
244 290
229 597
168 372
183 198
144 388
486 676
684 385
157 161
327 55
612 344
489 458
419 489
167 368
493 293
34 325
456 222
305 322
281 409
476 118
270 34
406 345
290 584
689 585
283 176
550 147
279 320
104 451
680 65
471 303
33 8
539 597
490 195
206 285
478 676
691 531
487 305
577 436
438 401
425 597
327 158
496 621
91 639
522 668
106 307
152 438
319 537
573 611
127 627
342 32
27 525
508 349
427 1
342 204
129 106
420 654
33 324
250 632
413 642
63 632
368 288
666 430
74 326
273 490
298 323
390 9
669 203
553 87
591 499
407 534
75 639
576 305
181 228
437 98
517 418
371 64
682 243
364 240
117 41
36 358
343 642
473 420
537 439
236 376
697 530
343 326
692 243
267 61
193 245
112 182
219 423
606 278
186 438
119 450
300 219
113 380
107 397
251 494
612 356
481 443
308 215
214 635
393 71
332 462
644 186
0 489
307 132
278 309
279 543
572 63
666 558
423 430
491 19
640 661
241 450
669 489
523 116
661 236
44 14
331 39
439 231
259 391
305 462
232 83
248 450
563 432
147 581
530 432
37 469
661 385
463 75
425 301
435 389
213 92
15 626
524 523
66 55
598 450
199 552
602 194
26 252
54 532
224 183
237 699
16 343
446 78
593 214
640 69
288 360
101 672
634 526
325 632
240 68
427 387
180 142
567 70
539 371
12 381
626 424
645 292
171 144
19 266
474 661
257 491
109 305
223 341
78 32
211 77
575 175
581 375
305 611
128 576
61 233
565 606
323 396
101 272
643 586
190 15
323 526
339 8
266 439
378 629
216 80
581 467
324 484
535 1
171 601
445 1
341 101
39 553
620 648
675 610
479 663
644 77
47 689
512 514
457 67
276 422
315 383
633 607
591 203
638 188
169 260
515 636
157 605
552 402
484 418
222 680
341 429
217 413
411 479
505 103
368 88
528 107
603 40
31 429
552 163
145 5
666 155
49 47
243 193
537 185
497 15
303 223
175 488
582 237
145 672
377 470
132 105
73 63
439 639
539 433
421 543
195 21
236 644
595 661
126 357
672 372
309 23
145 689
687 339
228 135
673 217
155 98
543 50
79 353
291 403
103 508
607 227
91 160
1 321
437 130
66 169
194 188
42 624
117 319
488 682
654 375
79 281
562 195
158 278
20 289
306 125
442 527
567 683
140 41
445 483
496 521
553 311
597 448
408 585
451 266
330 5
616 689
36 441
286 108
432 697
678 674
386 55
362 439
600 309
11 606
54 449
671 43
411 250
342 554
22 345
58 289
336 84
393 64
681 448
497 61
126 599
117 95
321 536
59 101
674 360
208 10
149 310
252 388
110 504
235 281
607 692
444 91
186 655
145 588
283 253
618 188
152 198
186 369
248 584
475 150
382 102
204 671
107 316
517 157
314 129
38 326
58 173
32 208
478 557
40 681
147 409
355 509
337 543
381 676
408 192
461 401
588 440
263 410
434 90
620 673
21 251
38 176
507 100
427 166
480 370
509 332
207 654
36 670
73 663
539 613
28 3
82 56
419 515
285 684
418 109
407 234
147 112
498 328
374 103
71 51
457 491
85 482
320 437
575 441
655 529
172 272
129 5
186 522
129 535
63 503
491 661
385 420
194 8
193 497
448 351
117 605
419 282
438 260
10 448
96 452
400 166
112 393
31 678
321 463
661 92
55 517
376 620
624 262
568 182
482 108
379 577
261 444
307 358
503 234
427 17
384 337
699 431
675 402
39 286
515 303
288 603
626 423
345 648
401 310
150 69
171 487
308 418
643 347
621 474
299 684
219 525
468 689
642 243
112 354
118 479
71 58
588 375
258 113
479 311
489 119
191 333
338 195
567 469
212 151
689 56
282 409
140 302
569 205
506 466
271 465
343 470
355 332
420 256
489 370
394 188
266 403
447 645
439 398
181 310
338 219
476 419
194 167
74 347
684 519
658 376
4 681
157 279
619 194
354 655
471 41
143 310
233 678
603 202
348 326
641 523
266 183
539 245
678 308
450 298
61 535
205 493
204 208
223 252
468 584
436 420
306 654
591 475
199 187
604 180
560 483
532 177
42 229
614 269
369 214
67 141
238 603
591 570
247 160
19 280
134 382
108 462
130 384
151 493
396 108
565 589
44 106
461 268
420 5
341 373
68 645
39 71
313 161
571 477
546 33
421 324
402 513
233 518
141 481
684 214
201 69
618 451
82 148
54 105
523 566
53 136
384 330
332 274
179 219
651 525
544 59
142 355
65 401
284 73
696 339
520 347
136 43
274 288
656 662
139 125
146 519
661 458
409 11
312 103
126 266
571 452
663 538
375 132
232 32
604 625
97 373
533 266
301 62
400 621
540 33
14 466
447 536
427 389
576 434
561 432
114 259
614 435
218 282
594 615
359 463
98 367
351 623
107 587
371 563
75 49
382 436
56 509
509 268
22 404
305 248
207 646
442 656
579 489
634 42
428 426
376 333
515 624
95 680
0 598
596 680
170 696
325 328
109 502
428 500
162 644
400 503
584 105
323 603
382 342
551 150
224 544
549 271
354 5
332 616
682 41
472 206
471 507
53 633
142 368
444 123
626 93
160 18
172 1
358 71
548 570
524 135
614 203
210 416
74 256
4 476
262 140
274 388
517 411
154 208
508 271
158 112
371 213
89 515
205 561
269 253
247 260
71 363
181 501
657 206
563 133
433 155
38 181
515 440
685 448
313 89
223 624
124 39
152 147
236 585
486 378
100 683
253 68
289 130
22 416
690 227
661 410
650 335
137 3
402 595
453 408
120 233
398 230
115 384
524 629
572 291
286 167
636 428
552 666
530 23
488 649
396 53
669 699
633 592
476 147
54 608
247 198
330 684
133 217
585 669
597 271
334 214
200 415
441 276
314 543
419 579
116 314
251 639
144 83
418 450
694 98
356 531
189 547
267 390
483 110
615 695
462 482
208 466
132 502
170 375
624 394
535 294
189 201
455 224
353 356
33 149
114 437
565 192
154 456
249 234
507 451
493 292
141 210
17 118
55 120
246 672
481 102
615 200
26 663
445 452
76 400
563 631
473 530
26 502
239 259
424 418
289 20
399 518
633 467
210 605
534 373
564 111
100 388
617 629
163 347
53 103
307 529
295 10
660 628
399 8
76 40
91 75
594 671
208 363
512 574
267 445
477 393
384 540
532 106
603 620
480 185
639 251
498 228
669 97
432 117
483 295
521 572
306 401
358 168
235 120
184 452
656 468
296 229
316 41
95 3
197 327
77 255
118 432
668 170
221 424
361 531
53 648
543 140
32 314
343 515
56 483
262 266
254 506
168 655
547 474
486 266
168 606
62 418
79 662
382 209
241 11
231 99
516 589
525 676
135 47
664 142
213 660
51 343
307 169
404 242
42 328
399 176
623 270
80 305
454 285
270 304
307 162
224 673
480 56
175 132
170 347
348 230
362 639
211 203
428 675
633 245
525 202
114 2
373 84
609 290
517 637
257 547
526 415
559 453
607 232
145 154
421 163
206 631
77 329
654 699
637 313
12 21
546 170
558 92
641 4
688 548
493 625
438 547
477 665
487 112
92 34
282 647
23 200
103 428
531 596
123 89
525 298
493 170
286 2
308 51
23 488
115 30
312 552
19 573
506 548
447 503
646 152
623 138
486 41
212 81
597 7
67 104
82 313
623 295
432 183
448 281
0 644
185 72
483 343
665 68
526 425
386 113
491 24
283 402
532 562
135 8
304 325
538 207
677 58
687 157
163 547
528 4
127 639
147 262
685 88
100 470
365 598
664 477
24 604
654 327
217 295
677 36
566 601
382 16
155 252
71 520
424 77
85 110
114 173
147 139
674 396
20 389
448 349
210 255
268 415
165 616
552 19
488 692
383 305
116 521
78 154
154 502
49 5
452 608
181 387
513 31
443 145
329 207
625 551
526 86
301 296
215 501
541 117
566 115
425 132
553 462
415 473
257 238
515 172
559 425
600 328
56 135
77 276
444 281
29 486
512 497
381 490
687 111
660 91
580 508
12 303
197 219
201 79
465 14
406 292
96 308
314 607
133 15
420 254
408 477
541 548
255 484
187 418
471 184
497 245
516 498
617 207
403 257
499 647
267 417
659 459
340 293
192 212
44 77
653 629
677 671
495 678
169 520
