700 4171 2100
17 7 23 9 15 16 18 24 11 15 7 7 20 17 18 18 12 7 10 15 17 11 23 20 16 12 25 7 10 13 6 21 9 5 16 9 20 14 8 25 14 21 12 15 23 9 19 12 18 23 15 9 20 8 10 16 21 9 11 13 5 25 11 8 13 22 15 24 12 23 18 5 13 24 5 22 6 5 9 20 22 17 19 25 13 20 18 16 9 12 12 14 13 24 25 13 16 12 10 23 21 15 25 7 20 18 8 12 20 17 21 25 19 19 11 6 12 18 21 21 18 16 7 11 6 6 25 7 22 7 15 24 25 9 5 9 19 11 16 23 12 9 21 8 25 19 14 14 17 18 9 11 9 12 23 11 9 5 5 19 19 22 21 19 13 16 12 15 17 7 22 13 22 9 21 25 5 22 13 8 22 11 11 23 13 5 23 16 16 17 9 17 24 10 8 23 6 19 5 5 25 11 9 17 11 14 18 16 21 12 11 8 25 24 16 25 5 10 19 16 8 14 19 20 20 12 15 21 21 14 7 18 11 8 10 6 5 14 12 7 22 12 8 21 11 24 8 19 22 21 8 13 12 15 21 13 25 11 20 6 15 13 20 17 12 20 8 7 19 11 5 16 24 19 10 14 20 22 7 17 18 19 25 12 5 6 12 22 24 17 8 20 18 5 24 10 8 21 25 7 11 8 17 5 22 23 18 22 20 14 10 23 23 5 18 20 7 13 17 6 22 25 6 12 14 15 21 5 16 17 18 20 24 24 24 6 19 23 5 23 11 11 11 16 23 21 23 18 16 16 7 5 11 15 19 9 8 20 19 16 25 21 20 24 11 16 17 12 21 12 5 11 19 8 16 13 5 18 23 7 21 21 11 24 15 11 10 17 16 22 18 11 15 8 12 11 21 11 22 18 21 23 5 6 9 12 14 16 25 8 15 16 23 6 12 24 23 14 24 6 19 21 9 8 19 21 12 16 11 15 13 22 9 25 8 23 7 16 24 8 15 11 24 6 23 7 13 21 12 12 5 10 16 7 6 22 22 18 12 25 19 13 15 11 24 12 10 20 15 7 12 22 20 20 24 20 9 12 7 11 8 23 16 17 20 5 9 15 12 19 6 9 25 12 23 18 20 23 16 20 23 19 21 16 7 6 19 7 15 12 13 24 19 7 6 16 25 8 23 14 20 9 20 5 11 9 16 19 25 24 13 17 12 10 15 23 5 5 6 15 24 12 25 22 7 14 7 7 13 16 17 21 14 17 12 15 17 8 19 24 24 9 13 5 17 19 22 19 17 11 17 14 9 20 10 20 15 17 14 7 20 16 23 14 14 16 23 17 13 19 11 16 18 18 11 10 12 24 8 20 8 7 25 21 20 23 18 21 17 8 25 22 20 9 22 17 20 18 11 22 23 11 10 7 10 11 8 22 9 9 13 11 14 20 14 14 23 25 21 17 17 18 11 20 14 17 20 9 14 17 13 9 18 21 17 23 20 24 24 6 13 16 20 11 10 20 7 7 13 15 10 19 19 18 12 17 13 14 22 16 17 12 9 16 10 6 13 15 21 14 9 6 13 5 25 20 15 7 15 25
3 15 5 18 14 6 6 4 5 7 14 17 18 11 12 9 15 9 11 10 15 20 15 4 4 16 9 13 5 9 5 18 20 6 12 18 18 3 14 8 6 9 12 16 18 9 11 3 10 18 4 10 4 14 18 5 9 19 11 11 13 8 9 19 5 5 16 10 10 19 6 6 18 11 11 15 7 11 6 19 9 20 18 20 16 11 19 4 15 7 6 13 6 5 17 14 17 3 8 15 11 20 3 8 14 10 16 17 14 18 12 15 15 10 7 7 3 10 13 4 3 19 5 4 4 19 18 6 10 8 11 5 12 3 6 16 18 18 10 15 10 14 10 9 6 19 7 8 8 4 15 6 13 10 10 17 6 7 13 8 4 8 12 16 15 11 6 15 16 13 18 7 18 18 11 9 12 7 17 19 14 16 8 3 6 9 17 17 12 5 20 15 19 18 15 11 3 4 17 19 6 16 9 8 8 3 16 19 15 11 11 13 11 11 6 17 15 4 20 12 6 4 3 11 12 5 10 15 19 6 5 15 8 20 4 14 3 16 3 11 9 16 4 18 19 11 19 9 15 20 10 4 11 15 7 7 16 5 12 18 16 11 11 19 5 12 3 8 8 9 19 19 17 4 17 10 17 12 13 19 14 20 11 3 4 3 11 13 10 18 14 6 7 9 5 10 8 17 20 12 12 16 17 16 13 16 10 8 4 4 16 17 4 9 7 14 5 14 12 14 14 3 12 15 16 13 5 14 14 13 9 20 9 16 3 20 5 14 18 13 6 17 16 16 3 7 16 8 19 5 10 8 9 11 17 15 6 3 20 19 16 14 20 12 12 4 18 14 11 18 7 20 17 15 9 4 5 9 4 17 17 6 14 20 7 5 7 13 20 9 10 17 18 5 15 13 10 11 12 16 4 4 18 16 15 11 20 3 9 16 8 13 11 11 9 18 11 7 6 10 15 13 8 6 18 11 20 8 4 20 13 18 4 15 13 20 3 3 11 17 6 10 6 20 18 6 11 3 19 15 5 9 13 9 7 18 13 16 19 3 5 12 9 4 7 14 16 7 3 17 5 12 11 15 11 4 17 11 5 9 18 10 15 14 16 4 14 14 17 9 10 20 11 16 19 16 19 15 17 12 14 20 5 9 10 16 15 3 14 18 20 16 16 6 20 17 13 14 9 4 8 7 4 18 3 13 13 17 12 15 16 16 11 7 6 4 16 9 8 17 16 18 5 3 20 10 17 13 10 10 8 3 19 12 9 13 15 9 3 11 5 11 14 4 9 4 17 19 5 17 9 4 18 3 6 12 9 19 18 15 15 8 4 13 19 15 5 8 6 8 6 16 12 12 14 19 13 15 20 16 5 17 14 11 7 12 3 19 18 7 16 19 15 9 4 10 12 16 4 16 19 15 6 15 6 11 8 19 13 3 12 14 3 12 16 4 12 3 6 19 7 7 9 14 11 16 13 5 16 10 18 14 20 12 10 7 7 10 5 14 17 16 5 17 9 18 8 19 4 13 18 14 13 14 3 17 9 6 5 10 15 8 8 14 16 12 9 19 9 14 13 20 3 18 15 11 4 19 9 16
462 306
180 139
484 277
116 412
382 439
286 323
661 517
200 481
476 580
336 432
481 7
570 421
26 106
444 463
520 576
392 299
17 271
439 305
611 648
370 26
612 690
468 326
352 331
189 578
470 130
120 435
50 87
320 129
306 506
573 35
688 145
408 579
344 645
41 461
641 215
204 181
479 567
435 96
234 14
86 675
536 11
171 662
332 131
169 638
508 478
22 540
313 486
225 371
402 179
341 91
471 290
443 383
582 13
618 43
455 134
197 624
505 197
513 211
566 611
48 674
588 610
680 275
250 193
158 674
304 681
139 502
603 489
452 468
48 134
619 535
688 337
17 564
606 60
309 195
189 505
379 317
533 297
180 338
481 653
331 518
189 141
151 97
78 402
485 466
686 138
464 154
554 646
504 343
30 304
86 34
688 87
342 190
638 448
249 688
191 392
404 124
688 168
39 218
166 7
638 244
336 316
244 382
361 362
67 698
260 645
99 186
370 304
10 535
105 406
145 177
144 298
355 397
462 605
126 460
351 332
397 422
577 608
444 375
461 35
631 380
334 445
265 287
26 635
397 558
22 400
563 588
148 649
526 412
519 303
25 172
253 190
658 240
413 455
285 476
113 538
322 103
436 162
683 94
326 589
424 209
641 562
699 638
597 216
466 420
60 421
621 80
598 194
258 52
616 494
406 313
118 47
622 287
395 457
212 621
103 663
93 342
551 609
515 450
188 557
323 665
325 352
673 236
479 125
244 95
506 538
52 650
21 459
302 679
583 60
29 211
245 627
312 595
54 216
145 539
631 441
425 88
306 485
545 256
175 474
221 144
339 587
301 39
148 295
457 127
218 365
206 121
434 243
27 521
650 108
491 313
248 515
127 235
28 228
175 237
597 674
557 259
60 29
5 42
483 7
267 458
693 68
586 414
158 155
23 59
367 480
581 11
345 377
284 608
454 663
515 203
418 222
556 352
403 70
84 10
322 14
193 163
290 630
131 578
452 382
510 672
692 217
509 269
611 161
544 279
11 380
652 348
162 635
499 92
41 492
321 140
70 305
566 351
482 538
419 327
214 685
365 145
134 228
86 94
106 656
62 12
107 575
113 375
638 293
411 270
125 102
469 580
392 203
137 118
225 209
138 407
698 461
571 221
63 91
667 614
98 153
213 557
605 447
604 455
346 62
656 121
49 692
626 566
627 224
146 429
141 393
318 666
117 334
226 147
469 134
293 503
613 654
632 657
653 70
148 228
297 469
530 339
414 106
23 11
295 61
139 555
371 293
60 430
336 213
452 34
494 172
187 509
275 89
637 435
55 634
277 452
483 297
696 115
578 543
186 262
687 424
62 509
447 187
201 239
203 85
566 417
8 665
444 422
647 690
140 333
582 178
180 123
694 645
77 657
40 525
16 361
340 210
568 380
117 236
205 610
306 329
276 425
606 583
309 485
68 33
260 257
129 236
540 428
287 157
358 487
353 512
629 340
42 152
677 349
71 50
344 284
314 28
268 154
253 175
312 313
544 127
343 54
127 625
61 129
203 517
571 93
447 20
114 342
497 634
179 82
660 197
151 487
422 262
497 288
495 612
600 386
589 612
123 226
516 20
292 354
586 325
85 157
439 506
178 109
157 95
403 137
512 497
343 132
265 160
475 43
127 252
550 570
568 168
579 423
568 652
339 400
432 431
31 143
294 54
435 325
270 585
225 184
615 498
318 263
16 38
72 625
327 694
338 656
351 350
657 371
8 529
137 416
422 586
21 114
530 170
187 62
349 21
627 104
649 443
259 92
507 413
207 413
274 428
127 134
1 214
558 267
103 639
161 632
569 22
290 677
222 379
51 14
179 361
85 25
445 525
44 416
137 39
296 25
84 698
245 252
236 342
622 26
249 301
223 380
683 223
635 127
228 375
495 530
323 277
533 70
513 4
654 362
572 130
96 541
624 307
1 393
400 437
122 339
170 328
692 220
64 316
597 581
588 215
381 448
85 92
446 178
553 586
72 636
558 660
361 329
611 230
507 71
208 570
19 74
397 153
392 625
28 301
253 547
285 444
439 487
229 159
671 326
20 3
88 402
213 267
585 493
503 458
452 623
78 690
364 97
8 479
586 197
589 148
421 185
341 212
186 658
93 374
651 678
132 36
61 1
539 435
406 390
489 605
684 143
377 1
287 362
600 253
428 578
582 181
562 425
223 124
522 228
417 639
8 603
19 179
359 317
280 634
500 557
655 155
554 486
13 30
465 249
22 321
260 137
630 476
189 93
573 635
12 264
122 623
528 74
11 650
532 640
320 52
267 93
316 308
426 66
136 548
624 317
682 693
641 309
104 474
98 485
281 487
301 447
189 13
170 50
535 580
181 163
462 222
649 401
34 138
158 44
206 237
216 125
604 501
146 267
686 302
259 351
480 470
29 412
126 616
49 124
696 451
59 605
357 482
651 662
64 208
128 96
46 266
187 375
620 364
498 527
213 15
423 417
588 148
412 585
557 628
662 665
420 0
81 265
149 576
542 603
581 513
627 635
454 628
517 274
73 1
602 39
614 252
252 419
428 230
477 172
519 643
197 150
146 489
144 209
405 488
15 595
455 571
24 698
288 312
380 16
4 387
513 359
353 269
268 95
542 89
473 405
307 447
556 246
543 28
536 497
388 166
589 13
305 88
540 138
97 115
60 504
83 167
58 210
412 532
208 229
640 146
365 40
91 691
472 480
243 618
520 294
574 635
303 38
369 317
386 261
526 275
310 656
177 66
301 137
378 609
523 272
616 482
573 55
382 80
636 93
102 448
408 431
66 188
306 598
467 94
395 614
348 106
269 513
575 336
560 498
509 225
225 368
412 489
333 689
266 240
500 651
603 384
462 34
581 301
293 181
357 292
621 260
366 699
264 635
696 473
187 486
94 342
495 382
317 600
76 235
166 580
517 159
16 482
334 16
434 317
576 330
404 340
296 660
290 24
417 288
330 3
578 540
388 64
8 81
100 218
490 634
203 31
367 667
395 74
189 350
480 263
282 238
78 216
563 134
526 671
6 673
13 8
161 358
564 267
117 314
560 8
573 18
444 183
48 341
414 34
648 64
397 677
595 557
607 168
591 645
528 221
488 357
226 26
629 151
664 446
569 12
14 552
655 541
494 474
358 573
226 253
171 62
488 290
494 262
186 147
516 67
126 659
88 489
532 147
391 335
185 414
13 65
275 496
695 602
668 326
209 171
448 698
325 422
657 107
664 528
518 0
471 72
491 685
236 162
618 667
119 570
216 63
217 221
152 247
371 6
376 310
575 399
370 303
82 13
182 597
165 83
615 51
477 658
1 623
319 29
475 671
45 648
328 393
443 444
511 631
647 399
180 206
285 497
357 459
565 328
594 472
566 624
672 698
462 580
597 486
320 209
307 325
463 469
669 436
285 558
302 85
498 569
154 547
14 663
135 253
479 688
681 353
64 230
679 565
555 290
100 432
20 352
598 367
113 676
450 522
368 442
120 81
638 170
163 142
575 570
39 492
585 470
54 240
422 533
278 313
659 167
332 264
611 242
588 683
6 234
56 213
26 619
357 686
462 690
578 41
583 600
687 449
687 472
25 683
459 203
337 608
131 689
321 410
71 129
111 679
287 46
139 464
286 72
428 569
611 521
688 432
624 27
69 51
150 169
356 186
606 56
685 597
347 256
369 415
376 2
132 158
674 374
252 475
407 193
226 578
689 311
182 696
187 684
123 13
264 44
504 588
585 9
189 396
410 671
125 599
377 51
51 433
51 490
191 315
194 670
542 367
122 404
526 539
184 272
292 421
228 211
64 104
520 479
475 470
87 341
575 26
558 361
169 435
229 364
472 196
447 291
258 11
192 486
425 265
487 589
358 657
309 432
346 242
182 660
146 206
119 310
520 271
171 698
402 401
468 28
294 292
24 163
242 652
542 222
670 557
34 74
430 334
463 91
29 324
370 466
44 443
614 432
592 512
502 329
271 210
23 508
320 75
567 526
13 594
325 99
439 532
238 44
235 598
74 690
13 503
50 690
339 449
368 685
507 62
366 147
346 462
560 97
271 584
64 255
65 377
347 673
340 592
265 699
620 449
582 536
7 662
686 470
142 155
57 156
168 171
291 437
7 546
579 632
397 604
155 126
331 348
14 576
95 105
582 329
591 646
462 260
5 281
222 310
215 469
156 543
429 130
449 341
682 71
399 581
694 233
589 528
438 488
116 536
80 664
371 391
350 314
192 211
100 137
448 298
75 618
363 114
249 74
373 77
173 428
356 343
540 392
537 225
526 449
615 597
403 188
95 301
382 350
661 689
344 258
67 527
522 552
178 356
639 160
21 332
427 66
685 367
667 520
612 175
283 353
80 617
576 421
378 367
448 639
270 392
106 525
185 574
165 21
354 470
649 652
269 4
379 582
367 463
184 403
191 146
250 318
45 533
188 32
495 208
72 159
398 94
162 353
304 529
421 514
562 611
380 133
6 418
325 557
227 175
267 278
122 520
429 95
439 389
348 375
584 568
17 672
457 176
467 653
396 388
38 650
592 533
494 621
103 584
666 104
46 627
463 162
304 457
383 7
493 165
580 191
579 614
282 562
393 562
178 215
610 270
445 18
154 523
303 116
467 490
215 79
348 58
202 352
35 202
681 496
502 137
72 30
527 63
141 406
251 366
550 97
174 167
267 401
505 85
238 162
100 325
280 381
455 386
678 189
582 676
65 120
273 401
457 382
227 63
48 227
131 451
317 229
166 381
402 597
230 34
238 698
209 595
690 62
202 80
631 104
339 55
375 277
404 437
319 635
573 103
561 322
120 491
187 143
392 394
474 587
11 621
473 267
540 153
157 555
456 350
119 321
152 150
572 340
650 443
318 337
122 37
74 16
475 337
631 257
509 510
279 285
324 569
407 233
449 681
284 169
69 456
202 438
74 576
323 693
304 145
445 547
10 48
182 154
569 436
546 425
562 635
68 469
30 579
473 163
39 132
579 648
266 223
225 5
78 530
564 255
402 641
614 595
93 224
602 657
240 358
276 516
280 252
132 194
448 11
647 434
481 585
111 442
602 348
256 535
623 40
649 252
678 130
360 350
476 424
306 387
268 205
403 673
180 414
333 307
92 3
535 384
223 542
224 197
167 92
380 525
69 241
21 97
632 421
303 169
267 238
118 78
262 596
352 27
99 418
134 135
247 405
94 117
75 533
361 484
244 592
296 91
680 649
99 199
191 317
98 241
356 74
287 169
375 78
259 380
352 657
595 132
242 590
263 357
427 222
476 595
14 429
508 154
345 695
35 664
120 383
634 607
444 265
552 31
105 608
252 654
476 258
107 215
34 510
130 493
127 55
385 693
116 628
213 577
247 667
466 507
228 338
267 226
556 235
361 666
595 122
228 398
498 113
476 666
375 119
272 137
649 118
287 605
540 147
297 107
600 431
339 683
330 422
424 92
118 392
191 48
677 156
47 395
611 346
138 445
662 639
351 380
251 71
147 636
405 152
648 459
483 87
55 207
172 554
442 177
16 228
404 346
18 305
532 297
359 172
328 77
493 659
76 539
438 617
7 237
494 458
677 488
100 108
371 29
599 493
692 472
253 142
348 17
458 361
537 461
606 234
232 8
343 637
641 268
5 297
54 23
56 114
176 441
305 338
597 528
372 315
574 80
55 79
620 147
187 643
601 108
582 616
114 605
18 581
155 50
80 488
336 338
343 395
601 204
386 323
656 295
382 602
374 614
305 77
187 14
680 261
331 510
457 296
500 378
187 372
236 349
482 574
575 585
30 662
538 549
316 260
142 196
429 247
16 559
37 198
444 608
30 590
22 546
528 9
562 278
214 25
509 482
196 603
516 41
15 277
554 52
104 194
517 315
509 318
569 147
371 366
481 390
414 102
638 538
162 121
202 536
515 246
327 575
674 99
557 528
95 240
364 255
480 73
433 562
360 321
77 653
516 437
508 40
490 625
378 566
191 436
198 672
68 234
290 219
14 480
392 343
209 21
506 622
455 687
558 195
484 5
185 362
499 181
436 499
296 618
60 55
603 183
17 35
306 689
107 174
12 227
40 398
426 70
376 260
66 122
664 659
222 158
472 47
604 57
523 375
269 200
125 40
471 497
55 159
657 234
601 660
381 450
594 38
113 46
446 54
65 41
449 615
334 405
400 569
509 218
200 99
297 123
104 186
563 638
434 629
289 577
241 380
264 139
175 621
319 414
686 381
431 273
192 343
85 190
83 552
476 458
147 592
602 646
484 73
97 570
462 514
280 377
465 105
259 323
36 400
234 188
387 240
35 275
690 1
121 244
388 359
621 686
336 216
319 325
227 90
686 83
599 367
117 110
209 669
325 114
384 110
515 210
123 407
599 230
329 409
74 662
530 342
287 230
573 156
415 42
285 169
444 120
385 405
455 527
562 224
512 612
395 36
225 629
328 457
659 424
302 650
156 180
610 186
550 72
192 125
98 665
332 95
228 35
692 499
25 625
474 394
200 208
292 511
506 645
210 339
401 40
319 219
313 143
220 529
615 653
207 18
697 410
534 447
12 531
356 15
659 357
231 335
249 545
109 162
79 474
363 63
441 451
575 51
35 218
134 279
646 227
204 75
401 203
506 37
619 250
220 587
40 47
408 89
570 93
159 475
73 259
501 463
650 619
10 159
403 238
457 348
507 514
168 401
3 335
655 446
124 391
77 230
344 246
172 465
405 509
395 213
624 300
31 266
635 338
232 334
407 7
87 142
372 273
93 367
513 530
439 287
562 668
219 515
489 190
285 440
519 479
696 640
271 162
209 594
463 291
91 144
430 270
356 490
304 60
519 384
576 308
175 644
66 68
50 143
497 432
556 337
563 58
60 325
469 114
12 196
379 670
573 312
451 334
490 657
667 124
90 659
171 517
321 387
636 639
620 235
619 227
171 114
123 282
495 222
674 144
13 387
425 311
578 567
440 537
342 389
283 312
258 356
59 550
428 371
507 466
305 124
641 350
519 472
269 246
308 443
181 408
564 302
53 656
160 537
612 191
144 56
294 181
55 483
206 616
251 514
26 617
176 85
264 12
123 437
622 612
505 535
42 565
464 342
256 385
616 13
383 363
275 402
2 533
331 166
579 120
178 201
480 414
297 196
419 567
189 326
149 126
323 547
287 163
442 478
180 231
166 590
301 280
463 354
115 377
47 261
278 19
296 364
616 104
461 518
449 184
664 459
498 303
154 362
227 38
485 7
688 684
47 387
348 86
230 626
137 42
242 699
402 90
82 354
295 461
483 309
565 185
131 433
180 331
449 582
254 642
501 543
170 47
639 470
584 111
482 232
654 379
681 480
374 606
2 228
639 332
11 616
101 419
330 362
484 360
275 58
34 175
439 7
51 29
646 219
264 270
585 38
358 266
22 363
124 654
224 691
635 627
324 104
61 686
443 25
436 538
520 186
369 514
542 112
652 396
494 22
37 352
543 266
478 287
258 187
194 351
154 459
291 90
259 85
199 168
466 52
375 1
166 228
186 259
76 631
440 207
62 382
696 430
187 245
312 440
55 372
393 688
58 511
170 81
471 612
426 511
325 587
506 288
628 347
93 70
290 220
258 457
308 131
419 44
467 262
636 378
407 13
697 68
432 441
52 0
95 577
319 506
281 44
277 51
252 653
642 147
151 458
512 514
240 141
74 173
442 513
660 531
162 215
679 266
398 653
116 456
686 554
146 497
177 398
676 241
363 236
413 219
435 402
259 236
354 308
171 406
664 596
658 221
347 165
216 233
496 457
520 322
174 682
62 663
396 688
291 108
617 355
442 524
324 252
110 666
176 549
102 228
5 323
547 632
596 655
420 465
575 226
274 595
534 48
689 616
30 143
189 473
290 585
376 423
575 92
135 456
301 612
226 36
124 554
353 641
539 221
575 154
349 327
180 29
223 666
634 34
615 107
617 170
484 450
411 576
68 43
626 615
240 428
240 607
144 114
201 200
317 401
521 319
245 44
233 259
241 226
439 246
84 295
50 684
642 440
110 518
368 591
74 220
330 31
162 335
542 335
202 309
575 424
189 191
19 280
74 512
98 3
218 498
42 197
35 571
535 513
170 60
381 184
564 693
83 29
338 234
520 1
487 578
260 116
243 538
375 272
152 682
21 138
593 348
329 119
342 322
72 588
637 349
664 328
81 574
122 616
668 164
56 236
58 2
279 310
456 680
77 214
322 468
294 621
403 375
517 522
503 336
111 29
107 418
650 372
458 393
10 355
41 425
227 558
43 108
298 588
54 51
661 11
226 353
579 311
103 612
678 267
655 356
104 640
91 221
184 85
545 278
30 272
442 12
484 485
486 295
174 650
113 13
80 416
288 354
253 660
374 37
522 238
627 590
414 505
527 455
377 484
236 628
683 39
282 593
402 411
207 350
660 464
377 571
455 439
55 314
693 297
521 203
160 238
624 637
27 465
140 401
45 210
464 21
299 420
408 455
544 419
10 642
639 372
538 249
336 290
226 188
435 388
651 491
10 197
64 542
491 644
99 529
269 441
72 302
673 480
50 533
493 131
406 616
422 356
546 557
246 150
514 56
459 214
363 274
385 388
344 420
320 156
120 381
90 222
49 514
315 580
239 383
59 340
682 622
618 269
446 149
663 156
550 67
686 170
269 248
145 646
432 597
472 338
406 653
347 543
522 353
552 65
559 117
500 350
699 354
154 499
639 147
17 179
449 46
323 623
461 424
330 671
199 612
307 547
237 244
323 103
155 651
281 646
95 597
682 507
527 173
254 271
643 548
506 534
465 101
435 241
26 287
144 55
658 309
518 563
444 696
303 542
155 349
661 172
486 602
145 53
363 118
76 590
221 383
245 462
108 340
112 450
601 195
464 55
312 605
537 548
405 315
241 599
328 348
566 38
612 152
227 524
55 276
130 649
304 528
523 617
164 468
426 629
488 580
311 666
38 354
505 204
263 316
354 630
608 86
356 415
643 363
480 468
180 430
125 446
279 500
3 554
162 1
198 62
151 212
23 386
538 394
46 0
334 235
464 401
41 654
699 52
676 339
469 264
112 161
588 354
60 281
28 267
535 90
504 87
372 414
313 322
224 158
213 432
532 546
26 587
561 189
246 372
448 606
423 658
262 283
17 513
195 429
278 226
189 288
209 123
30 22
276 601
136 284
410 494
466 317
427 158
635 546
120 476
567 650
295 150
106 522
468 439
186 435
211 600
70 145
565 147
563 488
46 421
281 698
8 543
116 583
235 262
546 541
495 595
13 344
462 45
193 349
329 464
295 117
573 258
549 663
622 196
612 504
667 83
487 158
160 148
305 556
293 271
599 348
54 413
217 176
165 264
163 60
396 41
520 421
626 72
216 344
377 361
415 458
577 201
103 112
550 6
158 301
542 221
459 198
290 422
57 482
450 555
673 173
579 608
259 132
617 505
541 76
196 522
461 215
383 333
400 682
36 16
481 153
520 525
602 532
635 265
439 366
653 687
22 369
55 226
103 175
77 511
431 60
288 486
89 406
534 664
547 30
169 658
63 97
508 618
576 423
449 241
630 503
448 6
5 124
337 442
194 27
597 37
456 76
117 523
320 439
258 251
682 165
650 482
193 457
304 129
410 475
422 487
592 602
311 126
551 241
509 91
516 279
68 537
11 479
647 113
350 192
247 394
689 664
552 221
283 636
298 169
536 307
698 123
323 508
217 513
516 573
571 273
419 109
75 55
694 640
205 694
329 311
407 287
197 635
231 34
14 27
572 441
670 162
260 518
525 309
611 329
334 232
322 255
257 628
93 660
424 659
556 274
592 389
98 204
323 301
574 466
360 508
562 610
304 569
115 466
638 281
638 133
118 657
174 354
183 599
101 413
583 395
632 398
533 665
315 82
287 523
420 126
47 475
91 667
140 399
681 4
1 79
527 436
664 455
198 102
675 77
616 517
6 288
63 126
244 520
359 467
24 294
55 597
693 471
626 461
275 44
189 179
51 592
698 10
88 539
349 238
60 492
571 281
587 449
533 97
135 363
585 155
352 127
306 235
610 268
274 222
60 603
581 583
424 98
200 621
291 616
597 454
531 280
675 650
615 238
677 266
433 373
316 309
400 232
204 211
85 251
281 139
486 683
210 526
626 601
56 187
337 372
345 93
71 544
152 447
279 251
466 309
326 84
330 221
152 591
325 527
570 317
247 236
293 174
673 39
261 570
202 663
502 181
24 192
215 322
550 29
121 19
309 504
166 150
339 321
53 566
216 410
419 155
394 229
409 2
548 472
45 355
496 121
204 446
510 533
541 230
545 559
426 138
116 501
430 653
564 224
353 570
81 539
264 242
387 544
313 267
276 396
567 285
242 455
660 180
691 653
557 46
676 511
588 73
551 314
680 49
109 594
348 204
128 440
693 570
483 460
658 0
373 632
110 209
411 592
92 568
47 654
309 677
0 300
214 199
257 207
190 474
549 655
230 489
314 679
81 180
525 177
257 162
197 461
543 371
365 609
173 576
378 226
442 293
327 573
18 269
163 481
219 288
109 667
430 486
61 282
89 204
468 517
286 647
291 247
14 444
86 690
440 654
672 284
318 450
682 605
239 173
153 81
25 688
140 568
152 657
82 511
573 652
279 606
43 234
461 90
282 236
36 316
525 369
645 242
100 310
429 191
149 289
603 267
505 242
681 390
614 250
458 506
454 643
4 464
290 211
640 86
409 180
544 484
551 498
289 523
90 57
5 432
248 4
641 66
265 1
362 675
684 562
605 56
432 135
26 386
631 204
256 596
495 267
175 652
429 236
517 199
98 317
396 15
135 248
203 467
46 570
217 153
556 37
537 226
379 482
180 310
106 516
519 157
37 259
152 427
620 576
274 487
88 367
284 659
173 567
380 91
492 218
140 126
686 425
637 264
281 31
216 450
672 468
382 470
180 332
122 657
608 540
581 206
58 226
88 253
287 462
280 522
129 188
448 621
127 276
14 264
682 256
615 357
696 460
375 310
514 107
94 169
184 518
68 696
8 458
204 602
457 169
128 534
381 165
269 530
237 662
621 185
331 501
214 678
485 382
261 217
83 7
423 446
488 75
44 376
138 440
166 214
526 240
478 317
143 406
673 577
20 276
336 658
135 172
51 684
654 17
59 265
110 233
451 616
248 348
130 213
602 562
484 97
500 671
669 282
326 675
379 548
351 240
561 429
104 616
597 353
470 61
53 675
698 371
579 7
245 542
632 341
309 531
377 311
214 4
467 366
288 647
563 659
690 533
149 96
19 499
124 454
506 640
131 67
183 295
338 461
191 143
433 693
602 213
310 596
425 513
449 107
179 195
182 510
465 269
505 502
176 581
475 626
647 443
570 138
680 554
296 63
57 490
68 320
1 169
562 231
629 15
404 341
387 636
253 380
576 629
362 0
322 446
345 249
57 100
680 357
60 465
392 46
53 194
98 697
426 189
329 579
71 169
431 649
8 234
342 698
342 367
395 123
620 617
677 327
275 154
368 57
27 155
18 382
20 629
643 55
547 191
106 560
388 352
460 508
570 244
32 629
661 216
263 608
612 101
340 136
127 482
11 326
326 255
592 132
627 162
371 144
51 377
73 551
126 684
210 555
89 18
674 78
43 367
13 110
532 444
171 112
326 159
22 131
385 455
678 444
70 354
153 557
495 277
351 388
181 98
622 582
94 89
248 68
630 167
386 465
93 125
362 288
196 220
81 546
39 417
377 406
603 268
227 285
416 121
587 334
379 374
519 453
3 497
512 83
283 366
313 398
56 536
567 96
327 688
104 9
268 358
585 178
390 436
429 94
24 580
148 245
624 479
324 523
331 202
297 112
624 213
669 456
32 36
47 354
635 528
20 466
597 140
489 513
202 537
502 233
328 14
106 218
11 403
522 103
131 194
315 568
243 62
393 132
157 373
677 570
492 246
607 273
66 497
347 659
273 392
691 225
408 596
499 637
490 331
674 230
341 276
552 342
8 210
646 580
250 417
593 22
482 462
430 678
581 527
244 569
128 77
682 613
444 331
556 667
578 142
503 516
554 407
18 414
83 131
43 492
44 463
280 475
401 694
289 619
21 249
551 679
594 275
94 678
350 488
487 167
197 98
306 447
264 302
259 600
594 582
306 145
314 462
487 573
102 181
623 67
541 235
423 85
283 406
273 424
53 579
50 693
358 114
666 133
129 391
603 105
152 683
506 602
45 96
562 302
539 99
333 326
173 22
647 172
472 226
436 227
17 300
607 16
450 600
146 174
591 171
14 568
651 120
205 441
203 478
77 487
610 481
217 544
67 510
233 237
588 445
310 5
453 158
122 664
374 382
305 107
632 571
678 225
121 29
432 333
515 189
238 355
55 290
224 282
594 499
226 319
292 79
572 190
373 114
221 41
359 582
309 629
160 58
185 191
2 545
391 211
92 579
425 255
571 338
115 270
337 381
586 394
463 440
395 237
190 60
414 634
619 573
548 5
104 230
294 190
414 306
532 23
274 483
687 247
572 12
152 665
622 444
457 40
568 225
19 652
367 373
365 245
206 163
263 665
510 576
339 61
155 566
684 343
119 407
635 237
150 353
54 172
598 60
138 632
218 324
135 598
605 690
211 460
226 468
71 623
353 298
384 142
336 169
47 573
305 128
478 563
296 694
424 511
465 202
97 214
498 669
674 122
563 442
111 91
497 544
66 464
531 104
672 417
659 686
349 615
676 192
617 336
271 502
240 417
295 556
514 493
148 465
555 470
145 427
555 588
476 677
298 73
553 450
184 247
57 75
651 203
639 696
672 202
81 142
423 146
406 611
643 97
620 365
178 673
408 125
566 307
524 668
392 418
578 589
692 20
143 256
690 235
384 108
32 140
128 247
431 492
455 275
592 289
189 35
26 192
431 473
452 61
75 502
95 450
336 405
541 566
174 543
79 55
490 619
418 596
121 419
73 658
369 697
127 634
323 638
44 543
541 196
391 473
59 37
329 62
583 556
566 221
386 559
465 47
545 82
21 531
261 162
497 95
104 641
518 570
274 555
174 693
469 635
686 306
658 334
401 354
256 405
77 506
522 216
89 569
512 433
258 2
469 225
443 39
434 427
444 588
672 38
12 589
61 70
190 405
536 238
299 503
41 228
478 550
534 540
532 496
433 658
517 428
508 244
179 645
426 265
372 44
138 221
538 52
298 221
100 375
417 377
356 487
78 302
664 641
230 174
327 100
400 581
1 213
267 500
332 339
576 232
615 594
42 231
421 655
625 83
428 203
207 460
695 551
116 117
334 515
52 114
180 266
294 502
455 203
210 506
372 228
73 527
583 125
561 534
35 462
330 618
570 340
427 593
100 306
502 523
590 499
169 232
451 284
439 379
304 525
458 285
570 90
494 78
488 23
493 201
503 489
435 687
135 434
309 614
584 612
658 363
534 37
311 336
531 436
644 660
285 451
476 113
552 351
439 62
239 364
77 455
468 454
606 500
456 403
265 378
96 385
626 447
457 262
484 393
138 502
691 410
197 251
334 619
19 44
430 425
237 140
132 297
482 393
446 673
536 641
679 396
673 53
280 107
230 676
551 4
132 139
241 555
198 325
247 211
525 388
265 252
362 634
117 209
29 186
205 421
571 91
257 197
502 17
138 688
312 580
32 273
166 419
436 72
631 431
154 42
286 220
163 331
290 273
631 76
402 313
419 653
619 262
310 327
666 457
647 435
387 119
504 469
181 245
179 364
376 133
226 31
192 639
563 193
464 151
14 18
143 690
378 435
336 413
143 558
318 256
643 378
218 148
653 689
422 402
87 691
112 173
520 45
380 387
51 510
130 646
197 481
628 348
428 300
419 14
561 608
545 463
396 2
106 110
379 157
605 102
674 335
609 366
398 273
252 109
496 660
428 256
278 685
575 145
596 211
39 669
585 323
257 550
87 624
659 125
124 557
335 498
60 213
172 134
185 483
621 203
626 477
174 433
583 338
537 298
496 244
417 205
335 360
289 207
670 492
469 373
41 639
70 370
673 97
77 9
2 646
88 344
108 625
245 179
117 424
295 290
271 427
433 477
641 85
249 501
223 436
162 588
654 140
148 406
31 362
241 224
30 512
514 656
334 289
465 134
625 408
135 395
467 441
537 4
167 681
261 430
150 540
575 299
584 245
235 195
351 9
306 279
300 664
431 122
9 172
433 185
566 11
495 591
394 282
163 373
161 100
483 62
130 228
616 389
415 378
70 246
40 519
472 574
526 346
355 578
447 653
497 115
552 38
13 282
86 51
7 68
234 450
678 307
530 608
697 696
327 255
47 105
455 588
594 508
291 597
102 398
538 583
195 526
580 166
462 307
344 136
521 272
241 193
428 392
695 288
642 103
40 172
68 654
323 130
381 197
687 52
584 601
202 237
184 46
597 148
462 186
577 486
81 597
593 529
556 515
434 288
205 364
377 432
392 147
666 132
124 189
515 473
251 503
437 602
288 70
369 529
604 518
570 519
335 227
397 73
223 75
28 293
328 680
251 233
533 296
554 586
125 377
261 95
453 355
251 610
437 259
685 207
532 669
366 140
395 102
370 535
350 636
492 521
292 582
179 437
155 347
350 644
111 217
574 564
106 687
685 75
294 542
80 314
336 164
245 28
675 119
488 623
502 422
312 587
291 650
303 178
37 586
131 410
297 345
199 162
56 129
310 595
427 669
268 131
153 93
314 307
237 374
440 600
441 560
583 519
252 196
509 561
132 78
689 511
154 81
367 694
616 354
447 588
78 76
76 418
340 279
122 5
19 138
664 240
698 445
577 351
671 315
595 400
38 571
312 424
348 153
29 537
165 160
296 94
221 197
585 70
396 99
473 269
170 436
356 450
3 695
86 435
636 250
351 241
265 514
595 644
600 304
11 680
343 443
18 100
455 228
640 193
170 12
371 38
157 105
226 513
130 358
579 198
610 485
219 18
554 172
335 220
65 607
466 358
382 636
177 541
392 546
105 219
236 393
196 322
254 486
121 346
539 441
225 28
519 53
528 304
304 587
558 334
355 191
108 47
484 257
560 694
147 488
631 59
239 529
400 398
344 397
176 362
93 296
43 252
373 71
249 623
416 510
158 446
366 50
535 12
509 73
59 607
639 278
386 130
590 652
361 238
175 444
698 510
448 246
452 280
350 133
277 662
242 66
70 625
66 249
477 209
608 559
555 35
74 1
509 158
393 619
434 168
131 306
693 573
671 300
686 603
404 462
250 44
631 41
185 149
508 227
20 211
391 39
360 698
695 58
253 88
89 545
698 106
323 420
240 581
438 272
458 479
647 411
460 224
241 386
333 217
47 179
675 425
141 355
389 640
8 216
39 199
427 173
310 359
637 589
86 313
423 571
408 662
110 359
434 171
344 326
546 190
650 104
462 8
153 218
12 136
263 160
153 23
363 321
660 242
125 340
19 627
545 540
291 665
100 457
94 368
610 224
612 51
430 219
222 545
546 111
297 381
325 625
482 445
373 678
519 522
646 103
191 127
504 449
420 643
515 180
157 180
372 603
7 391
323 652
688 210
619 44
295 397
468 238
101 234
592 559
268 157
228 611
33 258
212 70
71 462
165 107
161 585
489 549
488 474
258 392
144 442
527 394
325 671
211 347
677 153
502 109
644 80
590 383
486 195
147 659
191 435
447 672
189 418
114 260
74 503
443 351
537 519
408 281
294 550
85 187
27 549
655 555
61 119
607 577
228 676
161 337
214 582
634 59
621 496
697 285
517 617
35 197
367 538
480 486
354 124
516 214
607 671
127 512
312 336
186 184
193 316
626 0
29 577
601 209
677 454
481 591
386 480
445 246
323 46
55 665
473 469
178 350
561 132
222 395
131 508
622 488
559 417
359 43
79 345
492 647
396 692
155 121
338 593
645 182
294 68
636 630
693 463
413 2
28 639
342 243
637 155
685 525
196 681
550 656
457 17
327 533
529 350
574 272
233 435
417 485
75 574
199 335
504 53
560 493
506 478
411 167
333 114
531 13
413 334
371 164
38 466
187 424
258 488
592 548
385 332
643 275
321 134
672 75
316 24
144 222
370 69
22 52
42 478
343 469
461 83
150 181
305 537
457 83
353 283
672 355
463 56
402 215
362 577
618 350
34 59
443 234
218 406
39 584
401 159
674 189
47 133
39 300
336 571
261 208
629 293
528 615
350 237
654 210
315 509
287 306
606 483
499 320
462 177
643 260
434 385
178 255
458 197
104 368
529 655
166 423
309 231
311 388
435 189
10 19
172 480
379 466
74 429
24 25
113 373
430 170
257 165
203 164
346 391
670 50
152 666
578 659
112 334
197 564
373 592
344 441
587 546
642 673
180 276
637 216
127 132
19 696
48 620
554 327
437 240
545 226
248 508
441 274
73 301
249 50
381 301
154 541
495 81
91 82
489 553
4 445
91 567
527 116
623 57
469 85
125 353
2 129
494 9
515 386
33 278
286 243
254 335
232 398
576 260
268 618
588 271
120 466
205 141
161 415
134 85
650 184
346 260
187 144
545 430
186 81
421 189
354 681
117 458
276 295
248 479
498 475
497 651
447 620
685 49
422 554
529 355
616 73
523 73
208 598
221 287
199 657
284 228
555 347
487 539
556 462
193 616
155 28
310 81
475 461
178 451
146 487
437 65
314 136
77 449
581 214
188 140
621 126
98 232
591 26
395 651
19 9
238 339
581 500
443 395
292 522
618 74
293 365
151 271
19 566
488 109
13 204
467 85
98 453
570 122
377 422
37 371
59 245
101 373
82 336
558 571
206 387
301 287
416 335
75 483
290 292
682 224
383 210
57 557
403 551
428 501
668 474
481 297
171 644
174 339
661 7
511 435
124 51
607 694
630 371
51 337
123 149
131 241
243 21
464 698
585 360
394 295
669 21
458 632
386 309
107 454
532 647
35 135
328 207
391 45
27 384
349 371
103 344
380 113
373 84
488 601
669 152
411 329
482 128
46 479
637 235
506 301
366 191
327 149
279 145
514 532
28 607
122 484
375 477
425 238
492 497
634 22
548 672
553 489
385 57
541 411
388 518
21 278
344 78
132 385
256 480
267 655
175 677
242 550
377 113
355 426
492 37
675 336
698 455
664 77
179 124
119 529
307 570
247 527
208 147
539 651
566 550
489 444
159 170
563 434
479 55
490 481
378 386
216 554
133 554
396 56
300 384
397 173
271 143
695 189
392 7
470 179
632 367
463 150
558 247
648 235
121 298
406 580
586 435
618 360
8 544
627 295
621 524
680 433
519 462
385 489
475 650
443 685
166 645
507 175
224 559
279 74
657 7
85 405
660 234
406 101
431 587
625 561
424 509
330 415
171 339
144 491
45 590
465 397
210 641
63 92
224 253
618 536
186 434
204 104
202 549
673 288
461 488
101 212
519 388
145 192
116 531
358 451
123 465
556 432
183 639
535 193
344 264
460 670
190 576
282 3
1 584
104 311
278 470
512 418
380 18
180 46
442 199
249 336
593 588
116 465
658 386
566 613
613 142
71 152
690 238
662 186
504 178
548 636
372 314
570 514
373 313
566 69
69 107
198 589
410 312
422 182
644 593
633 328
286 653
181 158
676 208
520 394
146 499
237 20
455 387
585 296
322 11
409 119
105 548
420 639
669 426
230 238
101 684
380 274
452 213
396 589
666 533
414 391
417 195
492 506
489 218
546 656
214 126
175 482
510 391
118 151
546 211
562 255
651 358
601 482
641 361
417 10
550 382
72 554
34 337
102 174
86 513
408 632
145 477
214 157
144 449
510 236
32 309
237 231
212 572
277 650
56 687
502 35
686 35
340 683
177 512
310 228
553 447
601 689
313 248
267 689
6 150
564 248
626 602
298 30
444 522
648 184
26 504
146 498
119 99
665 4
200 60
50 477
363 97
501 417
356 626
321 139
322 203
566 527
554 640
490 510
687 417
122 591
538 13
168 273
593 124
585 392
86 292
642 268
62 124
488 477
86 36
472 251
267 37
622 214
290 390
680 271
144 175
58 57
320 600
288 261
2 502
283 223
112 571
662 534
329 374
681 592
419 223
498 622
590 454
75 30
40 62
203 152
589 271
273 149
502 327
87 574
665 678
278 427
659 403
156 112
27 92
134 46
147 174
315 251
97 671
285 147
292 342
296 546
108 570
241 446
507 278
600 514
298 645
28 89
162 55
126 594
579 502
122 525
285 461
380 621
371 691
611 661
564 538
461 473
43 51
242 538
650 338
676 404
521 312
417 167
349 111
79 363
269 56
400 357
249 62
94 546
83 514
382 142
666 175
342 149
237 589
191 347
666 160
418 336
397 218
181 518
545 474
98 583
625 244
427 687
294 589
164 54
138 200
38 537
431 291
443 413
638 439
188 71
132 228
237 92
372 428
516 121
515 464
278 442
95 13
639 122
337 445
498 328
398 693
549 155
612 355
7 547
53 57
95 482
681 137
434 594
172 622
508 416
192 321
111 185
252 58
419 3
155 236
406 649
150 250
10 32
638 204
399 450
506 634
189 477
691 255
464 620
437 10
68 438
392 434
377 388
382 491
348 559
451 466
199 488
630 56
2 385
569 75
140 363
171 454
362 134
88 294
395 155
366 373
25 478
289 65
6 179
94 451
509 77
663 70
200 563
242 664
302 156
267 158
118 481
135 476
542 213
615 426
646 572
347 270
84 459
229 564
627 459
685 342
35 443
177 70
211 335
40 262
662 188
554 116
281 203
203 612
250 191
69 44
251 189
646 144
154 409
301 141
83 417
72 519
126 645
279 635
323 302
603 642
344 263
175 388
184 271
173 174
574 37
527 230
674 530
191 581
