1000 5978 3000
18 17 12 14 22 12 23 25 17 25 5 24 11 18 5 7 7 7 15 24 17 17 6 7 11 11 22 15 24 21 9 9 22 12 11 24 22 18 19 17 21 23 18 10 10 19 19 14 6 25 15 16 11 24 25 20 23 13 10 20 14 12 24 16 20 8 9 15 20 19 6 21 7 11 16 17 16 12 14 25 16 6 21 20 11 11 6 13 13 15 15 11 20 5 23 9 17 15 7 20 22 9 7 25 13 23 13 7 9 5 24 22 21 25 13 8 5 13 15 10 10 17 5 14 19 17 7 5 17 25 7 23 7 15 18 19 11 18 13 23 15 25 17 24 23 23 10 17 19 25 16 18 7 6 9 16 13 6 15 10 15 16 24 5 12 15 22 12 24 22 19 10 19 17 12 15 19 24 19 5 20 6 5 12 9 6 13 25 24 18 12 20 15 17 21 21 15 24 11 13 8 19 19 7 10 25 19 23 8 5 10 11 15 16 8 9 7 9 15 17 10 24 19 20 22 13 10 13 10 12 22 20 13 10 19 11 21 22 9 5 7 17 16 12 18 11 23 16 23 15 11 17 22 22 25 16 22 6 25 22 12 14 14 17 13 22 20 10 12 22 6 19 23 13 18 8 19 10 12 12 12 17 25 21 19 25 25 13 15 16 20 5 25 22 17 9 20 19 19 20 18 8 5 13 9 6 23 5 20 25 25 10 13 10 25 21 17 9 16 18 13 9 17 13 25 16 5 7 13 9 13 14 6 6 19 22 16 9 11 20 19 24 17 5 13 22 24 6 17 20 13 13 12 8 15 25 23 20 19 20 17 11 22 25 20 22 13 16 13 13 21 12 8 20 17 10 24 24 7 19 18 13 23 13 16 17 7 23 18 6 23 20 7 6 20 11 6 10 15 10 11 15 9 5 25 23 9 19 25 5 21 8 13 25 6 14 25 10 11 14 23 13 25 22 11 12 10 7 16 12 6 19 14 9 11 20 22 15 5 7 10 17 13 5 20 5 14 24 9 20 9 24 19 9 12 9 19 13 14 15 24 12 22 25 16 11 11 12 25 5 16 16 11 18 12 8 8 20 16 6 18 19 21 20 21 12 11 8 25 21 25 23 12 11 20 20 12 22 21 12 24 19 15 22 18 15 14 10 11 22 11 8 22 13 23 18 11 23 21 25 10 5 9 22 19 9 16 18 13 7 7 22 21 8 24 17 6 13 17 22 13 15 25 17 5 16 14 23 10 23 19 6 16 12 10 8 18 21 16 23 6 12 20 20 18 12 23 5 7 20 5 5 13 22 9 6 8 10 12 10 7 7 22 11 18 24 15 13 15 5 7 11 22 22 10 25 22 18 7 21 20 6 11 16 11 6 24 21 6 23 10 6 21 21 10 24 25 11 8 19 19 7 10 12 7 16 25 21 9 18 8 16 19 15 13 17 6 8 23 15 22 23 24 13 19 12 18 13 23 7 21 19 9 22 13 14 16 25 17 23 12 12 17 22 24 19 17 8 21 23 21 6 17 23 23 17 22 7 5 17 25 21 18 14 10 10 14 6 20 22 6 17 22 14 14 23 17 15 16 11 23 20 12 17 15 6 12 21 20 20 21 20 16 7 12 21 16 15 10 8 6 16 21 15 18 8 14 9 9 25 5 15 18 22 24 13 9 6 23 12 6 22 17 17 17 19 12 23 20 9 5 22 19 9 13 10 23 19 6 17 20 7 5 21 6 16 24 10 12 14 14 8 21 9 16 17 10 18 25 13 8 25 14 17 14 7 16 8 9 11 7 10 25 16 6 23 11 15 6 13 17 15 24 9 20 19 12 14 6 6 21 20 14 18 5 14 19 18 15 24 5 7 24 8 12 14 21 9 6 6 20 9 15 19 15 8 13 16 15 21 25 7 10 13 17 11 10 11 22 21 15 9 23 10 23 7 16 14 14 7 9 9 20 22 22 22 24 23 16 19 6 25 6 16 24 21 9 20 11 5 13 16 22 22 16 14 16 12 22 17 18 20 24 14 5 6 19 8 24 7 11 20 20 19 18 19 24 13 8 23 6 25 15 6 10 14 24 16 6 15 15 15 8 19 10 14 24 12 14 5 11 8 9 19 9 25 20 20 6 18 24 12 17 15 19 8 13 11 22 10 13 5 5 21 11 24 25 22 5 17 21 15 7 16 19 22 23 25 18 14 15 20 23 9 24 18 10 7 12 7 19 9 22 19 12 17 7 5 24 20 25 23 6 10 13 20 14 17 22 19
3 17 8 6 4 13 18 12 17 11 6 5 19 12 4 19 10 3 20 5 20 6 10 16 10 14 9 18 12 9 12 3 17 4 17 16 5 15 5 17 14 16 14 12 14 14 5 17 11 14 18 8 19 4 14 12 14 13 6 8 12 12 17 6 3 20 18 14 13 17 5 5 13 20 4 12 8 20 20 20 11 9 12 7 12 18 7 18 9 9 6 5 19 16 17 18 16 11 9 15 15 20 19 19 7 12 10 20 5 11 9 9 10 18 17 4 9 20 18 11 10 5 20 10 11 6 4 8 13 15 14 7 4 20 5 18 7 15 3 14 17 11 4 13 3 18 13 8 18 14 8 12 9 4 18 3 9 18 6 10 3 10 13 12 20 13 19 6 16 11 17 14 20 14 16 17 14 12 16 6 11 6 20 10 3 11 15 8 18 10 20 17 13 17 20 20 10 10 9 5 17 10 12 12 15 6 3 6 15 13 15 10 11 18 13 14 9 9 15 5 16 17 6 6 20 19 3 3 11 10 11 15 13 16 9 5 8 10 8 19 7 12 17 4 8 8 9 19 15 9 17 14 10 14 14 14 9 13 12 7 12 5 4 16 10 19 7 9 15 5 16 20 6 3 9 10 19 19 18 16 16 18 8 17 15 7 12 3 10 13 4 7 18 20 10 8 19 9 18 12 12 8 12 11 20 4 14 10 8 13 5 6 10 10 3 16 7 4 4 12 19 5 13 5 6 11 9 17 5 20 20 11 15 19 17 6 6 8 3 7 8 14 16 11 20 13 8 18 16 12 8 4 4 8 13 8 7 10 18 8 16 16 20 4 5 3 7 10 15 18 19 12 10 5 8 13 7 8 16 14 14 18 18 4 12 16 4 7 7 11 8 13 14 20 18 8 5 17 18 6 20 17 6 15 16 6 19 11 6 14 20 16 16 20 16 12 11 18 20 8 12 12 16 18 17 3 5 3 16 18 10 12 4 16 19 20 10 19 9 3 4 10 19 13 12 17 7 15 18 15 6 3 7 9 14 7 19 11 4 11 7 9 8 8 10 18 8 12 3 10 9 14 6 18 11 5 3 5 15 13 6 6 16 13 16 15 11 20 17 16 18 7 15 19 16 18 8 15 10 20 5 6 3 15 5 17 18 8 14 3 4 16 14 10 13 16 4 8 16 16 7 10 6 15 15 15 10 6 5 9 17 4 8 12 16 9 13 17 18 8 3 19 15 11 5 15 9 18 10 6 16 6 18 5 6 4 7 11 14 18 16 6 8 13 7 18 7 5 11 16 17 10 10 6 12 12 6 8 4 15 16 4 3 9 14 8 17 11 10 9 3 10 14 19 12 3 20 8 10 11 16 3 3 13 17 17 18 7 11 10 18 5 19 16 10 17 16 10 15 15 10 18 19 12 6 16 3 6 16 16 18 9 7 8 3 19 11 9 20 8 17 16 10 5 6 8 9 20 15 4 4 8 20 17 10 3 6 4 4 11 14 12 4 6 7 17 20 12 11 8 17 14 4 12 19 18 7 11 17 12 19 20 12 16 18 17 6 8 5 19 12 8 11 14 5 4 11 5 15 19 12 18 10 8 5 8 16 17 15 17 12 4 3 20 20 19 13 6 19 14 5 11 9 5 11 17 6 14 11 4 10 8 20 14 18 8 5 17 3 18 8 7 9 13 4 10 6 5 16 14 10 6 10 5 5 13 10 5 19 6 18 13 19 20 5 14 10 8 11 8 11 4 20 7 16 6 14 13 20 19 14 17 17 18 11 12 17 18 7 20 5 4 9 13 20 7 12 9 19 3 20 12 15 19 7 4 6 17 18 20 13 4 19 4 7 12 19 11 6 6 4 19 20 3 5 18 15 3 11 7 8 11 17 6 20 11 12 6 13 13 11 3 3 4 12 14 12 17 12 12 14 3 11 4 3 4 19 15 11 20 17 19 13 15 10 11 13 4 17 15 10 3 15 16 8 13 5 12 3 10 14 17 18 11 13 7 3 17 16 14 9 12 16 11 9 13 17 8 17 18 5 19 13 17 17 13 20 6 13 5 16 20 13 11 8 17 7 19 10 3 17 10 6 15 3 19 12 18 9 7 6 19 15 5 4 8 7 18 17 4 5 5 13 5 13 9 12 10 16 15 19 10 16 15 19 5 18 6 10 8 8 4 19 5 9 17 6 14 19 18 9 4 15 4 17 7 4 15 20 6 11 10 11 9 9 11 10 9 12 3 12 4 17 17 9 14 10 4 15 7
480 529
303 64
373 282
475 472
261 5
100 48
720 389
90 931
858 45
911 799
73 110
22 910
348 108
660 334
643 345
52 624
90 193
738 355
118 207
0 107
723 104
423 904
104 520
833 339
242 640
315 239
776 929
621 877
178 187
132 180
619 588
437 952
992 736
65 788
363 759
780 678
158 11
890 998
98 170
196 594
758 391
295 292
297 312
14 910
536 49
130 986
628 886
832 751
150 458
200 92
183 630
844 356
733 947
430 41
401 507
436 399
580 121
734 512
990 992
390 502
589 652
499 894
542 789
515 78
611 86
291 324
853 361
587 100
860 948
118 927
357 803
15 451
847 99
423 257
596 340
780 757
910 798
725 577
366 186
916 868
34 151
309 873
99 179
913 164
871 596
407 146
972 262
472 636
451 34
147 93
955 798
418 504
92 714
683 387
979 795
463 636
238 401
762 472
465 0
424 293
360 440
900 409
564 833
824 437
697 588
900 863
540 611
63 122
573 597
677 473
644 314
254 711
359 557
58 364
661 373
965 689
141 2
673 578
112 23
965 146
62 259
139 416
503 860
658 268
744 162
522 318
125 18
110 300
13 854
12 19
320 74
398 960
461 486
898 455
122 941
326 309
831 144
151 8
904 454
701 203
279 825
965 464
37 127
389 372
692 280
681 429
304 232
717 290
983 759
601 113
989 764
354 573
676 703
634 565
837 995
446 242
168 170
885 962
87 146
254 961
943 519
205 885
325 901
200 733
777 86
846 518
271 588
671 449
693 836
553 135
707 206
990 717
396 539
74 368
434 524
442 808
606 761
605 664
863 758
879 599
109 147
68 589
119 599
389 494
74 307
414 922
473 825
632 108
182 472
41 830
619 94
873 955
705 22
825 451
268 33
580 689
669 179
585 195
717 625
828 998
262 695
59 787
629 633
443 210
303 483
17 35
984 215
13 296
290 244
383 759
311 16
567 355
806 64
649 687
985 407
878 934
283 35
678 124
690 246
650 272
259 703
164 104
17 379
32 571
765 76
800 260
144 116
526 116
164 11
973 614
653 429
487 91
342 538
140 457
994 589
528 869
483 917
462 701
401 272
126 388
804 456
992 870
659 446
969 964
244 897
668 86
867 919
158 983
241 786
588 670
307 903
843 597
978 109
323 941
681 426
555 970
479 697
471 996
712 231
505 873
313 86
593 674
506 919
71 68
327 969
612 78
85 57
947 840
983 615
316 788
148 367
609 244
167 944
758 988
852 626
941 316
337 477
726 859
206 256
664 296
686 676
826 54
430 869
896 319
791 938
981 120
561 221
474 164
412 98
634 782
36 970
951 270
105 874
303 241
419 906
927 284
118 614
361 267
540 87
452 280
5 492
696 675
704 721
80 421
86 890
647 808
40 605
461 659
993 363
862 990
334 302
94 517
218 147
5 657
844 193
330 539
162 205
384 142
143 509
454 738
365 723
539 239
455 467
989 420
481 391
809 164
975 292
340 565
693 255
648 590
223 112
304 878
107 949
266 737
475 238
427 848
738 487
528 137
710 684
318 866
648 146
446 947
742 916
562 276
673 319
504 118
658 282
265 292
44 226
338 679
765 923
444 286
723 309
310 96
149 729
216 832
98 524
158 658
856 169
821 802
693 731
916 612
160 860
617 51
801 766
837 969
473 25
79 53
623 567
503 543
354 414
159 403
441 879
286 512
145 362
369 501
55 423
876 408
449 600
188 542
518 679
495 515
259 165
605 210
869 881
500 16
149 975
557 525
17 965
875 7
513 759
209 744
213 920
432 331
158 907
906 833
661 263
863 362
433 597
965 163
624 914
140 707
271 672
187 285
40 138
388 852
864 104
40 113
513 172
333 965
678 573
472 552
4 223
452 736
453 804
650 998
423 897
800 259
178 319
445 290
534 554
950 664
143 846
385 800
347 523
787 333
361 311
939 448
624 181
132 64
903 350
811 682
999 206
63 533
336 888
525 340
631 109
14 401
585 841
104 298
492 997
349 196
735 244
655 114
499 866
718 328
720 126
978 199
608 275
253 978
176 174
641 561
4 614
128 589
71 224
367 720
28 909
336 887
475 418
0 789
992 776
300 867
157 113
810 46
893 187
252 623
895 403
610 123
888 922
773 52
21 215
521 954
568 926
80 877
434 531
260 748
727 832
169 819
526 113
114 593
602 726
579 477
427 668
141 990
754 665
538 989
806 524
704 43
375 921
952 765
752 471
917 132
169 642
445 778
685 954
352 504
22 90
844 108
390 321
497 35
8 842
937 972
80 298
74 298
100 337
229 903
736 924
765 411
688 367
598 79
888 378
706 779
438 493
117 392
504 903
996 21
686 303
471 974
562 579
325 684
487 822
677 857
479 631
296 534
5 896
621 719
266 74
828 830
362 975
731 0
642 327
488 595
758 23
54 101
915 625
692 543
338 844
720 105
851 956
642 815
54 70
396 474
243 700
179 285
429 727
873 881
944 681
752 621
495 720
426 147
508 634
466 627
746 116
156 748
432 327
863 781
654 201
995 981
242 53
146 896
995 107
321 889
706 146
782 802
544 298
651 39
935 805
206 731
284 856
739 165
812 745
901 636
819 254
230 652
728 984
28 950
467 9
918 353
419 92
367 143
847 165
698 490
458 424
839 990
656 318
520 510
911 180
571 543
870 291
940 356
910 386
626 748
468 160
285 188
269 188
443 99
945 869
317 3
221 941
443 705
959 790
484 9
666 368
378 919
945 142
384 966
902 930
776 218
142 943
338 830
630 17
813 321
256 43
834 424
111 470
75 351
6 399
979 671
492 693
388 228
588 340
85 252
611 603
551 590
737 21
546 5
69 526
761 891
190 414
34 807
638 177
446 616
670 483
934 351
834 472
274 627
36 948
773 318
654 663
254 233
996 9
650 32
870 31
323 324
431 553
312 148
556 918
814 69
973 724
590 359
601 665
602 937
563 457
62 238
301 601
241 996
95 912
439 694
379 167
77 795
992 830
131 105
920 692
111 985
84 290
305 251
748 69
165 517
435 977
274 653
324 170
781 568
853 484
955 24
124 876
845 169
26 396
533 208
365 367
487 295
14 417
636 774
880 717
721 506
271 281
533 329
978 657
35 230
713 453
735 97
797 418
648 62
465 400
332 168
227 109
470 48
211 222
50 731
584 198
296 560
745 821
402 991
370 937
36 926
258 989
697 674
299 100
277 21
942 616
652 723
816 705
875 497
14 42
316 37
105 992
811 333
304 837
807 68
199 997
306 92
115 697
180 814
34 638
550 318
462 22
984 708
260 875
906 716
195 172
413 996
740 781
525 51
910 190
839 983
804 159
707 834
550 372
813 477
891 490
963 365
430 187
865 46
317 702
83 585
535 289
938 471
828 334
943 850
352 133
424 182
217 457
705 827
679 911
605 819
781 4
0 649
408 506
410 131
189 240
550 898
906 298
766 226
174 47
499 201
589 906
705 629
398 311
75 713
769 962
218 874
705 847
367 328
521 683
813 315
39 122
449 198
629 129
503 984
347 343
852 319
91 934
279 552
196 881
135 177
35 969
502 769
401 855
310 940
192 239
358 900
757 684
268 946
224 560
694 986
294 510
425 365
524 551
208 660
691 652
859 795
58 328
586 966
154 183
278 831
236 40
751 657
446 184
273 895
804 158
505 584
829 618
289 526
432 316
273 236
400 55
710 273
429 796
877 497
346 947
601 906
452 966
560 58
247 164
968 813
794 135
476 230
827 894
897 998
876 347
254 810
845 791
797 348
447 765
514 112
910 452
445 932
763 53
635 529
217 284
146 60
90 40
565 86
333 442
315 383
133 827
291 587
276 970
152 809
127 893
791 98
35 418
310 705
932 89
170 137
853 956
294 203
229 171
655 36
198 624
807 116
216 133
79 115
206 392
280 4
521 870
507 276
953 474
76 570
256 977
654 766
928 855
280 996
396 269
964 760
938 984
795 128
289 852
953 650
395 162
288 191
100 536
973 362
102 624
605 307
71 99
869 461
384 295
975 231
292 902
252 629
8 547
314 96
726 347
393 454
435 48
955 508
74 973
766 57
215 263
748 753
281 746
333 952
560 306
521 457
663 392
38 9
25 89
60 143
230 363
560 331
83 359
888 355
521 314
602 738
834 856
536 797
406 334
285 861
852 11
318 271
824 356
610 79
541 320
265 182
726 238
851 161
424 449
269 981
45 250
585 357
630 672
545 906
819 790
277 453
704 209
381 888
337 208
798 585
374 869
277 943
312 531
438 452
368 712
350 646
49 316
898 97
258 694
701 375
464 915
512 141
817 313
973 220
45 643
693 357
488 179
721 516
472 243
666 852
684 719
953 628
593 507
361 623
525 686
281 488
607 885
405 765
767 701
176 478
518 603
996 966
151 552
283 351
279 618
359 495
66 706
392 821
638 378
301 356
482 662
93 247
385 94
376 515
73 781
476 448
44 164
20 811
293 0
331 646
80 125
587 31
325 257
976 959
690 507
753 554
79 748
76 840
18 138
971 540
834 206
108 739
492 212
580 158
123 605
758 252
79 444
193 590
645 415
397 51
126 827
310 782
584 718
630 871
379 441
800 913
166 728
894 290
42 527
873 849
762 442
28 864
641 357
408 617
488 895
617 356
703 371
821 433
500 194
583 78
227 597
513 913
346 529
33 790
132 789
647 802
721 958
583 371
704 508
229 447
89 96
84 735
363 557
529 891
416 2
543 272
597 309
320 288
529 565
100 180
665 84
853 773
599 689
884 65
47 270
69 244
63 769
206 932
477 839
520 614
192 822
290 385
56 732
538 765
351 389
752 572
462 333
524 119
22 779
183 465
261 304
95 239
626 923
187 717
779 114
966 153
649 295
812 728
9 272
781 537
538 161
172 915
499 430
58 992
229 660
561 640
782 57
537 0
798 925
351 317
539 546
881 247
280 746
179 769
639 31
22 598
726 45
331 244
822 770
803 294
520 806
168 945
497 775
788 984
541 635
171 947
792 569
417 674
966 954
832 148
297 104
801 931
701 912
116 871
385 355
600 66
572 677
549 810
985 369
25 239
327 325
712 668
813 772
888 763
469 900
847 397
411 553
602 101
843 648
251 859
503 449
422 822
950 303
791 64
822 68
524 835
709 309
437 561
499 517
58 40
681 598
53 965
511 202
586 749
422 157
812 584
354 405
941 153
11 273
617 316
343 32
905 652
14 949
262 519
582 561
580 673
455 935
39 927
56 746
299 825
319 398
81 251
363 753
997 559
609 144
457 572
338 697
744 769
485 456
228 168
773 946
666 114
606 168
959 71
361 532
500 322
655 286
385 596
993 153
565 22
211 102
418 483
486 455
951 575
399 707
398 747
86 354
749 484
649 603
438 534
278 754
676 434
582 38
772 827
539 610
425 329
0 84
758 915
812 813
942 674
733 666
893 7
439 291
312 46
610 460
207 583
218 879
897 373
111 749
669 558
360 442
341 298
859 977
637 144
596 105
885 835
444 71
161 294
298 613
800 963
903 585
544 732
714 574
200 671
960 463
368 932
526 399
992 373
160 807
31 96
950 914
7 509
46 917
121 262
155 24
477 222
909 747
267 887
416 61
826 83
694 879
895 69
968 190
740 440
313 382
470 949
909 88
863 534
75 676
233 262
919 422
89 207
161 962
884 431
908 447
433 285
987 882
218 710
593 926
972 36
399 524
816 151
301 768
198 592
462 494
183 594
412 430
137 898
23 264
776 633
90 965
67 507
876 604
528 663
677 433
428 747
680 370
787 46
837 984
10 460
525 774
400 555
296 310
189 487
886 804
507 92
830 83
446 991
255 901
447 925
619 672
303 290
845 822
679 167
951 637
78 583
411 906
457 605
700 946
39 369
851 842
531 909
735 131
641 399
73 24
600 897
332 80
268 327
85 768
604 474
901 201
163 494
404 176
200 834
907 570
575 63
787 702
811 888
46 558
581 171
733 213
855 998
466 525
509 966
526 404
850 475
132 58
985 29
311 898
911 44
798 803
214 53
735 784
942 14
255 758
470 178
717 64
325 366
886 150
257 393
332 588
881 182
705 225
451 718
170 226
166 275
541 37
59 844
408 91
457 548
388 138
530 191
144 590
593 61
159 241
386 21
576 847
972 908
538 973
205 523
29 879
288 586
946 144
589 866
749 409
543 998
911 237
557 50
591 512
690 97
435 166
750 327
475 239
294 267
386 71
509 60
500 901
234 457
699 899
728 366
585 901
721 915
212 883
44 13
334 299
657 504
933 978
693 708
771 600
559 540
727 759
314 55
380 493
606 256
12 17
871 6
536 387
191 120
559 870
575 37
301 698
428 745
949 70
18 891
972 868
847 227
357 687
421 981
794 482
755 616
765 710
911 425
719 335
857 677
720 21
594 230
90 632
249 444
687 50
605 147
32 309
718 327
185 865
109 640
324 787
174 59
959 957
763 948
348 474
357 26
413 132
893 34
156 92
301 434
294 917
574 628
965 192
791 440
461 753
132 101
523 664
668 792
392 582
843 240
853 240
440 627
104 692
252 813
784 957
778 377
581 649
40 873
645 641
718 223
745 490
976 651
157 374
369 234
152 320
295 634
497 389
133 787
633 832
505 445
457 327
714 447
532 260
746 513
230 636
574 282
72 353
945 868
831 868
934 824
189 418
843 171
572 52
844 299
708 87
953 426
649 588
379 876
860 114
783 215
568 467
204 197
548 313
21 271
977 306
581 909
86 891
319 406
1 119
869 810
428 839
338 553
687 478
166 543
727 74
100 618
78 938
921 433
926 387
586 79
875 758
427 834
893 876
851 323
887 527
143 572
325 957
39 890
967 126
180 259
873 410
759 689
20 111
423 633
810 319
615 797
867 917
858 709
987 919
385 74
88 482
528 669
157 90
105 845
22 344
387 333
849 177
574 900
66 463
946 425
576 37
859 577
140 781
920 899
884 199
289 675
352 26
111 373
204 227
363 124
301 160
26 665
545 943
256 543
710 292
142 502
274 94
463 352
926 590
153 147
580 150
219 361
696 601
873 819
730 40
732 381
961 604
53 303
566 937
480 397
339 397
614 92
303 732
42 680
697 489
791 925
947 515
988 72
228 479
70 281
439 581
80 417
714 548
946 731
494 258
730 740
215 733
528 54
91 651
482 969
456 81
525 339
463 453
879 231
565 728
571 118
679 703
408 211
684 613
20 763
404 457
96 562
105 520
510 268
993 829
545 223
665 347
19 807
404 71
530 32
91 92
613 46
902 263
576 179
251 989
878 766
724 995
417 582
748 133
157 517
944 520
746 688
908 193
231 735
40 68
344 191
109 217
281 63
633 966
44 865
795 906
254 326
972 46
935 342
417 725
54 847
397 266
831 91
578 244
880 212
74 845
327 74
970 891
713 548
784 659
192 177
202 76
509 581
934 826
159 254
209 413
640 643
768 403
132 686
782 110
660 931
902 428
546 290
317 22
240 134
470 888
726 264
399 60
181 811
32 615
29 728
980 908
573 887
278 771
974 819
209 773
497 942
807 730
702 34
649 755
607 643
996 874
322 813
347 680
154 288
969 943
979 614
937 573
525 718
78 55
402 921
175 154
934 226
91 406
153 811
865 193
859 628
996 77
936 56
650 777
937 288
213 467
253 943
287 444
528 991
259 323
455 828
405 140
747 476
783 713
789 480
127 200
700 823
942 80
57 894
25 204
620 825
527 322
415 571
977 87
999 310
334 641
669 250
122 777
493 371
774 271
303 886
866 322
976 491
53 433
64 44
988 523
666 133
258 512
983 955
49 235
546 945
439 772
52 677
275 405
189 799
846 179
80 918
807 651
782 496
708 824
614 150
433 258
389 407
566 70
728 436
560 169
676 529
936 909
466 122
981 986
532 882
501 991
53 491
117 502
929 151
364 78
360 969
643 263
596 147
359 132
414 727
655 458
381 348
354 34
142 352
926 104
792 977
906 709
44 241
897 111
325 876
123 763
421 480
310 520
512 565
650 477
61 209
921 181
153 417
801 889
217 544
179 868
919 172
303 364
260 275
556 464
30 927
773 681
231 179
402 449
947 101
868 502
590 366
812 131
335 849
75 403
481 571
35 176
390 286
533 777
21 244
197 351
841 703
130 257
907 323
972 948
221 832
435 830
84 733
533 221
197 375
182 417
882 679
219 371
167 620
152 189
707 17
583 246
593 650
694 516
185 10
598 582
969 15
505 607
350 310
429 475
659 786
967 996
563 12
902 601
689 548
367 20
680 784
138 496
221 143
608 8
968 736
676 226
370 810
269 813
157 932
115 332
367 920
542 198
657 32
888 221
909 490
768 614
995 750
154 827
117 283
3 700
202 420
126 839
45 92
940 110
457 234
594 919
134 115
429 655
329 247
429 670
933 668
743 948
26 850
891 701
981 56
614 514
329 224
592 780
116 715
980 709
852 486
350 791
648 729
800 30
764 375
757 825
342 339
466 26
447 203
483 735
639 500
444 562
666 558
72 737
379 431
154 364
788 276
363 28
223 47
687 520
277 112
843 443
952 826
504 400
146 759
30 570
986 923
539 162
346 182
626 535
40 311
155 37
394 605
833 522
794 553
667 983
810 202
313 721
791 599
238 562
842 891
237 524
887 587
839 887
686 7
815 750
94 563
345 283
71 745
971 164
572 689
940 165
41 957
773 450
991 185
201 93
185 570
485 949
52 108
714 898
254 728
156 288
189 293
755 433
550 578
799 993
583 120
11 30
69 833
833 554
445 348
943 227
811 952
715 274
954 484
395 234
425 801
269 625
319 230
480 363
984 706
710 190
744 234
532 305
9 947
661 736
467 77
396 901
437 321
312 435
138 542
619 294
149 153
101 687
272 585
798 867
363 967
196 396
257 19
729 491
533 205
320 423
781 630
375 456
78 60
113 667
409 906
853 697
116 799
438 968
401 761
976 523
411 860
155 185
867 780
46 764
721 920
744 145
446 844
581 799
671 362
786 532
757 6
516 929
467 259
609 852
381 190
341 629
952 991
128 779
196 832
129 390
886 639
858 970
101 743
579 689
121 759
439 425
608 876
66 989
538 559
127 277
586 819
909 638
55 266
238 544
911 482
600 23
454 393
862 155
776 48
971 425
917 238
231 669
635 444
643 121
546 797
692 845
835 748
528 103
684 763
779 650
113 787
621 14
727 287
422 522
605 170
74 847
589 664
409 544
979 419
250 768
747 274
781 366
260 561
507 339
672 819
286 611
548 543
757 639
17 794
969 86
162 562
428 686
902 642
376 403
138 227
216 138
516 416
759 727
74 201
583 16
233 770
34 626
934 76
562 109
94 504
761 261
957 542
162 281
916 857
0 50
177 174
89 14
646 281
258 508
999 339
898 458
22 996
99 190
842 73
734 860
914 744
902 456
384 748
387 338
901 511
389 92
46 459
600 867
957 747
853 406
140 449
131 758
406 453
56 865
44 43
150 166
164 147
116 679
577 167
848 279
808 235
523 771
513 351
423 773
120 418
132 99
837 242
540 910
932 122
17 198
367 943
376 732
854 79
139 582
13 10
649 543
661 370
409 815
773 633
41 398
136 752
442 189
309 385
344 564
288 912
257 489
816 406
479 88
571 480
819 614
445 728
166 984
18 653
65 681
495 547
79 544
567 815
497 823
920 533
915 538
626 315
13 574
926 708
428 411
1 180
400 528
932 340
156 402
589 308
571 996
106 92
891 0
890 671
171 828
753 576
266 471
245 209
358 301
843 440
901 798
912 764
588 919
316 773
186 501
475 400
127 81
738 152
70 952
709 254
191 829
104 398
341 416
259 651
255 84
213 886
465 603
165 254
202 295
520 716
65 436
452 344
956 159
19 850
170 956
223 903
434 911
107 63
579 644
120 978
870 92
754 39
838 262
435 647
62 993
886 274
214 470
743 74
316 341
189 216
116 120
649 221
51 349
201 0
741 466
321 935
654 699
9 178
216 410
819 992
912 510
73 102
575 587
844 258
645 812
315 662
803 907
962 566
387 388
374 303
425 972
255 639
648 393
572 23
735 598
61 455
600 2
36 730
554 81
848 321
454 279
254 86
7 599
920 571
521 719
872 146
493 307
863 650
332 753
407 350
483 481
358 234
652 763
455 933
195 633
279 145
881 205
903 446
27 400
536 379
845 290
333 745
656 303
247 478
470 753
728 95
370 229
976 811
464 67
850 982
19 96
431 566
0 283
312 900
317 820
152 384
397 921
808 117
7 676
780 831
775 57
188 261
472 473
836 810
587 260
642 585
690 556
127 99
33 845
45 986
586 796
835 262
673 786
132 886
1 621
88 266
660 554
324 240
888 622
138 232
221 590
557 383
288 913
74 87
592 531
892 188
333 247
274 56
720 697
768 491
798 994
498 550
492 136
4 512
938 952
868 564
978 31
209 621
415 129
853 305
556 776
982 58
502 610
134 239
892 932
954 894
890 439
652 94
988 465
576 861
602 773
297 524
709 168
100 64
754 526
299 140
867 866
570 603
512 703
843 929
859 572
459 321
177 378
829 416
882 253
175 62
171 400
783 897
249 626
840 71
773 335
33 689
408 743
548 325
743 800
30 244
144 31
21 946
164 735
195 52
143 206
713 186
962 303
903 700
302 425
952 446
598 34
786 897
76 243
641 5
413 41
280 784
940 556
676 869
301 83
918 181
526 810
557 418
355 632
958 535
871 753
348 312
130 708
520 582
940 444
769 272
901 772
131 149
196 896
870 862
58 274
86 438
524 862
223 669
293 475
71 944
529 477
460 489
290 34
222 502
855 299
361 151
629 870
112 992
522 975
663 512
177 257
216 13
744 898
830 341
336 994
54 8
917 51
529 803
15 970
347 480
148 604
670 921
974 855
933 798
766 678
797 37
853 646
886 745
180 358
906 731
480 833
533 154
575 951
61 667
854 436
684 526
794 701
861 326
980 954
505 753
227 188
860 11
883 725
572 622
0 721
826 7
360 544
956 248
187 697
797 741
519 714
251 921
455 428
685 943
383 741
866 703
593 8
561 43
935 942
366 511
480 484
631 595
607 47
245 237
539 327
660 427
772 903
71 323
65 894
160 531
88 564
815 196
404 269
386 916
18 127
141 203
368 161
639 844
625 292
114 847
708 693
972 55
993 432
382 118
725 34
10 432
939 194
248 40
363 417
203 100
672 282
958 329
828 436
641 98
589 170
696 502
361 44
159 102
707 448
44 162
372 460
718 107
167 783
797 496
842 128
951 355
94 536
428 897
450 540
595 403
74 976
631 187
345 663
198 517
225 344
193 988
746 919
563 974
674 553
817 34
358 624
801 827
664 653
125 602
523 469
787 395
659 644
320 918
569 350
543 314
110 32
41 789
463 293
851 980
99 27
264 69
824 580
819 962
237 613
222 333
927 355
873 379
552 269
943 52
929 255
385 410
523 512
632 674
823 810
609 656
762 4
906 928
523 962
588 801
881 751
207 494
831 701
103 158
582 351
464 659
10 629
1 406
652 254
657 424
503 394
357 898
800 178
866 496
635 40
357 604
410 290
993 162
469 985
939 382
88 838
722 156
900 194
569 618
25 245
256 189
444 630
464 946
765 927
965 199
729 443
143 222
759 585
671 309
882 915
641 780
923 128
876 499
446 535
93 364
333 937
983 932
112 549
41 676
348 381
857 767
253 794
673 697
740 690
491 87
508 340
972 350
613 24
939 26
596 299
385 238
478 138
740 161
598 974
750 508
819 563
341 720
813 1
755 246
692 112
98 764
821 625
802 539
317 664
536 375
452 241
25 643
970 825
306 922
664 336
849 180
910 361
80 514
654 473
81 906
443 218
99 932
887 626
920 872
82 325
139 385
150 123
958 298
985 625
756 452
39 317
734 145
347 665
867 608
635 531
149 12
769 849
918 975
57 300
41 550
218 390
978 487
629 389
641 682
264 683
112 721
330 600
966 626
392 284
295 789
380 632
669 2
806 547
602 391
498 580
546 959
476 791
479 917
803 656
536 332
982 826
200 877
570 689
894 614
852 460
179 58
595 963
456 904
489 980
315 343
625 310
346 706
773 262
682 298
775 536
675 938
99 204
315 130
277 214
938 996
544 768
987 658
466 775
846 744
892 611
188 821
574 267
100 827
674 319
644 377
938 236
856 228
383 792
854 576
215 667
288 892
623 828
2 405
349 60
297 546
660 782
986 728
100 503
48 887
964 934
817 837
748 14
446 891
499 761
688 601
185 649
515 507
987 696
981 862
420 435
299 607
496 558
199 883
569 65
802 686
240 66
993 881
145 777
619 145
829 799
25 235
747 222
953 233
804 301
439 133
239 373
183 889
73 166
116 195
820 375
427 843
332 566
109 902
790 246
155 311
581 192
682 167
105 989
981 341
889 808
87 801
746 745
621 904
391 103
557 412
738 588
740 669
394 984
203 191
136 206
841 850
726 542
184 251
774 865
28 407
180 693
668 484
855 289
792 901
239 910
102 813
847 833
312 362
560 491
131 129
208 421
456 185
878 471
791 536
628 809
568 333
581 821
984 720
449 281
98 758
0 738
329 533
212 295
117 940
145 955
137 313
494 190
523 216
386 642
877 727
455 589
390 359
494 783
889 944
584 791
246 898
941 325
720 927
238 3
754 911
139 320
266 945
602 675
535 236
918 69
937 438
524 769
470 765
284 812
331 865
384 167
387 643
613 895
825 18
781 141
72 394
99 591
566 872
886 278
52 657
989 577
237 489
16 447
722 437
68 624
444 791
56 222
675 615
947 147
562 218
759 523
217 945
384 904
740 346
310 972
975 830
309 970
905 931
608 706
853 693
868 631
513 782
641 408
367 245
553 958
153 980
369 778
130 771
799 252
619 780
66 88
493 751
354 412
907 292
899 313
179 355
191 732
139 887
746 151
591 428
435 948
294 75
849 318
317 611
632 521
131 726
174 730
956 784
373 884
357 724
689 15
473 236
552 976
810 222
300 141
463 712
473 264
630 938
305 726
960 299
526 502
29 885
796 19
708 168
89 610
700 252
907 298
435 343
556 820
401 408
401 106
812 515
800 49
680 831
173 860
863 458
969 783
602 90
13 372
400 955
420 644
117 122
533 20
713 454
649 231
309 643
745 368
504 485
694 223
754 335
432 116
345 83
692 188
389 464
843 105
227 843
294 417
710 206
651 441
561 474
163 703
260 140
94 569
136 313
872 153
915 465
683 856
360 695
679 872
350 136
862 236
876 199
284 343
708 96
992 894
955 738
831 533
589 172
636 179
379 597
766 967
152 238
682 482
190 956
865 515
478 347
74 84
649 364
591 606
387 138
650 398
480 116
550 631
513 647
806 793
124 162
807 24
203 613
775 2
917 284
513 63
736 537
580 800
281 771
689 624
26 537
850 167
248 177
80 755
358 364
795 627
30 680
482 578
497 112
277 802
263 675
907 933
553 132
900 960
658 680
301 384
66 731
961 222
468 182
675 646
894 915
985 6
944 530
884 848
168 209
565 407
34 649
193 459
412 695
424 812
990 285
556 33
717 861
939 880
161 82
416 722
476 420
145 101
521 720
850 513
835 466
408 728
631 152
844 934
120 347
25 724
237 359
655 764
822 208
295 441
70 513
452 913
492 103
9 352
493 1
92 302
907 271
738 94
105 493
203 296
614 283
114 399
845 41
507 519
993 729
454 70
104 555
36 171
103 15
995 914
322 769
785 534
698 912
395 741
369 828
519 158
796 827
527 221
106 41
182 620
222 283
731 497
625 773
929 533
768 309
288 341
529 231
297 457
765 740
847 888
178 937
811 542
592 817
827 831
185 699
556 766
371 453
325 734
32 83
904 737
87 242
252 51
520 253
178 190
233 339
293 420
130 26
588 858
25 492
357 599
145 29
121 774
900 560
239 1
195 127
238 827
814 37
187 696
328 609
760 329
43 638
226 492
975 314
543 598
180 905
530 244
36 263
36 242
763 27
247 226
547 971
351 746
101 424
20 558
893 710
148 856
869 531
246 155
606 530
538 666
965 731
838 790
329 584
982 373
998 330
897 726
23 220
761 962
903 714
853 131
614 9
737 570
881 404
335 210
187 47
607 509
755 654
401 331
858 750
843 185
173 96
674 225
129 289
572 715
466 192
754 74
590 482
689 563
994 757
192 653
348 132
402 673
43 266
692 301
333 367
42 180
705 731
439 41
982 721
685 535
626 258
840 305
251 812
289 483
449 162
554 317
164 131
226 906
596 520
165 773
595 450
686 681
43 234
451 963
908 987
447 774
739 536
595 236
494 54
750 589
664 183
351 246
607 958
622 603
797 493
431 799
422 466
414 875
28 371
531 2
923 287
966 347
422 954
602 831
634 524
460 927
162 390
494 279
775 86
253 66
239 522
569 936
800 348
111 545
930 934
506 758
20 519
453 174
608 854
853 308
974 382
704 427
515 650
632 74
146 609
9 861
197 602
792 307
755 832
940 535
174 548
964 366
427 497
330 735
597 979
174 826
654 140
816 723
722 875
173 362
544 294
476 234
133 331
774 222
354 76
536 313
403 986
823 505
776 608
573 400
669 196
742 263
152 488
355 560
970 481
23 167
754 906
223 702
904 636
522 993
44 68
480 338
276 530
413 215
987 13
617 534
443 744
651 285
293 442
405 929
987 48
524 504
967 372
353 929
981 178
198 180
921 794
854 401
41 246
818 493
106 425
114 208
456 967
580 569
473 611
846 495
864 666
191 545
561 464
766 130
170 479
818 698
300 148
559 995
511 816
224 352
726 343
455 910
736 453
241 78
396 891
136 492
341 812
571 170
334 488
297 446
618 761
696 777
30 789
195 847
884 450
87 115
574 608
784 454
965 854
429 234
747 570
392 897
515 470
581 861
673 773
513 413
26 95
162 294
111 537
708 632
428 951
617 455
970 158
924 15
64 636
826 62
609 907
426 100
422 749
522 784
701 504
592 404
112 240
695 588
695 949
429 149
523 789
621 834
958 883
603 427
130 94
826 864
621 309
336 513
63 914
207 934
17 896
392 435
996 891
796 149
255 230
943 303
784 453
906 378
525 651
726 167
225 839
17 595
565 992
195 622
863 865
543 179
119 368
714 871
327 410
151 7
161 746
877 322
128 48
745 352
786 685
881 281
991 316
256 575
712 35
870 174
276 409
928 523
180 411
24 438
526 475
118 469
957 624
855 971
769 956
784 133
841 795
643 964
350 531
204 621
866 862
950 65
787 63
578 833
131 4
713 803
479 668
454 799
92 298
234 273
989 809
996 52
846 314
79 977
654 368
146 445
104 994
940 567
460 168
423 590
14 632
987 749
2 24
343 777
924 130
755 704
82 571
918 649
52 174
130 360
780 209
990 301
141 174
584 859
539 43
593 207
174 660
701 412
919 602
514 431
416 451
823 57
323 296
890 483
531 345
747 971
978 721
136 157
217 736
868 560
555 115
454 185
942 684
83 980
604 981
310 908
301 792
831 676
257 311
884 570
162 806
784 841
369 427
700 767
501 638
83 107
992 488
198 44
105 922
666 573
131 784
931 746
475 220
112 74
381 839
764 298
523 439
207 613
429 854
746 137
73 748
510 940
211 400
676 850
84 561
606 498
372 341
600 200
700 876
330 625
598 78
57 80
349 746
553 817
418 474
386 919
408 410
714 344
275 521
866 598
179 106
0 148
560 636
367 584
965 907
193 338
520 400
755 715
74 42
727 217
840 242
79 161
972 996
715 778
325 445
222 935
993 533
747 211
167 226
279 196
252 709
987 754
227 962
747 740
537 340
337 435
28 822
329 118
434 95
732 642
633 535
148 4
293 628
161 839
721 237
716 326
406 13
235 397
632 486
202 352
429 77
54 831
112 873
53 955
966 792
194 910
286 401
25 309
278 972
669 245
928 49
634 998
828 986
210 400
21 567
391 518
585 252
923 330
136 438
297 183
671 897
866 222
147 567
901 759
847 546
253 58
697 622
637 684
586 329
674 526
356 971
418 463
100 756
577 352
879 283
974 627
372 257
978 506
442 304
326 300
461 178
133 391
757 666
326 662
554 359
54 387
938 595
633 473
447 328
460 565
129 729
81 972
487 905
17 845
232 601
823 114
902 737
873 90
576 666
542 401
989 972
536 88
361 629
201 396
305 742
400 823
317 633
396 69
748 805
411 768
58 948
622 912
313 806
536 426
581 640
167 740
737 481
774 895
187 32
676 688
609 548
954 483
426 299
950 190
698 786
888 573
981 140
80 294
429 701
13 0
768 976
627 800
301 928
474 216
990 360
122 367
891 568
957 112
774 282
868 547
34 440
33 77
206 10
386 226
387 747
306 896
958 242
446 364
443 291
123 845
720 967
601 69
408 613
500 717
287 308
479 615
444 344
52 947
994 641
54 426
533 482
157 39
538 739
831 358
260 197
841 86
967 258
751 306
43 613
959 982
416 326
879 431
908 416
108 570
864 979
431 272
42 407
396 442
517 269
801 153
926 159
101 648
446 302
435 475
222 795
489 495
944 176
992 224
871 97
804 285
415 423
832 503
97 213
271 246
405 735
785 778
14 441
118 595
559 717
440 416
484 506
138 973
633 334
985 440
274 876
937 713
219 730
105 659
121 14
717 39
103 737
475 128
933 506
846 691
792 133
791 752
989 753
533 863
565 140
367 640
600 362
960 197
385 931
504 233
807 44
390 406
837 239
594 943
441 864
842 378
267 851
58 454
702 537
56 518
881 392
764 62
352 512
552 287
148 42
345 543
212 309
816 663
582 539
221 862
313 652
989 985
653 212
602 301
585 857
281 597
588 990
448 645
381 290
927 695
338 290
821 737
811 940
659 482
445 125
327 378
802 24
76 152
595 958
918 257
17 385
45 763
162 372
538 286
953 346
218 767
178 795
98 836
222 656
760 393
918 958
646 344
860 119
272 791
511 13
488 40
832 854
393 137
172 774
861 805
817 696
885 441
163 476
47 409
735 423
797 47
210 870
870 887
327 446
452 212
568 373
198 773
8 100
654 933
841 31
407 758
672 851
229 688
370 435
422 134
506 321
184 134
535 186
348 565
195 388
366 697
259 787
409 682
820 37
569 68
96 73
518 17
383 739
607 73
288 932
821 794
859 625
207 249
188 965
379 558
709 944
477 931
921 183
624 78
867 170
326 659
817 809
693 509
216 911
348 60
963 609
936 541
630 65
525 55
528 406
288 972
209 543
814 561
403 498
229 832
297 43
623 300
284 406
666 614
266 799
260 591
579 561
259 603
33 456
331 768
929 802
310 146
161 191
490 409
420 427
34 779
248 871
239 8
646 629
541 712
681 559
560 621
139 91
918 197
293 648
14 169
719 709
765 839
875 81
653 416
834 493
452 244
542 972
273 889
553 5
306 393
355 294
931 436
303 79
943 541
721 570
494 959
248 396
530 203
899 189
219 966
623 976
475 139
767 796
797 618
684 333
86 381
932 215
328 982
521 299
729 514
290 602
930 309
252 907
522 884
708 897
657 146
687 242
947 639
506 61
730 923
867 671
497 738
361 905
427 370
308 145
59 743
133 271
77 552
888 797
449 333
479 923
884 804
421 681
887 794
296 84
230 129
359 415
436 27
580 549
225 511
138 234
744 871
292 940
489 464
882 563
653 186
476 445
275 468
32 121
469 697
558 587
197 398
681 106
681 721
220 239
543 481
7 122
36 603
498 516
22 312
973 808
384 971
536 846
193 562
798 406
450 770
876 332
42 929
814 11
50 157
472 853
425 390
675 42
565 641
933 526
902 784
826 811
587 704
643 412
910 924
145 523
123 632
381 757
884 169
327 235
152 956
172 589
864 862
998 633
717 866
346 398
998 393
275 587
638 17
192 347
901 806
971 267
510 17
369 794
648 639
524 573
893 886
160 194
269 433
218 267
244 532
410 260
79 459
306 373
225 847
710 253
691 512
884 615
145 685
502 755
357 529
554 229
531 189
646 580
968 225
647 992
84 584
24 742
159 515
478 240
54 461
211 217
759 50
976 949
600 818
170 745
538 692
183 108
861 810
400 668
675 334
8 105
720 188
715 502
465 782
809 324
936 543
504 620
64 442
339 37
482 369
413 14
434 498
128 397
872 32
857 581
239 427
385 942
751 712
114 202
320 776
353 477
35 262
297 553
18 371
207 607
546 271
780 729
567 402
767 566
284 835
718 944
884 3
276 941
459 163
808 822
90 260
456 804
84 527
198 917
316 990
919 104
250 20
719 468
432 76
862 235
444 5
244 798
303 780
287 706
886 210
312 113
805 932
579 991
196 933
882 356
375 835
969 687
797 960
927 133
547 10
949 757
148 957
110 263
513 862
302 381
377 879
95 380
635 943
648 59
943 598
322 541
473 772
852 665
864 563
63 246
413 944
485 474
615 28
572 724
171 332
212 767
652 346
118 568
437 629
325 853
565 136
206 858
659 612
417 814
849 419
466 373
367 355
215 11
56 106
287 517
59 126
543 834
561 431
254 952
840 751
698 936
971 386
247 409
76 320
738 423
682 547
952 647
846 868
795 850
473 842
36 813
390 376
768 467
93 968
67 533
474 35
914 209
457 504
52 244
150 27
572 927
632 660
350 177
550 1
858 57
427 605
382 649
423 813
872 464
989 677
988 383
924 877
416 797
704 998
674 129
319 904
218 73
447 656
535 85
183 922
757 28
285 23
215 316
226 335
343 201
735 659
202 379
531 620
122 69
371 880
974 725
708 737
312 744
840 944
958 393
928 142
264 538
697 498
242 979
527 373
362 112
103 937
449 455
394 980
11 116
655 111
462 762
615 299
905 47
903 832
632 538
537 187
954 389
209 576
958 218
91 458
172 785
739 677
419 693
235 221
103 254
570 566
884 589
619 464
83 938
726 808
663 251
74 916
431 225
300 513
111 873
927 470
645 421
525 976
99 961
200 79
385 855
879 935
182 499
479 882
96 147
992 624
337 254
856 709
360 569
636 706
532 744
207 335
859 620
626 850
584 201
705 742
590 216
993 384
73 19
674 627
61 338
959 14
796 206
240 771
27 336
630 370
419 277
423 650
289 402
291 886
388 854
437 108
782 896
367 746
70 168
263 179
690 43
980 473
468 189
692 497
243 890
597 711
571 700
339 833
361 476
167 451
19 558
334 789
455 472
149 311
653 99
1 373
309 618
742 542
34 5
215 12
345 399
756 721
838 923
530 260
303 704
90 609
54 379
856 985
393 735
274 237
691 997
344 540
694 26
67 24
348 615
518 650
875 154
236 66
890 757
227 78
160 212
955 232
274 255
557 30
143 194
599 766
12 952
326 62
491 483
311 462
336 88
229 394
509 886
819 348
397 897
426 549
342 689
276 568
514 793
905 795
256 102
248 128
602 820
304 260
289 941
617 416
221 970
301 536
61 765
925 534
183 528
197 892
316 641
812 429
956 290
939 995
317 6
997 518
212 311
777 671
106 185
415 482
856 713
729 265
510 519
877 226
553 409
796 11
662 595
839 560
824 8
872 749
997 140
208 759
639 928
844 886
57 563
183 215
166 917
469 482
575 897
461 808
967 875
647 156
386 629
384 853
888 433
480 864
320 310
328 835
596 821
649 271
167 636
945 242
900 40
265 773
264 428
841 829
15 932
708 719
194 91
505 151
657 808
376 810
22 572
892 287
595 673
909 837
577 390
112 142
989 897
797 158
746 602
260 815
74 513
100 782
847 345
359 555
585 382
143 949
681 836
717 826
845 689
18 902
454 178
54 635
665 98
828 180
288 367
139 528
518 109
994 18
915 732
394 292
525 918
7 769
30 864
768 938
563 698
900 467
314 793
324 480
786 689
546 429
575 362
984 763
403 80
184 265
70 332
979 388
72 974
74 876
52 367
716 495
776 385
547 457
317 51
925 819
907 917
747 182
197 945
606 953
635 584
58 780
530 674
889 45
626 901
79 859
56 4
788 813
341 765
373 789
550 575
920 60
471 244
907 730
567 249
144 540
668 684
229 898
659 743
319 699
608 859
519 84
85 236
254 512
790 982
342 486
815 538
216 950
242 181
235 984
11 39
821 99
97 845
888 911
199 946
220 194
533 864
523 983
368 857
412 634
774 135
926 181
715 825
163 925
712 611
420 708
739 787
579 633
279 302
859 187
269 727
27 173
439 321
10 473
391 595
458 660
40 545
488 99
961 402
450 534
711 911
29 113
911 475
189 441
445 813
716 478
832 811
883 227
879 901
879 330
511 920
132 777
97 810
551 192
294 469
991 896
727 947
109 736
546 269
550 522
253 311
43 133
177 61
62 327
210 286
105 501
505 570
6 131
166 641
855 481
165 883
556 856
750 975
989 705
976 97
662 9
421 723
214 194
297 3
786 571
245 820
686 512
493 464
160 256
636 727
805 450
838 866
491 623
290 420
806 72
178 652
736 527
279 83
306 479
268 658
575 31
684 794
992 327
458 419
932 658
606 759
839 259
986 169
201 630
971 279
228 320
611 163
723 344
8 728
390 648
766 85
507 399
339 919
318 476
116 492
246 108
597 326
667 569
668 928
238 838
834 762
999 981
397 457
554 658
403 914
130 730
140 611
497 668
994 410
210 917
546 375
100 601
29 143
582 155
128 807
143 69
954 299
802 731
999 27
694 683
773 672
70 266
912 2
4 305
376 786
294 104
733 874
400 856
447 13
299 491
554 989
427 772
616 862
534 10
162 638
625 94
794 674
384 359
265 286
950 496
185 462
768 333
24 530
29 522
569 406
57 759
173 651
525 678
636 170
12 715
852 865
390 488
894 961
696 348
490 824
845 291
729 974
727 126
319 777
582 766
620 537
444 843
871 611
41 654
418 389
988 811
350 132
609 888
713 104
331 247
495 18
73 367
25 510
850 841
439 330
306 366
574 457
837 776
809 572
952 941
314 255
190 598
531 881
474 435
645 827
508 950
164 22
444 567
642 74
5 628
293 330
960 314
599 838
918 299
481 547
582 90
882 411
748 150
441 129
400 18
538 94
899 237
94 804
812 729
433 609
279 20
249 903
481 814
587 331
319 315
703 427
774 229
514 692
569 12
625 677
79 265
692 31
940 279
39 270
940 117
723 911
145 278
353 468
202 576
584 941
511 426
340 626
9 717
462 723
102 11
491 688
150 78
283 229
867 754
567 280
634 563
891 368
760 607
134 661
198 826
332 201
413 924
147 317
771 29
964 218
385 457
314 940
643 627
520 77
522 320
682 354
826 723
824 538
985 795
823 43
409 465
953 64
4 960
303 346
414 239
116 606
77 946
575 852
83 770
238 34
534 465
16 154
580 986
823 403
644 115
540 734
935 381
218 845
981 165
465 502
95 928
674 556
781 754
552 690
1 205
780 776
724 848
33 554
647 15
469 212
781 176
481 635
583 888
252 716
249 200
461 598
638 123
151 106
954 246
482 900
679 562
98 258
312 403
246 598
409 395
667 852
593 585
574 214
783 994
724 255
308 201
404 884
144 880
667 192
573 234
605 62
699 609
540 166
572 189
636 72
378 476
911 443
472 941
702 340
976 168
829 442
441 352
796 482
153 119
70 349
307 295
816 689
893 588
93 74
439 543
578 864
572 855
908 410
827 829
554 956
670 301
68 290
108 960
84 787
721 98
25 57
995 461
169 170
924 233
266 3
225 725
244 430
259 865
801 894
401 381
173 326
583 879
6 256
641 741
336 481
701 468
50 45
511 640
802 387
986 733
691 560
784 537
27 29
4 415
934 68
942 646
842 690
973 512
907 397
815 767
443 299
924 673
624 715
864 740
709 473
686 952
633 397
409 897
131 306
883 899
102 463
923 59
353 721
353 833
181 556
53 454
515 580
532 251
639 122
481 83
49 802
831 7
746 869
998 864
624 658
563 149
214 909
282 972
246 239
56 389
494 0
830 470
789 729
750 996
738 159
85 356
288 389
621 142
927 644
371 442
522 91
696 453
349 449
785 942
239 705
674 444
91 701
23 956
900 759
992 527
829 295
182 390
279 672
756 595
244 846
845 974
940 339
59 53
306 855
938 282
654 274
768 119
635 218
105 29
883 462
473 199
567 362
299 628
962 662
37 834
953 669
374 207
704 262
482 145
548 164
781 6
909 386
208 777
342 243
525 833
266 297
17 383
11 947
720 505
781 871
53 725
903 62
763 63
318 317
645 300
369 59
818 186
0 595
54 453
174 911
214 319
215 694
710 812
8 218
307 518
330 996
724 384
764 528
176 499
976 913
579 483
483 644
707 326
511 72
661 306
790 359
162 656
511 182
226 869
625 902
736 551
709 221
587 367
334 270
211 727
273 162
511 287
17 520
761 492
571 670
923 217
263 345
306 18
948 201
529 501
4 971
388 338
346 748
313 450
753 906
704 11
273 542
627 751
716 531
83 438
35 11
13 698
372 25
484 426
25 377
588 181
666 277
94 912
221 301
894 759
257 175
964 494
251 283
533 148
486 920
77 979
847 304
206 658
817 672
928 259
328 469
321 571
276 344
713 716
64 418
1 441
496 163
728 287
25 441
963 737
757 916
503 197
117 375
264 580
900 995
152 816
562 695
556 413
7 569
900 465
487 605
851 682
142 933
899 326
392 829
882 463
899 327
816 834
223 810
914 216
343 261
462 855
656 489
104 311
398 55
909 531
182 369
565 536
280 813
573 194
107 756
320 420
25 791
953 142
45 432
570 698
525 140
421 132
22 215
958 517
449 311
75 667
296 383
704 249
661 198
978 604
43 414
237 618
748 940
224 838
477 414
203 740
288 860
691 54
616 256
864 959
231 897
825 833
300 171
892 784
645 192
709 530
365 314
943 29
621 363
285 500
526 612
522 192
183 967
365 475
211 280
865 117
794 284
279 472
686 140
158 376
570 152
209 844
689 248
766 721
535 655
256 67
517 170
962 540
19 611
271 154
409 612
278 1
650 612
949 206
518 411
924 709
473 608
149 559
690 132
70 184
41 856
62 748
121 9
270 414
852 536
704 102
644 357
238 813
421 188
318 268
406 758
322 479
851 130
220 695
724 761
990 741
637 149
370 250
405 862
100 123
601 378
492 896
865 424
45 590
900 793
522 262
483 324
209 410
438 922
560 73
389 107
65 775
938 736
99 730
285 931
733 769
411 430
670 389
859 526
796 233
361 345
448 40
619 482
457 397
41 508
29 685
601 742
129 688
716 112
375 646
959 349
484 416
318 307
717 244
146 737
346 564
809 269
96 97
238 520
965 869
570 760
170 124
230 185
25 496
616 575
489 977
455 776
451 717
513 75
543 736
953 497
761 488
816 445
144 178
616 636
50 1
329 354
922 625
206 340
282 190
225 562
558 349
853 50
955 506
179 570
937 534
320 788
978 400
471 49
884 365
823 977
140 308
213 177
852 741
768 153
47 7
869 507
314 1
715 960
917 15
931 591
243 378
197 685
638 840
919 61
792 507
974 395
3 371
553 264
121 81
214 479
808 773
886 231
993 816
747 785
744 654
65 153
278 616
954 409
558 286
716 505
412 377
715 874
939 227
286 260
778 807
808 292
47 292
745 228
793 737
72 168
741 270
505 717
601 445
501 952
921 466
586 774
361 587
767 929
127 106
787 478
420 195
394 837
609 516
10 944
411 394
974 233
702 63
790 984
445 247
758 715
94 641
0 519
317 109
802 69
527 601
516 945
817 180
638 154
150 434
936 666
29 759
964 332
434 406
982 764
438 132
448 573
293 176
443 198
21 764
354 299
618 377
347 72
726 374
197 385
88 46
681 378
355 468
777 564
891 890
778 766
338 581
498 415
704 978
860 82
682 0
190 347
426 828
340 580
591 599
705 638
637 61
845 996
257 596
163 391
898 877
438 404
844 913
513 605
614 312
96 579
979 585
347 361
31 148
5 288
844 687
36 918
135 816
292 236
420 330
597 110
704 805
28 799
444 643
359 782
961 305
244 737
395 774
604 10
667 171
787 917
751 385
132 968
938 769
438 117
882 829
121 767
892 365
985 21
311 929
876 949
815 632
3 78
65 297
663 101
269 271
675 939
75 684
290 901
792 761
73 319
596 54
466 686
117 652
994 346
517 709
373 900
172 576
899 344
910 946
252 381
412 823
429 172
573 40
518 337
129 836
867 788
569 139
332 321
159 624
322 677
854 129
883 828
191 121
65 72
881 381
299 284
792 35
172 638
193 675
437 366
220 734
134 298
483 153
301 502
971 394
106 223
484 143
292 826
71 466
299 816
177 911
357 383
208 676
213 998
903 587
242 910
752 903
38 817
418 192
378 62
462 122
668 622
879 624
977 244
871 85
542 314
722 807
415 211
95 64
740 654
682 793
836 7
718 11
488 103
819 353
185 626
924 514
435 113
616 781
561 16
791 489
409 414
701 711
906 664
618 423
927 582
570 996
336 412
735 585
3 375
179 976
768 512
839 592
107 167
860 308
253 887
476 744
757 695
423 893
815 609
11 230
232 515
477 539
751 628
327 478
163 688
65 644
496 79
223 765
838 129
865 318
92 40
606 691
437 111
51 922
990 581
215 59
742 155
514 314
555 376
528 276
597 540
199 878
45 156
875 109
44 954
629 178
830 850
418 371
585 710
145 444
171 585
112 526
305 368
126 117
575 792
812 144
838 912
437 809
654 487
149 641
61 836
8 143
786 465
716 674
753 403
27 245
37 40
80 558
181 894
310 635
758 323
976 681
865 478
142 482
589 959
469 720
312 944
117 247
303 874
852 450
739 800
814 981
221 873
548 881
530 944
950 264
421 286
126 205
136 213
354 724
818 508
450 313
918 154
156 329
651 175
509 506
402 729
934 885
790 335
947 39
561 598
775 777
214 789
771 943
858 562
485 334
243 693
975 156
820 113
485 688
248 247
136 621
796 202
27 366
667 17
357 762
39 859
965 952
74 586
943 17
452 542
35 921
632 891
350 73
743 103
126 613
366 89
878 333
984 871
877 357
987 231
561 845
967 326
188 313
526 421
475 881
667 580
455 702
876 345
332 147
450 948
536 616
889 207
469 320
557 254
267 652
714 930
270 660
60 362
84 564
167 728
747 580
612 379
611 683
167 286
655 335
307 337
353 869
895 688
712 985
652 962
116 308
896 761
317 255
29 281
206 483
996 574
838 436
162 872
230 788
836 746
26 684
476 531
3 337
246 821
761 179
144 1
111 650
525 237
594 666
110 1
168 881
306 567
18 362
795 859
692 493
651 178
617 997
529 633
32 223
111 406
546 897
570 598
458 819
316 634
379 153
597 269
927 225
813 111
128 299
456 65
224 797
472 979
497 800
114 838
973 451
460 988
463 14
600 415
308 818
285 999
321 512
892 150
894 198
326 416
620 740
89 844
692 974
934 289
997 985
960 978
201 372
322 905
991 82
256 668
912 770
563 907
304 412
91 468
398 571
208 130
493 716
939 740
85 866
221 388
580 621
735 597
464 735
778 477
436 407
348 426
798 165
866 843
446 693
703 708
579 418
993 213
437 743
312 600
803 243
607 289
934 467
356 969
738 928
887 441
701 321
848 583
343 361
791 302
733 303
43 636
859 432
333 285
719 453
731 832
852 383
502 242
9 31
55 806
136 784
559 555
173 532
392 882
449 234
541 719
101 58
404 762
531 9
424 11
500 123
577 636
113 722
566 224
647 608
195 755
340 131
806 934
603 269
644 279
319 944
835 361
951 518
797 888
501 465
839 322
929 383
781 592
421 726
533 764
563 867
248 287
326 951
747 433
120 967
946 0
976 621
589 738
747 589
327 102
587 109
236 509
933 945
662 880
18 482
207 73
949 731
755 490
237 480
413 412
961 938
710 989
247 638
466 579
809 172
744 678
395 512
33 871
967 332
713 75
289 276
700 109
759 591
428 838
148 840
81 73
990 335
266 736
987 339
470 415
713 145
495 849
579 167
735 860
828 831
8 637
522 692
369 282
676 376
790 333
205 689
437 870
916 561
264 985
211 945
753 815
535 944
447 687
223 716
178 324
99 207
292 639
143 80
837 280
138 573
15 667
761 872
149 696
213 258
707 178
864 522
560 882
930 413
936 469
653 598
392 628
951 461
616 413
108 50
681 129
188 135
560 651
141 718
306 664
636 779
882 842
359 59
615 538
612 741
951 277
612 838
454 767
228 867
574 847
154 715
23 634
558 85
94 321
239 478
225 594
75 488
426 614
429 369
399 112
669 970
134 453
300 327
700 280
930 683
957 636
324 589
873 747
741 594
161 309
636 579
263 90
824 543
742 556
963 983
517 216
627 541
675 189
400 493
512 428
420 163
476 705
167 787
588 880
771 552
719 864
106 554
210 340
639 679
321 827
883 841
82 289
757 928
497 509
23 304
139 949
801 329
263 565
93 699
170 63
254 247
240 302
809 382
609 742
38 447
71 564
306 804
949 893
623 686
756 94
736 760
734 483
696 281
477 756
936 22
311 377
601 735
395 927
261 949
967 85
61 428
314 127
398 879
406 349
152 831
929 597
303 72
346 964
727 96
855 9
833 680
652 665
818 694
518 952
606 575
559 490
93 378
242 955
319 44
298 698
605 531
627 796
805 647
919 950
770 955
60 436
612 282
967 471
730 321
148 942
323 452
42 244
551 198
765 247
117 195
282 507
526 580
814 759
878 965
822 981
637 883
960 580
574 915
996 576
693 382
802 511
495 341
366 988
219 485
211 162
616 122
559 254
517 581
789 557
517 167
273 412
236 90
450 611
259 637
728 38
357 475
262 484
628 151
161 562
467 679
51 598
58 853
216 830
576 362
605 634
91 734
346 422
295 644
214 950
716 622
660 321
599 920
166 191
471 470
381 763
74 810
886 119
30 564
294 224
629 31
237 99
86 973
935 543
697 254
493 768
33 193
967 886
537 233
391 220
333 343
534 412
668 383
54 758
175 812
472 557
40 510
955 11
91 508
436 915
856 442
811 515
940 518
567 551
118 594
547 902
537 396
625 828
5 631
367 354
181 278
765 931
233 572
605 261
428 75
682 474
