1000 5975 3000
22 16 20 18 12 25 15 23 22 9 17 22 25 16 5 15 7 24 6 10 11 6 6 22 24 8 16 19 22 12 11 12 19 21 24 7 24 11 12 20 25 24 14 16 16 18 7 24 16 17 12 6 5 12 17 12 18 17 21 25 15 10 11 8 10 9 25 16 12 25 17 21 22 16 18 9 9 17 18 21 19 10 13 7 10 12 17 25 15 24 5 25 8 7 8 21 24 6 21 9 16 10 19 9 6 7 21 24 22 8 7 18 11 6 19 14 7 13 15 8 13 10 8 16 22 15 5 13 6 13 7 14 13 11 20 7 15 23 18 22 5 6 9 5 13 16 19 21 23 20 14 19 23 19 5 13 8 20 19 8 6 15 18 24 9 7 12 14 15 20 15 7 23 7 8 7 17 17 5 14 5 25 6 20 19 6 11 10 18 20 12 20 12 19 13 5 11 20 13 14 6 21 12 19 9 21 16 5 20 11 11 5 16 22 6 13 21 18 19 24 10 12 25 12 20 18 14 13 8 24 5 17 22 7 8 12 8 12 14 6 8 7 9 11 17 6 7 16 11 5 5 9 12 24 7 12 17 12 21 6 13 18 17 22 5 17 17 7 20 7 5 20 12 23 14 10 8 21 8 15 14 16 21 7 16 20 20 23 23 7 8 17 23 19 18 17 21 24 24 15 25 21 5 11 6 6 7 21 5 11 25 20 19 5 22 6 18 7 15 18 16 6 25 25 25 15 8 17 24 10 25 15 10 17 11 17 5 15 13 23 11 9 8 22 20 10 7 21 11 19 22 8 20 19 20 7 15 13 21 23 17 18 12 22 14 13 22 11 5 16 5 13 16 21 12 24 22 20 18 7 16 23 15 14 24 13 11 22 7 15 9 18 25 14 21 5 6 18 17 5 6 22 20 10 17 18 17 8 24 23 8 17 12 11 6 13 6 11 16 17 6 19 19 12 23 14 20 15 9 11 13 17 12 17 9 12 24 14 6 13 19 7 19 7 7 24 25 15 24 13 24 18 19 24 18 19 10 13 15 7 7 13 6 5 8 8 5 13 11 19 21 8 11 21 23 13 25 17 20 5 14 15 13 18 22 13 20 20 16 17 10 24 23 8 14 25 12 13 25 13 14 10 22 13 11 16 23 21 17 19 7 16 8 8 13 6 5 7 8 8 13 15 6 9 19 18 16 17 10 23 13 22 25 20 14 19 8 9 9 9 23 10 14 20 16 7 24 19 17 14 18 15 15 20 7 15 16 15 6 18 24 16 21 19 5 8 9 14 20 15 24 25 5 10 22 14 21 12 13 7 24 22 5 16 20 9 15 13 5 17 11 24 9 22 23 9 11 11 24 20 25 25 7 14 10 25 23 5 21 11 10 18 22 12 7 7 6 14 19 18 9 16 22 13 16 17 25 8 20 22 11 16 24 17 11 17 24 7 16 15 13 10 6 9 5 14 7 22 18 10 18 16 16 14 22 13 25 5 24 18 20 5 17 15 8 17 25 25 14 8 12 10 21 19 15 22 5 6 25 11 13 16 21 13 13 13 14 25 13 17 15 8 25 6 25 25 24 6 17 16 15 16 6 13 12 22 13 20 5 8 5 7 23 19 17 24 16 10 12 23 10 7 10 25 19 15 21 12 23 6 19 24 9 18 9 20 25 15 25 7 19 7 22 15 19 6 22 5 18 5 17 25 18 9 24 23 10 5 7 21 15 13 17 10 6 15 19 18 11 19 19 5 22 8 25 21 20 17 13 17 24 18 14 22 7 25 10 19 8 7 7 20 21 6 14 20 22 18 20 23 7 5 8 21 25 14 16 14 9 5 15 7 21 18 6 23 21 18 12 25 17 16 7 15 9 13 5 19 18 12 18 16 12 7 7 6 8 18 15 23 19 12 16 15 16 7 22 20 6 11 15 9 21 22 8 16 16 14 9 21 11 5 11 22 17 5 20 6 20 15 19 22 14 14 20 18 19 8 10 15 9 22 10 8 14 10 14 13 12 16 21 7 23 13 6 8 15 19 14 23 21 20 13 10 16 6 18 5 10 25 24 22 17 13 13 21 25 13 25 10 24 15 23 7 14 10 9 15 5 14 14 25 9 7 23 12 5 22 11 19 7 12 20 11 23 24 7 16 18 17 5 5 22 14 13 10 13 11 11 9 25 18 17 12 24 14 11 14 20 5 20 8 18 18 9 20 9 20 18 22 21 23 12 16 19 25 21 7 18 7 12 23 14 18 16 22 9 11 22 23
3 12 18 13 18 7 7 20 4 18 16 8 6 18 9 5 13 9 12 20 5 18 4 6 10 6 4 8 10 4 14 10 12 8 16 18 17 18 11 4 17 5 3 6 7 14 8 7 8 15 6 12 12 18 17 10 14 17 18 6 10 18 10 16 10 9 17 3 16 8 7 9 8 10 7 5 15 18 15 12 8 3 18 4 19 3 5 20 14 20 3 17 4 18 11 20 13 15 17 18 7 18 16 5 8 13 11 4 4 15 17 11 15 10 7 3 11 14 4 16 14 3 12 5 12 16 19 19 13 20 3 14 17 7 12 9 18 16 13 19 19 19 13 8 3 7 10 13 13 14 4 7 15 20 7 9 10 13 5 5 17 7 9 16 8 19 17 19 3 5 15 14 14 13 13 4 19 12 4 6 9 14 18 8 13 19 17 5 13 9 8 11 17 12 10 14 17 4 3 11 10 14 15 11 7 3 12 16 19 11 8 17 17 18 11 10 6 12 19 20 13 8 8 17 17 15 18 20 11 12 20 14 19 17 16 7 14 18 10 9 6 3 19 5 14 12 17 3 10 18 11 6 10 17 4 16 4 7 17 19 12 12 13 10 19 5 10 14 15 5 16 6 15 12 10 17 7 18 14 4 10 10 3 18 8 20 19 12 9 12 14 9 15 7 3 10 9 3 4 7 14 5 12 17 18 8 11 4 15 5 9 5 20 14 11 14 11 8 14 16 16 8 4 5 4 7 18 19 19 15 11 9 14 20 19 14 18 15 5 4 6 9 12 20 8 5 16 14 4 4 13 20 17 20 4 19 20 3 8 17 18 13 4 17 10 12 20 17 3 19 4 8 9 11 20 13 16 7 14 3 16 7 10 11 6 15 15 17 17 20 14 10 16 19 13 19 20 5 10 9 10 8 6 12 14 9 10 13 6 11 11 18 6 17 13 19 12 16 17 10 5 16 18 16 3 16 13 3 5 20 16 7 10 3 3 5 14 16 17 11 19 3 5 14 10 18 3 5 18 8 19 11 9 11 20 5 8 19 4 9 6 11 14 10 6 12 11 10 19 14 15 12 7 7 6 9 9 11 5 9 15 3 11 19 3 13 6 14 17 17 9 18 11 3 16 10 10 3 17 3 12 11 19 7 3 20 19 11 15 13 20 7 16 15 20 4 13 4 19 19 17 15 19 7 16 14 10 19 14 18 3 15 5 12 15 15 16 7 15 8 20 8 18 6 7 8 5 10 3 11 9 13 15 7 18 19 16 13 11 7 17 10 4 6 17 17 11 11 16 9 12 5 13 3 13 9 6 15 16 5 16 9 12 11 6 18 20 10 5 18 9 7 20 16 8 15 12 18 14 14 19 4 8 14 5 3 20 5 4 14 8 9 3 18 6 18 6 12 19 18 5 17 4 3 7 12 16 14 19 7 6 8 5 6 5 18 9 4 4 19 20 5 7 19 19 5 18 11 4 10 3 12 6 12 11 13 15 8 3 8 20 4 12 7 8 11 6 6 13 13 16 3 7 14 11 6 17 16 12 8 6 17 8 15 12 20 3 19 3 4 10 14 20 9 15 11 11 8 18 20 17 13 7 9 18 3 3 6 19 12 15 20 16 4 3 9 10 16 15 15 8 5 12 3 16 12 5 11 15 9 10 6 15 19 13 5 17 13 4 11 15 13 13 14 9 15 4 11 17 7 4 3 20 4 20 11 14 20 13 8 19 16 10 20 19 19 12 19 15 6 16 10 12 18 15 12 16 20 7 16 14 3 4 4 9 11 16 18 20 15 17 5 14 17 15 16 5 6 12 19 14 8 7 13 3 17 20 8 3 19 13 6 13 10 13 9 11 14 9 5 12 4 5 17 14 10 8 12 18 6 19 10 7 20 11 12 5 14 12 18 19 3 5 8 15 5 11 9 4 18 12 15 6 3 16 16 4 20 15 14 12 7 6 10 11 18 17 16 5 10 12 16 9 8 6 15 10 17 17 8 16 5 7 19 6 10 7 4 7 11 16 11 5 15 20 14 14 20 8 17 17 5 20 5 13 17 3 18 7 11 3 3 18 3 14 16 8 20 13 17 9 4 19 15 11 13 20 12 13 9 8 15 5 7 4 16 13 7 16 13 16 17 14 18 17 10 9 11 10 6 10 14 16 10 16 18 19 13 12 14 7 17 19 8 16 3 18 12 14 7 18 11 14 18 17 13 13 8 14 19 9 5 3 16 7 15 18 7 16 14 10 17 18 14 8 18 19 17 18 7
914 966
143 179
720 271
466 109
889 120
794 542
165 130
868 37
355 978
626 434
700 158
223 607
30 445
965 492
812 291
983 614
232 142
940 985
737 564
694 786
158 142
619 734
80 526
177 255
492 390
353 991
225 830
301 642
545 881
725 621
541 630
969 347
429 647
162 199
530 176
619 983
84 209
860 107
840 490
168 28
539 914
919 858
924 382
724 106
643 207
191 139
605 537
751 241
323 408
219 986
407 0
971 213
421 617
815 197
357 895
686 694
134 262
922 541
826 384
138 535
781 952
632 708
31 859
443 788
86 503
268 895
656 697
78 200
801 763
351 502
17 845
674 77
777 173
640 853
903 755
252 339
462 585
844 366
796 944
591 506
794 978
478 699
772 566
871 397
386 782
980 126
245 752
826 625
200 71
258 585
182 744
634 428
932 565
812 464
608 543
361 97
713 912
366 102
732 52
477 112
385 11
97 63
266 899
593 139
883 936
392 237
69 489
229 832
974 447
569 496
402 779
451 884
328 382
839 99
245 873
469 827
406 33
551 696
613 737
730 792
665 420
128 502
397 591
386 783
678 312
95 543
436 357
96 275
842 258
677 684
767 606
614 211
127 959
589 500
241 885
632 946
547 386
178 496
78 349
830 776
458 730
161 604
130 420
92 646
915 59
406 846
373 637
432 852
216 598
319 990
517 339
19 668
815 588
970 832
461 482
550 723
564 498
977 294
331 140
110 276
363 952
270 279
34 357
993 614
489 144
57 470
746 523
679 204
164 463
785 21
967 768
644 48
709 270
578 785
469 327
162 622
12 245
213 131
532 63
362 100
68 565
967 674
829 21
271 896
190 878
598 552
144 562
963 283
639 709
36 699
264 321
615 121
319 41
254 916
890 183
439 819
330 679
696 107
573 581
460 425
576 747
824 225
313 402
119 183
639 618
14 335
729 687
979 470
84 898
833 649
326 871
446 998
473 209
348 95
47 218
530 516
189 927
810 521
405 385
103 427
894 367
579 283
848 816
334 384
316 709
867 98
652 58
617 811
818 770
937 91
436 337
906 87
824 923
292 403
830 988
670 580
528 711
674 419
784 364
88 12
926 710
381 687
164 762
134 999
659 820
364 935
217 718
590 646
770 243
502 929
824 91
949 204
811 895
678 660
57 56
73 654
437 825
871 512
255 322
979 828
95 952
42 601
964 523
667 866
39 617
485 292
846 411
640 646
906 210
207 35
298 695
851 879
985 36
712 133
563 332
927 379
161 43
332 185
290 505
798 506
450 197
976 681
671 410
549 990
753 709
380 712
80 443
393 971
104 190
206 696
608 828
696 524
612 798
175 500
601 747
292 614
450 165
215 465
504 455
536 712
449 887
198 779
79 141
926 400
82 713
173 245
143 431
776 726
102 397
857 399
894 240
531 345
318 403
3 290
889 447
429 84
75 191
678 833
873 232
129 936
763 322
904 67
221 17
756 316
963 947
124 957
433 397
230 381
707 255
193 28
26 474
624 404
983 602
97 548
463 165
33 879
941 714
99 82
341 412
958 921
259 574
211 52
157 990
611 517
644 463
618 770
371 438
440 151
25 265
118 224
482 771
219 819
660 751
615 850
490 179
223 689
275 354
588 943
378 939
99 803
275 201
211 73
196 491
17 399
604 380
360 528
121 462
460 148
895 282
420 327
840 592
785 591
215 793
358 582
932 174
468 670
463 906
206 401
341 410
245 95
770 683
305 213
506 394
860 174
483 247
643 357
357 390
178 580
575 924
248 251
493 990
110 406
574 955
211 884
598 452
597 474
415 704
817 613
466 703
959 763
33 768
927 86
382 163
106 677
196 866
896 462
422 646
356 282
688 198
619 883
97 266
605 122
769 515
798 285
918 220
929 285
179 765
529 28
669 731
37 184
86 539
350 783
873 874
19 867
12 197
722 523
415 107
219 590
463 929
297 136
175 106
668 602
729 524
722 788
139 930
557 456
687 746
378 618
36 907
606 472
555 950
890 829
141 340
212 7
49 480
255 898
205 261
626 40
360 547
283 932
172 920
846 610
326 217
687 528
359 924
823 6
527 386
988 979
969 342
83 940
44 550
569 236
277 471
416 899
469 290
25 991
837 971
961 36
429 913
616 243
463 54
636 269
985 176
582 559
765 386
185 522
224 302
309 696
793 946
123 433
342 650
708 153
390 395
60 813
423 92
856 367
648 473
516 61
67 306
922 840
119 372
308 677
583 168
499 348
990 764
465 915
177 89
508 385
708 803
223 452
942 245
116 225
165 873
328 495
777 40
297 922
997 267
47 476
932 420
846 641
212 18
84 895
135 809
351 230
974 613
281 988
145 256
981 677
894 93
444 994
846 211
25 390
533 909
587 709
732 353
571 95
827 647
778 194
954 325
920 107
609 220
140 898
136 972
340 47
328 359
361 509
507 316
211 374
397 678
922 945
519 868
953 822
606 120
679 541
579 739
619 982
872 401
886 19
21 615
439 213
590 10
956 421
375 639
66 55
635 693
333 628
118 1
762 7
781 486
56 172
295 200
234 896
216 495
697 50
864 117
273 876
45 22
380 725
78 819
831 630
363 164
465 64
344 215
179 968
660 762
176 233
406 120
333 56
548 138
462 949
175 698
277 449
533 54
537 545
380 374
711 112
568 106
373 363
242 525
520 911
375 712
726 475
376 150
75 701
322 801
654 324
50 322
823 365
595 840
249 678
456 113
443 784
352 295
368 718
598 940
470 973
903 428
944 706
673 727
962 968
975 762
523 983
376 68
484 953
908 854
599 134
81 588
806 41
671 374
973 528
697 158
453 369
473 148
970 43
38 619
997 631
91 737
498 927
329 401
853 679
550 89
432 513
710 294
184 883
847 673
237 192
767 474
862 327
729 57
916 937
933 832
876 815
436 81
133 243
874 666
207 349
214 310
601 541
242 467
694 986
974 620
839 798
920 31
8 502
202 682
224 571
216 347
618 813
603 978
636 945
464 590
12 688
433 667
354 688
955 429
979 313
136 294
382 86
466 851
647 657
210 607
722 779
730 98
913 377
33 246
502 17
763 573
815 885
874 850
510 135
501 551
394 724
830 667
795 143
877 106
569 820
947 86
176 472
621 839
274 167
222 216
580 361
829 452
418 428
83 384
682 533
476 825
673 140
745 162
636 783
647 642
513 981
543 339
599 986
153 834
330 455
337 858
267 651
767 579
604 773
282 175
63 714
82 122
393 130
816 235
261 247
62 151
561 750
622 335
556 610
248 108
906 994
160 592
926 406
867 931
785 645
185 719
302 869
698 157
841 677
381 676
436 829
975 398
852 257
561 494
652 443
277 502
506 158
165 106
895 614
751 653
964 707
74 541
99 828
861 882
657 487
654 213
473 187
841 990
445 820
455 977
981 493
810 900
153 640
288 733
421 671
192 666
656 537
530 827
913 352
964 389
943 556
396 925
610 212
480 992
307 318
259 122
30 918
408 342
229 787
296 905
778 276
192 957
498 341
253 611
487 255
859 346
501 285
711 551
891 254
620 656
309 919
14 402
114 546
738 108
500 396
542 100
415 409
671 198
609 759
907 932
492 108
976 835
427 12
695 372
261 395
568 333
204 802
677 873
978 21
2 394
835 574
180 548
924 749
172 317
173 775
9 57
785 786
783 863
62 742
732 672
568 320
957 350
526 368
683 387
876 144
70 922
423 735
11 763
578 876
862 842
90 413
785 169
843 107
763 463
210 402
347 814
475 365
360 215
347 136
746 211
79 14
307 718
550 738
75 972
608 115
875 101
870 569
259 738
402 648
727 972
131 727
822 214
324 403
131 644
193 242
524 101
580 820
559 726
976 448
673 42
367 765
446 432
930 267
429 968
642 334
35 315
125 849
699 315
825 542
798 352
645 205
199 792
7 127
123 901
496 326
769 807
193 205
354 907
32 584
870 815
800 512
591 996
417 721
938 767
171 193
877 939
929 812
616 199
386 206
224 540
950 400
42 936
638 378
642 376
796 986
190 671
802 56
500 267
168 490
945 156
954 527
74 967
733 718
836 692
102 969
553 699
925 729
299 985
669 792
673 576
527 692
553 95
70 572
686 146
70 963
497 985
154 23
129 697
367 506
141 151
216 732
381 156
765 998
801 195
516 659
271 812
568 995
88 53
985 361
154 327
202 158
498 384
668 265
180 249
817 641
603 367
592 574
870 107
966 681
707 316
911 944
902 814
117 504
751 9
415 785
508 387
246 533
43 869
122 428
227 2
24 594
926 920
916 871
249 443
422 788
749 883
972 891
874 963
842 170
740 516
495 985
692 527
517 652
79 637
665 82
26 294
33 611
32 744
405 110
258 265
588 290
426 635
974 57
740 674
876 380
668 361
871 218
153 470
448 149
243 551
741 880
312 584
12 307
60 203
833 33
771 598
269 440
574 366
821 381
611 813
106 981
546 349
84 722
369 600
690 29
743 588
234 154
986 691
413 978
49 12
799 437
441 19
531 160
145 264
577 402
772 926
306 989
861 275
392 431
370 93
287 562
715 419
63 815
659 173
321 320
323 196
906 831
976 12
826 323
231 625
190 446
293 836
613 760
834 649
846 300
236 231
268 619
934 152
81 806
413 782
245 700
525 442
124 797
461 314
15 562
235 347
118 745
966 261
911 759
152 233
680 372
687 389
13 373
302 540
150 507
927 117
28 308
88 25
106 162
548 584
31 735
908 528
686 413
757 834
120 334
779 372
766 844
284 575
976 385
654 529
966 1
98 850
829 952
167 474
608 160
917 180
922 23
159 594
891 527
782 801
180 156
362 492
388 213
202 365
887 580
331 204
917 365
524 982
362 477
395 370
621 979
485 874
313 10
722 251
155 729
871 624
852 365
547 516
747 200
736 370
19 28
154 68
812 593
362 253
951 602
842 351
749 31
52 844
625 819
362 240
884 560
855 210
657 352
598 533
804 911
980 973
22 733
631 490
285 441
61 177
201 380
500 414
66 750
2 21
57 851
819 196
273 463
91 378
890 147
263 909
370 619
294 129
302 553
665 393
806 16
129 675
283 492
597 346
991 537
715 965
139 636
961 716
340 707
876 494
638 666
172 89
14 21
61 303
703 528
240 440
175 349
778 680
891 709
265 338
892 986
383 278
917 837
840 817
221 245
522 633
520 244
838 654
598 825
458 898
624 322
911 115
968 820
449 230
231 439
702 804
232 50
126 995
861 369
242 151
411 767
419 552
642 862
452 770
921 330
725 818
307 906
420 725
94 692
817 368
481 835
937 525
199 303
764 893
531 740
592 597
289 608
804 998
453 137
677 930
117 536
307 572
421 951
131 452
663 823
757 974
344 71
547 929
519 267
908 435
816 662
178 551
636 718
64 122
340 545
269 0
259 319
374 117
341 816
944 823
202 801
973 602
352 690
87 122
376 591
341 220
545 735
245 551
577 152
370 744
926 538
935 895
514 607
591 749
600 168
333 695
897 212
391 845
462 880
173 709
794 927
572 61
62 276
356 760
804 796
979 756
76 212
319 632
129 701
219 231
706 277
357 534
802 319
608 984
694 174
669 496
388 760
419 430
969 94
352 759
985 488
411 85
370 114
358 325
975 58
625 810
939 769
320 791
108 962
402 669
576 346
769 252
855 526
178 545
379 387
180 215
743 819
423 341
605 987
593 757
580 776
968 764
65 25
497 42
945 608
448 511
457 494
639 387
619 846
857 176
109 978
838 974
539 728
208 848
92 558
79 829
462 28
171 706
859 530
473 389
774 923
164 808
63 761
856 441
350 187
494 266
877 454
917 621
152 134
63 296
514 992
420 864
540 774
608 177
984 398
343 893
206 932
626 90
915 999
252 918
626 369
123 911
684 133
497 409
549 185
22 563
507 832
175 923
754 774
134 842
835 960
859 553
619 566
671 580
957 423
10 893
876 627
757 42
924 821
203 897
887 1
390 537
9 254
92 825
591 497
589 230
903 318
876 414
302 206
255 269
969 875
336 688
826 26
361 446
784 452
686 268
873 363
104 730
833 920
216 799
831 649
199 793
225 214
500 393
612 441
950 618
418 775
652 438
860 523
948 330
384 347
364 431
46 855
834 704
29 241
111 737
407 31
812 281
934 539
805 258
377 692
125 628
190 84
851 394
148 238
502 778
79 955
701 237
99 346
556 554
639 688
635 849
386 279
657 130
79 363
26 370
72 546
762 797
163 770
923 67
327 430
279 899
48 777
719 863
274 969
560 524
989 131
365 221
618 928
532 949
956 824
589 42
38 319
978 16
990 404
677 771
801 515
601 658
609 662
122 624
333 61
72 961
816 674
46 454
947 335
625 58
297 6
390 503
859 233
429 282
373 741
795 279
789 521
852 223
456 218
669 867
930 421
222 29
135 995
983 411
467 687
470 663
110 306
297 859
430 306
665 987
889 410
965 371
298 723
593 525
912 593
911 984
433 419
110 667
441 375
866 737
801 152
96 54
826 762
529 991
570 281
634 693
677 808
618 628
558 616
844 122
659 770
991 99
182 404
726 274
699 516
242 171
160 438
428 771
934 654
950 192
167 221
61 646
285 804
795 854
585 588
810 624
996 375
126 609
66 994
309 58
796 641
629 909
874 347
270 16
666 783
775 312
427 808
155 645
450 426
215 960
768 894
39 469
631 43
105 359
297 904
991 57
774 868
146 782
830 628
854 361
292 880
736 558
714 745
796 462
573 325
160 685
607 401
933 773
376 379
595 640
355 938
544 911
365 683
27 894
683 767
317 222
750 445
828 603
28 674
52 24
822 85
177 320
456 174
712 225
576 65
731 78
989 853
97 622
16 210
158 428
773 108
547 617
556 396
530 986
762 669
687 579
339 811
713 551
477 530
347 158
166 224
72 491
830 17
140 128
935 746
209 20
867 700
242 209
285 333
409 57
756 696
70 81
157 538
771 709
333 514
720 278
875 99
98 890
350 672
195 672
41 183
686 843
745 326
216 194
162 477
540 320
959 43
409 262
862 545
895 856
639 957
728 71
27 138
396 23
827 182
127 179
357 504
299 155
642 837
428 702
768 271
251 583
86 801
346 866
976 110
359 837
362 42
650 59
952 259
562 49
64 868
258 138
692 625
884 604
707 535
740 993
971 550
715 852
581 89
313 756
962 817
852 615
618 34
379 148
514 460
844 622
188 300
382 391
614 622
834 2
125 190
114 481
729 135
248 8
900 18
888 835
816 483
464 511
545 25
870 524
808 801
520 302
716 709
261 960
421 807
573 578
61 322
615 934
327 815
558 588
18 486
764 624
881 515
640 8
734 668
584 216
974 765
5 987
901 288
423 948
735 857
342 631
325 310
305 616
610 14
727 803
109 529
259 277
507 321
705 908
475 95
608 390
820 196
763 177
792 805
998 306
760 70
194 48
810 907
325 317
595 350
24 609
398 770
472 52
300 476
225 354
34 841
662 669
852 862
818 924
896 775
199 215
939 812
836 242
763 878
575 128
269 444
854 692
858 707
221 841
254 130
121 235
490 721
741 367
734 693
57 603
659 982
391 729
181 718
714 333
357 611
586 333
896 160
871 139
445 496
535 965
792 86
80 190
253 830
665 353
249 169
367 366
811 111
515 433
494 810
523 512
839 908
263 448
914 927
2 507
968 312
906 322
34 799
795 777
988 698
686 472
133 720
532 95
696 161
175 783
627 654
827 988
755 124
1 528
829 162
589 942
335 601
119 631
160 552
112 898
913 191
433 553
788 625
485 25
166 604
781 668
191 964
272 474
235 308
700 586
454 21
593 589
531 662
315 668
900 764
546 230
261 986
778 892
700 528
404 788
324 203
929 225
22 460
280 149
376 877
322 427
160 950
93 464
198 775
207 925
474 544
505 385
182 619
666 267
32 616
805 617
219 541
78 113
96 320
340 455
723 392
752 364
38 958
684 91
692 910
719 22
427 121
376 658
856 795
71 212
677 580
335 75
986 740
379 663
105 547
300 854
470 829
818 292
38 188
575 5
998 488
227 302
406 341
448 524
617 697
160 560
897 723
291 456
14 324
414 901
709 926
810 821
171 453
218 806
776 683
514 582
965 295
939 345
771 447
856 399
755 867
101 989
800 752
4 808
859 803
718 611
850 981
374 653
359 86
480 895
459 899
388 635
608 809
517 811
917 292
128 921
48 389
386 76
973 128
166 191
39 162
682 310
804 255
373 303
416 654
996 663
559 908
847 664
473 257
86 121
270 674
189 196
195 48
540 798
67 807
488 650
251 890
294 623
57 847
852 934
228 173
864 137
777 310
862 530
362 38
956 835
444 300
604 787
213 734
564 888
973 917
307 16
605 707
235 581
344 460
279 883
600 439
871 580
881 559
236 418
269 845
44 544
350 544
195 852
449 956
889 578
364 212
798 627
686 558
124 812
115 960
452 250
812 400
206 458
23 487
734 763
157 897
880 457
436 608
871 347
577 215
454 222
525 550
86 142
980 220
394 129
874 354
808 302
589 757
126 85
603 451
251 434
872 157
608 134
484 674
550 480
26 674
707 566
238 41
136 449
836 83
727 858
279 954
448 424
826 552
242 611
837 396
164 714
438 680
883 636
585 157
568 570
115 375
795 626
387 267
594 14
565 355
194 285
353 364
118 68
511 411
228 473
987 957
140 669
360 176
303 587
963 956
769 541
523 102
967 512
314 793
306 592
749 509
523 498
986 278
648 676
362 10
881 839
564 182
313 750
535 762
592 84
959 485
681 38
690 593
119 966
28 295
982 114
614 958
369 162
130 820
421 68
117 476
538 398
182 917
418 215
349 542
360 376
869 145
580 272
149 99
770 941
732 500
534 518
5 533
922 961
127 110
592 767
425 597
72 900
52 523
707 91
603 584
178 751
444 384
367 457
665 211
211 754
723 262
34 535
874 732
771 629
98 143
618 542
278 934
669 570
263 375
113 265
781 312
845 665
594 535
977 2
322 700
779 604
928 493
708 86
976 956
255 578
706 527
937 475
148 507
112 731
423 110
969 754
190 404
140 120
224 536
43 184
178 323
57 570
157 833
322 51
799 597
477 663
74 719
240 881
603 75
781 983
784 6
255 475
884 29
591 92
371 885
458 41
425 959
522 354
501 9
391 197
283 634
826 123
903 425
373 337
311 736
645 742
782 522
585 803
181 449
778 263
239 557
234 56
979 99
5 625
365 108
644 278
577 160
453 744
258 334
745 557
386 606
216 340
139 44
106 501
6 499
478 7
661 667
174 285
946 539
911 52
3 570
172 914
948 85
536 279
794 331
282 272
804 398
491 216
321 667
997 964
237 983
292 257
891 724
851 354
285 72
999 371
962 403
269 551
721 765
122 627
294 693
500 440
198 258
309 651
603 307
172 943
28 644
16 307
542 315
396 401
966 269
395 139
23 19
115 841
350 531
249 310
427 744
697 9
34 442
892 849
591 807
556 347
152 43
251 191
970 742
343 532
867 650
153 213
835 503
753 354
165 715
940 348
617 372
853 527
725 62
561 435
917 405
669 160
970 371
183 876
13 40
853 598
473 857
823 388
469 270
241 756
856 152
217 624
467 640
407 465
67 825
791 200
420 242
485 903
420 509
981 889
341 96
764 677
76 854
591 418
787 222
59 786
710 298
623 184
722 277
345 699
204 578
263 661
501 253
971 987
9 919
273 645
579 999
985 753
122 819
928 9
87 480
975 926
785 120
155 47
192 122
834 586
256 19
997 170
206 917
106 657
117 310
643 61
67 519
188 553
750 221
90 991
796 764
230 600
773 578
17 210
265 773
895 158
478 678
361 586
33 708
347 909
909 644
339 299
415 696
942 906
404 453
590 255
935 525
952 579
279 852
606 591
371 284
336 864
241 114
627 102
410 972
54 801
460 833
561 647
748 992
274 412
21 509
187 177
599 891
546 125
859 843
101 59
187 15
881 794
347 747
570 483
494 936
94 190
309 116
21 177
542 697
360 149
844 355
336 419
99 10
454 987
889 728
108 696
247 628
540 487
528 733
568 99
743 766
124 175
309 234
997 130
570 776
623 199
248 88
280 467
495 98
750 460
628 266
594 642
306 364
552 140
688 875
565 37
55 133
897 984
74 211
659 940
863 549
173 716
68 982
844 194
526 821
629 350
37 699
971 170
925 991
956 216
504 275
202 478
793 868
627 930
819 895
503 950
62 251
56 321
816 116
585 515
903 189
345 266
230 526
6 649
151 449
144 801
364 708
359 809
947 30
669 959
666 18
935 249
550 285
398 9
782 729
679 218
758 715
544 872
37 113
252 425
970 338
946 997
829 744
285 999
753 14
312 48
613 640
477 87
471 983
530 399
99 179
394 720
320 906
195 995
360 676
892 200
592 827
734 611
766 137
817 209
418 954
792 298
68 205
205 652
630 264
44 659
607 906
286 315
200 669
804 708
315 801
96 875
215 649
368 884
206 152
317 419
693 509
794 350
219 695
671 722
928 455
251 182
911 464
813 229
751 40
829 227
682 22
513 685
284 51
628 5
231 286
148 926
78 8
938 455
132 228
528 483
962 850
738 128
529 111
360 626
882 844
402 406
634 10
499 671
486 554
763 518
566 471
656 753
35 378
686 606
250 306
275 187
935 209
239 487
970 792
177 595
475 73
708 690
650 941
593 871
38 27
899 250
98 778
459 851
993 542
73 916
396 751
856 751
923 130
236 260
757 461
168 987
294 287
473 916
233 40
358 247
410 46
567 500
528 244
216 322
642 760
589 385
317 57
133 326
193 372
731 444
523 883
957 234
368 742
795 363
949 502
581 993
772 915
130 283
167 940
445 382
358 705
629 484
402 530
999 872
871 975
844 901
375 468
355 678
779 448
604 236
222 849
634 945
864 419
804 0
811 93
760 962
499 198
920 630
13 732
28 204
35 561
894 215
830 631
205 634
300 357
333 129
207 44
77 745
447 551
143 708
208 297
211 455
5 617
167 815
442 241
592 130
990 591
813 458
667 732
138 482
688 280
950 583
353 448
296 462
913 484
266 943
236 819
879 316
826 250
102 436
7 797
652 348
265 532
253 400
106 872
485 706
10 353
69 821
37 474
57 160
198 192
592 590
525 7
405 858
268 387
25 720
687 443
434 451
638 844
908 165
56 247
393 183
862 52
485 827
980 449
433 551
200 182
687 908
637 645
408 38
471 344
103 789
378 962
953 138
990 151
646 940
441 663
801 59
211 162
235 81
942 747
25 193
592 493
697 645
527 867
266 967
973 421
597 40
532 970
34 988
968 165
561 777
700 391
202 400
246 405
817 103
849 861
596 277
971 103
274 85
997 728
371 139
421 214
51 168
508 820
6 864
840 972
355 862
267 30
258 854
346 75
690 170
781 274
119 791
738 715
971 467
682 685
6 532
68 909
906 143
816 337
272 317
432 686
924 308
849 78
923 962
226 128
335 827
874 770
983 115
457 288
446 822
352 221
458 659
97 598
963 581
167 641
834 743
391 967
700 58
974 358
199 772
518 472
127 722
87 933
23 323
686 328
218 501
907 357
797 618
302 706
880 272
292 701
434 747
402 23
676 560
875 624
745 690
576 865
660 993
668 655
874 349
89 442
556 982
246 525
870 888
908 45
395 340
489 900
117 251
595 978
132 8
198 318
119 516
93 52
794 334
366 732
652 209
689 851
668 610
378 592
133 638
429 943
72 593
610 837
6 446
965 968
709 757
162 510
589 408
920 972
18 869
307 878
395 647
194 478
279 773
541 67
738 332
854 318
912 468
933 925
13 470
696 758
487 401
731 368
919 201
10 344
26 909
185 82
648 980
328 355
729 471
965 362
981 652
580 275
541 367
855 921
398 665
655 390
786 373
461 451
260 280
821 854
363 564
946 830
621 332
414 887
796 552
647 254
352 187
322 716
960 198
633 915
243 605
544 703
139 700
305 846
750 858
859 58
932 219
136 489
956 671
114 457
964 515
366 969
378 198
712 14
550 164
936 576
664 800
910 758
877 995
340 511
48 419
885 308
20 45
434 556
363 366
396 376
148 966
743 185
927 958
107 904
91 901
351 119
147 291
146 613
875 449
465 269
736 101
348 919
58 771
734 193
271 481
663 601
215 67
155 201
371 442
624 766
867 961
948 588
64 972
921 985
380 531
770 997
513 89
546 103
918 397
792 956
578 921
768 986
408 772
875 216
993 316
582 394
934 537
579 876
685 914
523 30
358 645
215 408
920 412
284 478
871 367
552 519
207 702
165 898
715 391
793 644
544 934
789 305
830 707
966 271
595 944
738 434
316 845
317 438
416 136
559 419
88 789
518 883
203 159
144 450
266 827
800 895
448 397
295 270
866 313
56 194
213 423
206 536
715 899
626 136
254 736
943 122
73 338
454 876
233 656
297 383
712 244
651 718
49 994
43 612
788 886
679 873
273 477
919 445
638 362
835 431
678 400
797 954
151 441
529 541
583 39
615 676
706 215
923 884
162 842
543 247
839 195
991 911
690 970
312 121
379 321
28 906
556 598
44 46
845 867
762 930
135 183
98 151
612 923
481 447
732 513
620 691
282 473
41 108
359 460
742 322
431 615
78 98
655 804
840 440
701 539
12 931
418 397
857 950
587 49
939 418
938 765
69 781
515 628
600 721
573 332
262 562
95 878
716 858
995 917
85 21
450 73
799 423
871 247
735 942
963 213
542 728
814 515
790 688
184 633
24 784
250 449
936 939
237 638
79 633
519 279
314 560
319 991
44 842
203 556
856 16
8 801
413 49
979 291
482 782
173 923
439 491
411 130
543 637
168 258
773 680
288 976
784 545
990 73
233 138
13 290
370 875
83 329
730 403
319 621
126 119
860 470
298 613
15 863
799 802
922 497
672 255
991 658
313 375
858 606
294 718
811 614
19 588
569 144
782 831
917 318
366 717
361 267
366 338
836 269
979 223
828 538
565 712
772 690
473 90
122 301
479 762
421 408
866 600
726 794
151 215
729 658
570 342
257 824
51 853
329 964
212 387
451 466
210 557
782 804
398 704
452 395
22 713
394 746
766 24
768 606
350 747
444 896
188 82
362 768
812 809
876 883
774 301
9 262
425 710
590 399
690 458
692 515
31 225
958 935
219 631
65 938
116 934
511 437
510 940
30 394
523 647
505 496
796 538
921 383
805 436
994 976
329 51
608 114
48 700
941 317
194 599
424 765
58 76
666 28
762 815
769 860
875 652
221 509
734 479
918 205
852 224
117 414
892 764
340 65
111 488
784 54
572 809
735 334
958 794
557 743
104 450
950 329
739 529
792 139
255 26
692 608
909 214
277 535
865 298
200 170
470 131
208 741
2 897
851 941
205 631
227 685
207 433
291 947
638 633
548 447
137 371
141 698
117 463
983 65
950 753
415 889
366 247
460 935
495 265
903 86
440 555
664 717
617 211
8 495
643 49
383 28
338 984
520 176
193 898
314 552
36 648
392 839
511 134
227 324
638 39
835 739
776 655
703 535
472 691
745 951
175 570
829 818
372 861
512 874
163 301
868 243
526 556
480 503
107 38
687 879
671 891
479 177
277 164
38 393
359 466
369 381
746 995
925 369
269 472
575 774
412 429
254 422
162 379
669 127
945 868
122 344
226 688
78 150
524 911
749 533
74 338
524 134
545 474
31 815
209 482
972 502
484 31
27 61
904 872
906 56
309 994
960 287
348 292
153 444
6 516
979 689
394 751
742 406
998 338
528 272
999 543
998 599
104 67
318 857
964 78
189 491
878 960
538 428
717 679
443 994
658 825
348 992
11 435
941 226
237 293
738 730
393 375
247 984
629 574
333 811
205 557
474 707
165 303
970 278
404 886
465 993
236 66
846 979
543 30
330 161
195 102
492 862
515 696
603 675
518 47
189 534
316 578
459 757
768 421
386 31
315 477
385 170
540 414
533 35
960 301
939 20
885 168
130 72
787 176
778 606
425 767
893 485
621 522
757 214
652 987
715 304
670 220
67 123
993 973
797 275
990 615
515 400
580 128
596 191
104 350
776 888
86 355
794 32
952 357
956 192
845 815
799 568
602 216
438 405
301 992
338 275
747 769
698 581
901 679
26 543
806 807
310 848
872 925
929 683
722 212
101 906
628 168
203 570
96 953
863 241
456 637
61 840
14 687
86 726
679 279
570 372
683 624
350 636
240 153
119 204
772 931
193 154
299 58
794 28
647 58
60 130
151 728
537 798
180 157
710 406
246 258
449 905
144 210
229 273
612 648
763 50
605 702
440 308
854 969
55 997
291 97
440 337
903 93
152 409
941 479
4 612
998 909
389 239
320 844
420 832
800 517
465 164
251 781
542 679
752 415
332 895
92 386
545 998
691 956
258 508
626 739
65 500
321 868
563 904
831 641
329 731
381 567
12 618
804 445
422 671
164 175
591 188
583 360
51 249
91 904
244 150
709 889
403 574
986 657
540 93
338 871
17 778
604 440
131 320
784 760
242 760
705 709
599 244
98 130
152 534
468 821
333 349
55 824
601 150
705 611
743 284
105 212
189 569
962 229
167 540
402 968
882 187
310 864
120 837
30 420
822 194
302 585
275 10
416 613
87 720
630 751
438 715
880 546
816 10
479 703
90 848
297 476
293 438
848 896
585 44
477 25
799 937
917 864
163 69
321 508
728 824
303 695
409 948
512 866
976 787
867 805
656 932
426 553
966 485
840 420
270 12
862 442
897 523
619 520
687 317
926 619
776 932
13 491
994 950
208 599
604 350
869 212
935 443
228 543
31 141
59 775
983 78
360 782
884 188
768 67
38 994
348 161
233 451
684 172
569 955
626 780
396 47
604 418
990 863
850 499
769 359
219 212
641 807
232 197
136 170
270 710
651 947
866 904
283 120
565 164
340 800
625 466
836 738
404 158
361 205
773 127
381 137
966 941
336 57
777 105
699 56
519 532
707 361
845 221
662 771
549 784
286 784
713 976
891 183
915 648
542 658
744 699
763 297
747 892
524 96
671 435
509 408
641 959
737 266
766 492
634 542
66 114
312 40
278 343
394 982
105 989
469 330
420 987
154 848
966 885
393 91
110 782
399 941
401 701
639 125
8 169
270 271
136 659
933 830
790 67
709 117
66 28
853 941
762 600
345 462
267 966
891 529
717 919
388 489
662 941
890 534
920 973
373 466
561 877
322 321
738 376
486 7
208 813
774 297
719 546
211 764
28 795
890 698
409 47
448 272
616 100
77 984
232 120
907 788
987 659
83 937
337 483
209 498
705 141
184 826
963 236
657 866
402 166
887 971
295 324
260 663
602 775
448 55
549 14
909 921
50 939
361 449
186 324
865 436
991 638
832 116
291 935
488 262
68 46
782 587
593 545
108 233
889 932
577 25
87 648
154 536
415 522
305 94
446 902
456 250
626 0
759 897
273 234
802 720
968 702
254 670
21 250
608 99
339 150
311 41
255 72
938 557
914 808
48 786
631 835
547 945
4 896
139 669
7 148
428 348
571 18
804 536
775 902
536 998
75 759
547 180
921 657
728 628
963 754
871 286
202 116
110 573
819 368
380 238
953 444
222 170
221 144
315 85
480 144
659 234
861 552
277 137
118 221
934 288
146 334
830 389
973 716
339 227
505 951
27 376
961 321
973 209
723 140
11 593
29 259
776 541
293 227
481 619
517 191
918 317
217 442
792 636
375 409
21 855
672 774
244 444
422 806
643 200
767 262
341 861
448 439
940 659
446 835
885 93
418 88
326 117
852 702
63 390
751 316
42 573
52 508
188 360
283 781
273 739
211 900
727 556
922 666
992 604
815 819
914 301
381 979
29 584
893 127
495 845
239 817
455 281
489 198
788 825
197 279
415 781
904 429
340 351
612 289
152 49
97 393
306 908
757 173
902 830
425 631
532 823
265 153
572 854
926 893
783 28
454 471
845 840
683 372
744 124
197 635
790 408
28 21
303 534
900 522
841 503
690 189
577 600
988 563
725 36
897 626
926 234
641 186
248 879
991 917
588 552
856 237
710 719
400 950
317 582
544 413
744 136
164 728
429 442
292 845
58 437
73 54
246 331
311 129
625 592
928 704
119 254
724 550
650 440
358 596
110 449
408 843
97 706
77 312
664 149
587 400
707 990
260 106
426 779
622 440
109 492
206 128
819 899
693 335
485 873
525 857
23 899
333 899
771 562
840 827
983 96
34 247
579 99
431 992
171 692
404 241
688 677
120 441
226 19
215 794
122 315
749 82
232 259
18 311
767 822
891 298
550 961
473 926
490 217
852 964
966 913
381 914
811 61
81 903
517 938
63 468
803 819
412 212
364 152
898 940
147 83
53 777
922 64
775 665
562 923
402 110
4 480
688 451
661 89
146 557
593 827
245 58
959 626
656 112
142 462
929 475
699 367
111 40
99 700
661 432
320 111
96 436
386 429
95 42
555 99
959 685
968 37
701 243
90 559
187 409
864 307
941 932
508 875
85 222
706 35
960 535
71 273
81 735
739 103
504 5
334 435
615 349
676 586
255 189
968 577
775 689
322 458
416 834
601 245
780 508
6 38
750 127
909 719
516 984
480 355
933 638
824 243
144 342
419 547
298 202
334 988
170 385
258 990
95 59
716 771
676 841
703 167
191 437
90 786
30 841
228 593
848 490
684 869
688 200
294 123
975 920
710 56
364 878
997 654
280 590
37 269
643 98
629 303
710 559
411 923
627 699
405 344
363 56
433 221
531 207
750 259
453 770
269 881
216 456
617 495
517 907
437 723
367 245
459 652
240 408
981 418
860 386
499 736
72 104
769 550
508 233
651 439
970 424
585 810
46 33
510 65
972 870
555 80
656 621
644 145
236 214
976 491
431 567
953 231
583 282
732 179
853 795
797 300
222 813
154 641
890 769
72 292
424 326
970 230
113 778
835 944
785 625
633 473
340 613
653 439
144 175
514 22
297 402
922 374
126 589
661 720
210 604
777 303
325 555
174 430
375 115
465 157
701 233
453 39
333 744
295 57
636 868
977 811
800 690
15 855
205 9
661 599
593 340
709 71
548 311
855 202
197 349
773 667
237 799
268 617
55 914
743 625
859 389
520 116
956 746
67 69
923 491
319 655
404 982
272 254
296 151
749 257
79 564
750 982
143 258
877 153
333 592
442 399
865 119
257 814
10 393
15 25
594 131
298 285
366 654
12 232
29 725
747 632
449 377
835 869
410 76
602 988
439 512
591 791
43 500
811 721
411 55
793 27
737 663
580 321
537 793
557 289
140 936
82 72
142 718
694 626
862 843
246 987
980 41
990 439
641 271
634 803
210 609
609 815
967 864
277 278
834 228
546 996
450 315
827 563
2 233
154 19
590 512
223 601
609 608
375 33
283 838
252 93
962 171
768 652
18 1
347 897
711 440
927 843
709 21
474 733
879 51
15 66
6 636
371 800
850 464
818 947
60 286
38 118
73 56
496 964
172 926
399 372
190 927
891 287
338 321
807 965
689 73
451 343
730 150
21 834
433 150
884 82
953 168
92 272
871 280
551 550
396 796
964 184
730 918
475 822
671 540
888 870
820 578
376 334
499 532
226 301
936 271
957 237
673 9
668 560
797 457
672 871
244 984
242 710
234 279
527 914
734 250
11 674
655 967
364 966
309 528
513 184
802 634
862 918
989 26
617 521
592 477
164 312
675 765
230 947
329 800
452 289
60 186
200 526
120 39
799 19
901 999
949 173
299 930
825 956
678 452
477 325
946 150
421 863
274 251
284 592
961 395
300 857
941 223
384 274
956 905
263 7
714 275
262 840
186 147
592 446
11 145
922 256
467 984
66 128
961 750
472 119
75 906
728 54
719 46
975 805
633 281
637 933
159 600
204 611
96 199
543 774
413 569
598 759
684 75
957 897
800 563
151 135
10 520
648 21
994 890
552 948
74 482
228 65
454 951
737 900
163 40
234 59
609 253
434 756
995 272
491 754
900 912
397 462
949 879
457 53
278 784
495 448
187 604
594 273
271 8
335 824
569 433
307 93
34 691
493 839
564 592
427 815
880 230
981 599
160 207
410 252
324 28
95 912
931 231
156 775
961 879
632 782
919 993
606 342
339 43
861 374
848 76
313 958
186 440
481 203
828 637
498 366
40 885
797 969
194 861
625 78
638 684
291 357
91 311
561 407
241 605
489 650
361 356
674 939
227 351
618 409
683 323
292 514
215 678
464 419
814 246
127 898
346 923
977 347
908 202
99 617
383 455
767 885
551 593
440 563
420 881
464 235
836 221
288 927
741 388
982 447
687 486
75 824
681 460
38 475
764 933
157 317
647 113
53 538
252 394
775 955
46 548
713 408
254 697
847 628
170 694
639 168
303 751
178 919
403 464
196 854
232 946
578 304
468 616
988 935
607 836
450 752
79 198
559 830
606 944
880 657
706 585
523 568
118 580
107 982
505 146
632 752
731 490
531 978
339 240
585 453
231 875
914 288
438 999
458 811
873 591
855 180
304 559
660 267
353 508
944 44
157 684
703 247
212 50
8 855
532 271
340 965
177 405
511 690
859 961
747 441
604 581
205 260
792 37
584 707
57 390
781 919
617 679
389 301
659 624
125 723
37 813
741 902
629 274
421 249
107 431
248 377
57 23
342 249
537 540
352 384
855 115
854 707
293 618
43 753
468 240
511 35
798 919
940 192
649 405
474 523
248 944
639 165
15 522
989 174
861 709
639 690
314 361
238 657
287 27
469 392
643 900
468 745
470 69
208 142
33 2
208 229
262 93
123 63
955 833
748 918
248 977
894 234
564 397
272 60
863 422
36 488
504 741
899 959
244 961
948 479
172 348
289 754
579 890
123 744
620 447
666 526
131 232
101 779
867 639
418 578
738 922
933 218
578 646
197 827
730 683
55 733
118 84
646 447
243 359
575 555
903 540
704 179
283 997
449 350
379 219
780 12
274 989
140 931
352 885
514 683
336 418
80 982
255 782
594 957
514 861
792 981
188 623
605 531
696 479
879 153
493 199
952 96
661 281
7 785
341 112
643 34
537 542
787 122
446 480
134 809
182 841
331 601
405 162
809 485
34 168
719 838
701 459
350 397
561 470
979 787
33 647
109 660
995 226
252 696
403 115
382 282
508 42
852 362
326 793
231 401
709 957
125 82
699 240
955 147
512 812
590 15
295 827
55 868
642 6
769 508
577 785
896 580
292 340
949 244
850 670
200 689
79 930
638 720
352 198
430 139
512 563
984 685
503 233
807 193
352 82
323 611
678 931
143 475
659 879
820 784
276 171
407 586
504 821
352 546
562 388
287 664
925 930
995 343
258 435
976 75
238 931
924 808
866 232
902 413
102 608
966 140
110 104
158 367
655 407
51 470
711 531
74 377
568 105
472 745
184 514
321 953
274 897
62 769
53 843
785 175
521 252
285 395
808 463
522 199
778 4
346 638
298 969
43 5
220 206
977 451
899 443
988 755
972 182
258 516
226 941
701 862
275 256
174 776
571 232
754 140
142 896
169 866
349 716
162 806
434 774
766 535
426 507
22 223
321 275
177 806
628 274
79 326
674 893
138 449
516 824
443 717
713 885
154 888
540 895
662 736
50 185
974 601
922 81
400 594
668 5
512 9
541 692
148 36
298 876
416 793
289 735
152 86
243 809
288 475
748 638
177 23
859 72
780 791
654 452
973 201
824 43
733 732
438 780
350 143
6 933
715 924
0 152
269 485
561 783
676 568
854 686
239 187
546 821
280 687
275 886
365 630
503 67
735 964
968 831
113 848
41 672
578 466
367 388
937 476
329 11
426 877
759 503
639 963
132 650
628 976
243 933
380 994
714 140
391 226
820 855
681 418
955 104
48 106
364 123
822 255
628 14
14 230
47 264
645 526
516 193
992 131
154 714
563 295
351 671
239 824
669 473
480 697
608 6
240 794
671 533
618 351
25 701
955 283
661 525
614 394
42 624
264 199
161 959
442 791
745 131
529 37
649 390
962 580
290 429
279 174
745 149
655 536
508 845
257 174
528 81
111 215
709 39
326 860
495 646
695 255
319 313
732 952
592 393
203 276
2 933
802 189
37 790
493 741
24 566
955 140
939 303
903 155
63 875
304 201
854 505
282 495
639 74
105 621
235 436
662 810
821 562
786 852
256 836
833 786
199 611
402 386
227 440
538 640
644 72
639 728
204 559
335 463
363 772
535 65
123 572
851 338
947 369
705 566
321 149
624 907
151 500
202 893
825 487
809 617
170 420
953 770
817 703
575 889
83 761
376 951
379 41
163 459
784 975
773 521
612 726
858 216
235 554
20 149
447 604
264 587
500 347
709 918
397 107
437 726
742 80
8 157
966 393
792 635
289 834
156 88
528 539
739 129
915 913
869 106
102 938
944 784
730 520
918 549
58 731
428 234
775 89
704 989
757 385
268 779
687 619
884 703
972 511
517 11
289 644
833 106
106 529
620 275
308 34
42 891
694 831
714 211
655 47
763 388
433 928
664 219
574 790
615 911
344 970
844 135
857 829
129 861
361 661
72 913
290 470
528 337
302 160
160 977
61 992
311 57
906 826
29 314
364 618
139 261
246 526
782 0
524 217
29 465
661 846
346 219
736 923
614 819
892 780
642 576
92 261
339 187
911 678
193 948
827 199
587 544
173 816
829 781
804 890
851 581
152 56
417 96
54 799
830 551
181 135
840 774
503 316
784 247
694 320
753 511
80 696
815 746
825 473
332 26
564 585
96 947
519 46
862 952
541 269
430 114
628 607
524 757
387 580
293 814
819 175
17 318
131 991
425 511
748 217
965 154
501 369
351 534
437 103
956 761
145 622
809 649
33 714
488 208
503 757
117 199
11 734
672 570
830 94
379 818
722 160
584 2
352 808
830 867
428 882
393 632
485 236
797 121
661 577
858 558
540 104
269 473
137 372
336 958
125 492
110 507
190 217
699 218
703 860
161 59
185 327
819 977
484 470
776 575
797 380
712 461
777 383
460 753
959 425
384 398
414 954
883 245
818 579
571 977
912 770
497 37
933 423
446 257
907 553
93 345
830 972
951 426
713 381
614 318
228 803
397 30
153 229
803 612
388 211
482 252
836 249
275 648
828 425
365 330
37 697
990 122
792 109
949 986
161 393
228 642
614 164
6 576
504 711
260 849
273 883
823 298
174 235
455 754
828 787
28 406
468 232
284 577
22 397
242 759
231 268
341 494
179 409
966 832
389 197
974 386
218 789
675 624
67 24
324 455
519 651
701 499
625 694
875 664
600 135
949 459
135 849
224 904
302 942
118 19
300 376
947 684
450 309
277 420
786 289
713 631
452 440
679 439
143 34
533 945
990 375
907 985
379 670
57 873
137 919
308 298
298 889
507 745
135 246
277 994
255 543
532 583
8 563
781 598
716 306
949 439
689 430
399 203
14 35
363 412
24 613
512 209
860 460
790 230
110 714
986 625
985 846
294 933
378 787
354 647
106 584
53 314
124 648
633 674
995 155
540 818
22 925
87 899
923 125
800 289
468 502
262 561
87 396
979 298
684 238
522 775
199 302
309 856
401 403
182 969
30 985
817 37
326 803
780 599
682 316
896 649
927 460
103 392
616 202
811 211
256 304
640 205
255 423
165 940
854 203
218 374
714 133
196 402
920 13
868 801
670 681
230 863
270 400
567 93
402 483
896 638
196 161
886 884
46 791
614 870
303 405
122 25
96 178
849 460
711 50
234 421
151 610
21 864
187 432
740 680
852 726
425 419
156 262
72 92
800 940
508 265
824 86
572 218
862 185
16 881
217 924
827 854
481 621
871 972
24 268
725 735
161 467
475 768
728 52
567 704
444 483
473 517
427 885
566 240
643 135
708 147
810 748
182 214
331 839
190 795
151 158
14 915
742 699
248 724
621 231
646 499
790 593
438 940
396 349
755 366
852 209
469 120
570 956
377 145
436 900
294 500
312 984
995 740
953 719
404 331
890 217
84 310
884 844
827 522
473 104
134 11
589 674
144 176
568 774
545 264
577 529
281 419
812 52
231 811
996 192
147 68
374 684
151 72
112 726
945 575
792 851
319 371
494 942
495 528
156 765
210 905
90 724
73 117
664 994
937 133
278 767
263 75
919 286
746 656
450 872
816 355
531 180
934 442
64 740
315 705
49 128
576 58
366 190
470 115
520 363
983 836
768 372
74 337
358 903
194 915
375 44
732 21
140 232
218 909
788 549
501 714
627 372
635 468
641 855
908 159
911 676
188 803
281 501
168 408
232 743
602 403
137 948
333 674
389 379
222 560
434 118
842 928
223 656
10 638
703 980
451 367
857 111
776 353
48 831
658 862
697 348
332 299
866 987
161 414
318 346
520 870
336 262
836 182
116 746
944 347
317 721
78 723
189 657
439 544
62 37
256 965
687 475
402 569
984 283
661 754
989 942
147 29
737 107
101 65
6 680
85 147
736 569
408 251
366 788
59 36
380 219
503 317
79 927
794 938
933 422
382 434
223 914
765 855
223 293
693 489
360 111
693 369
110 25
720 331
100 878
818 383
417 917
822 880
655 919
778 469
40 100
769 206
299 956
832 911
488 681
952 808
495 241
963 926
317 219
722 714
165 853
487 176
49 718
523 185
106 785
608 915
887 238
929 19
401 453
827 694
252 996
918 632
330 126
164 755
416 754
593 892
899 489
291 89
197 387
728 961
248 997
386 937
833 59
623 584
138 554
353 934
964 6
747 76
390 88
332 953
157 393
954 448
556 110
440 433
108 720
82 814
983 738
951 952
355 292
124 951
838 935
367 784
559 703
852 558
950 528
850 346
472 306
486 120
964 463
474 845
974 827
782 452
20 605
791 405
816 687
551 155
452 707
960 459
191 637
872 598
961 111
750 14
464 231
662 180
995 707
790 568
74 247
10 182
275 536
741 461
799 76
914 977
361 857
438 752
446 754
90 905
327 874
311 916
556 257
520 641
574 868
332 542
50 75
82 616
802 664
381 959
77 93
775 469
295 891
919 193
450 520
738 584
329 560
46 496
941 304
720 400
956 448
931 523
266 971
314 316
943 666
76 200
486 426
761 317
756 118
936 992
808 403
6 387
396 957
760 562
366 741
330 343
172 868
419 793
147 204
938 98
271 804
40 181
685 667
180 165
423 823
263 499
510 618
97 144
182 678
443 996
874 630
433 552
917 936
589 363
689 830
547 670
215 279
177 887
534 771
946 940
636 814
766 488
731 336
493 189
799 814
209 466
746 257
384 94
286 626
17 566
735 183
914 129
792 765
220 469
982 321
884 767
179 70
19 155
924 414
174 969
839 347
389 325
91 128
493 478
679 158
166 706
295 497
404 625
353 388
940 656
118 748
919 135
626 405
410 910
645 574
889 956
559 893
939 935
852 729
394 816
169 10
28 37
576 891
619 523
733 273
409 967
858 506
140 958
483 329
557 832
445 947
315 768
260 810
253 825
607 168
367 239
767 337
27 568
142 435
172 5
181 668
466 797
820 827
890 615
912 396
669 519
747 682
365 336
261 375
248 987
73 252
580 132
524 188
431 355
231 141
600 396
341 439
232 878
543 87
542 31
504 447
796 133
101 145
758 737
567 956
844 55
466 949
233 985
122 183
517 843
465 619
645 694
813 736
105 422
785 200
825 290
734 66
439 812
667 689
450 624
208 577
337 620
181 436
332 610
916 357
352 870
432 534
231 942
300 553
965 900
873 255
756 978
950 853
212 753
393 529
874 90
407 729
174 770
425 296
416 246
855 60
124 978
960 409
342 171
717 24
234 841
873 452
867 723
271 95
907 261
434 574
352 438
475 408
956 699
328 698
834 611
382 73
748 667
239 740
685 784
267 857
183 222
353 790
848 344
950 765
344 196
952 47
597 20
103 510
548 140
268 903
16 179
201 511
928 858
35 301
901 906
243 577
825 711
34 559
207 948
701 470
493 533
984 160
788 354
455 241
136 569
34 100
2 851
775 997
107 515
113 529
587 507
979 519
784 598
850 359
593 622
787 329
805 420
448 59
15 209
531 340
574 224
406 483
257 243
254 974
244 825
496 544
727 710
946 694
598 653
266 961
161 520
372 407
244 295
788 164
672 97
635 202
422 19
160 669
729 562
433 34
523 115
19 311
238 602
958 1
705 970
402 546
728 314
573 852
444 104
443 325
826 477
414 745
801 891
324 92
792 739
200 954
370 646
715 369
368 20
131 772
827 326
719 674
850 327
380 868
786 819
44 583
184 372
13 703
70 131
796 989
142 28
632 695
904 667
946 405
128 973
266 941
984 634
963 32
754 84
891 373
668 708
254 888
257 390
55 137
893 521
54 139
449 15
189 165
337 520
48 616
605 476
229 269
643 574
924 775
689 86
383 878
979 442
917 419
486 128
433 665
755 859
700 583
220 361
623 243
926 758
201 319
489 582
740 753
577 945
934 655
404 352
403 245
637 982
55 209
123 380
594 171
243 976
556 648
313 918
855 756
764 338
299 426
653 729
824 54
32 546
23 831
441 398
84 775
399 935
351 483
44 324
913 686
87 312
132 166
592 673
78 593
186 928
69 412
118 222
264 555
969 199
466 532
959 520
472 861
484 245
315 251
737 972
19 612
338 732
900 565
62 852
145 927
214 208
639 623
583 822
6 430
116 257
132 516
243 86
420 245
971 92
698 586
447 823
49 172
997 800
465 165
860 629
820 269
345 608
363 820
314 374
780 259
635 456
630 74
445 954
204 767
911 479
483 8
151 297
782 911
944 838
243 649
775 980
526 766
838 819
156 484
799 644
788 978
578 661
443 543
374 511
496 249
147 795
930 566
355 778
121 187
791 4
608 241
828 758
810 783
626 937
293 421
875 14
937 925
254 826
840 669
456 66
885 178
650 706
259 961
906 150
441 995
304 86
815 175
211 306
817 458
567 40
334 272
88 613
119 393
131 235
708 645
239 677
615 529
44 504
253 112
15 753
798 776
337 913
240 605
777 809
141 547
520 204
110 336
396 633
251 218
864 382
728 702
394 45
381 138
432 913
794 14
126 730
599 766
493 708
827 819
217 480
545 487
225 255
722 258
882 417
171 72
363 640
854 814
623 0
188 378
31 835
348 231
652 791
804 244
809 68
948 631
972 90
262 594
472 772
568 402
716 822
541 415
783 514
416 652
762 207
298 994
95 493
115 156
919 63
407 505
532 420
803 834
142 392
942 955
208 842
50 84
410 222
674 533
486 547
472 521
148 46
320 606
763 268
351 657
934 115
802 629
539 231
860 408
902 57
422 917
576 889
327 671
36 523
240 460
999 865
373 438
469 599
658 33
972 663
955 861
912 12
695 278
332 737
462 674
449 924
65 510
251 499
612 516
525 730
654 419
327 770
780 154
947 717
156 4
54 898
809 415
19 437
679 392
251 881
372 779
195 820
71 331
593 342
643 50
241 661
586 318
875 712
120 824
31 664
382 784
135 962
143 36
382 686
349 184
91 860
226 106
921 430
330 793
226 273
327 177
487 781
699 930
735 541
44 183
897 138
199 765
892 871
502 53
840 281
387 305
964 897
600 199
190 881
621 67
876 761
168 192
958 214
574 504
257 307
977 172
192 598
650 597
3 665
38 329
496 779
648 327
617 673
639 89
737 879
226 642
644 23
96 868
849 852
79 356
205 977
473 993
172 871
464 284
170 224
390 598
322 884
670 99
53 242
331 275
958 436
592 55
419 448
725 537
512 73
93 570
39 445
39 324
555 505
145 253
88 527
533 571
870 480
124 747
645 75
510 967
978 180
161 622
597 361
963 143
751 282
499 936
369 967
333 538
528 561
965 192
482 507
326 338
516 106
911 418
22 349
39 718
182 622
650 747
914 728
61 945
89 599
442 247
636 213
302 61
225 921
64 129
953 246
306 943
59 431
804 281
899 402
55 841
912 227
539 436
159 875
351 938
896 680
537 691
819 592
555 676
612 680
125 935
478 344
990 249
51 111
621 266
786 968
907 180
402 237
84 113
368 233
176 856
108 625
795 299
758 329
860 462
623 624
543 549
78 981
185 610
310 998
645 316
885 475
367 686
967 835
931 150
512 228
755 308
328 488
99 141
213 720
587 64
863 680
620 177
736 6
653 856
118 862
124 963
786 420
487 452
377 590
944 384
948 378
576 776
716 341
821 525
59 718
142 569
704 210
809 100
865 558
112 6
253 376
81 541
234 252
75 486
153 880
619 582
486 552
972 179
95 410
707 984
906 207
874 887
140 881
555 930
892 677
149 117
437 984
507 311
761 778
772 82
603 98
752 888
488 29
808 773
625 991
491 617
943 294
724 609
910 87
744 159
763 51
921 684
714 338
541 884
31 218
954 176
39 77
793 190
200 915
371 726
71 655
571 458
926 792
388 878
106 473
950 152
943 65
855 670
719 413
615 39
532 526
976 339
698 429
759 586
500 408
538 815
292 217
523 539
418 886
102 811
807 322
268 806
83 560
146 835
954 600
343 556
55 174
591 432
219 324
111 917
412 108
747 819
640 94
97 645
380 281
414 96
819 139
576 486
401 38
299 869
285 252
36 226
585 90
162 893
142 37
913 526
703 244
708 761
932 1
458 824
586 618
861 606
297 520
987 610
433 696
610 794
353 267
837 373
985 811
848 370
886 305
8 355
592 540
504 27
565 349
967 392
685 460
883 424
321 548
413 759
734 65
64 478
558 629
464 541
243 20
49 661
783 64
989 523
240 480
747 514
276 968
897 129
166 18
651 586
42 550
314 66
138 366
115 238
455 332
947 348
125 163
171 354
149 75
541 877
403 684
700 497
796 345
947 565
178 407
805 384
805 800
919 748
218 670
919 975
391 671
878 700
604 971
383 540
945 46
425 744
636 804
344 185
487 195
548 460
875 1
799 642
787 565
55 587
812 509
890 320
174 650
119 384
436 227
466 275
982 93
497 756
489 550
811 950
115 110
947 794
524 286
502 87
520 623
564 731
303 574
338 218
929 462
365 373
434 866
537 831
161 174
