1000 5981 3000
23 17 19 10 8 5 14 6 17 21 22 18 25 16 18 6 6 22 15 10 9 10 18 22 24 11 8 6 20 22 16 12 19 24 12 5 10 19 6 9 21 8 13 22 12 25 23 15 14 19 8 24 20 21 22 5 18 25 9 24 9 24 7 17 16 6 6 25 6 21 8 8 23 9 19 6 6 17 7 23 18 25 16 6 6 11 10 15 12 11 15 6 18 9 15 23 10 10 5 23 18 12 13 19 6 10 5 17 9 20 12 21 5 5 13 12 12 24 19 12 22 15 6 24 5 18 21 21 9 13 12 17 21 14 25 8 22 17 18 16 20 21 24 8 15 14 24 24 9 17 14 22 19 19 15 21 21 17 6 21 15 16 17 23 7 13 24 15 20 17 23 23 23 16 10 7 8 6 5 16 23 23 7 19 12 9 14 13 14 5 24 23 5 18 23 15 13 20 22 15 10 24 9 24 19 6 17 11 23 22 22 18 15 9 19 22 21 25 8 21 5 11 9 22 15 6 15 24 22 5 5 14 8 22 20 14 11 14 22 10 16 17 14 9 18 6 11 20 5 5 13 12 12 15 5 5 20 12 9 17 13 7 9 23 19 14 14 25 21 5 17 19 11 21 8 6 21 8 8 21 13 22 7 6 6 12 11 23 19 18 5 12 18 13 8 19 16 6 16 17 22 15 17 14 19 19 16 10 6 17 25 20 20 13 22 25 9 5 23 19 5 11 10 14 14 13 21 18 5 12 11 13 21 16 10 8 15 16 22 9 25 19 9 20 20 16 17 20 14 17 10 17 23 11 9 9 24 25 11 18 16 13 16 10 12 5 17 19 12 19 11 14 14 13 5 13 17 13 24 9 5 5 9 18 5 7 10 16 20 13 6 13 17 13 7 9 6 12 21 8 20 6 10 19 10 5 11 15 14 13 16 8 18 6 9 9 18 8 13 12 8 21 19 24 17 15 13 19 21 11 12 6 8 8 18 6 18 23 22 16 24 24 13 19 11 8 14 7 13 18 12 14 24 22 22 7 14 16 13 8 23 21 8 12 6 21 19 16 11 13 18 25 24 6 25 11 5 23 22 11 25 16 9 17 11 21 8 21 23 9 14 8 15 20 24 15 20 16 9 17 18 18 13 21 12 18 8 9 14 22 22 18 20 16 17 11 24 12 14 12 20 13 12 18 19 23 18 10 20 10 25 25 10 23 13 19 9 5 25 5 25 21 15 17 14 7 25 17 11 21 23 9 16 12 24 17 10 18 25 14 19 9 5 9 6 15 20 17 22 22 12 22 16 12 22 12 14 21 14 24 23 12 22 11 6 8 22 20 14 15 13 19 18 11 13 25 11 6 7 16 17 5 23 22 8 11 15 21 18 24 25 18 21 15 5 24 22 10 15 16 25 17 15 11 8 19 13 10 13 17 21 25 19 15 6 18 7 24 5 5 12 23 12 20 11 5 9 5 23 7 7 13 9 15 25 6 25 23 13 5 19 18 14 7 17 7 7 16 10 17 20 10 16 20 6 19 17 7 23 11 17 16 9 8 15 6 11 21 17 19 23 25 11 14 21 22 8 21 25 21 11 14 6 9 18 23 22 6 15 9 21 16 10 22 23 14 6 11 17 24 17 21 10 9 5 16 23 15 11 22 19 13 20 22 9 15 16 17 17 7 7 23 12 19 10 15 14 19 23 9 25 22 18 22 23 11 14 9 11 11 16 24 11 24 14 17 22 13 5 16 13 12 13 14 11 7 16 24 22 22 14 19 13 11 25 25 23 21 13 17 6 17 20 12 5 5 23 20 20 7 14 10 19 25 11 25 14 18 21 23 21 13 21 7 10 13 23 22 11 14 19 25 19 21 7 11 18 15 17 23 17 13 16 8 25 7 9 11 24 16 23 24 9 12 17 11 20 10 9 18 12 10 17 21 5 22 11 15 21 20 25 13 17 12 21 18 17 10 19 25 19 17 22 23 19 18 19 7 16 13 6 13 22 25 25 24 23 12 9 23 23 15 11 11 11 5 24 13 23 19 21 15 20 12 10 16 23 7 14 13 6 8 19 6 19 15 19 15 7 15 24 22 21 8 14 20 16 21 16 21 15 12 21 25 25 25 15 22 22 17 24 19 12 19 21 13 16 15 13 5 25 16 5 6 22 10 21 7 11 12 6 23 20 24 14 11 21 23 9 21 15 9 19 21 25 6 11 13 8 6 25 22 16 9 6 17 11 20 15 11 17 7 17 13 19 8 8 21 14 5
3 10 9 3 19 20 20 16 9 10 15 6 3 11 20 14 20 17 12 15 8 18 16 11 8 16 19 17 7 4 7 13 20 12 20 6 20 11 10 6 9 12 6 6 10 19 12 9 9 18 14 17 9 10 15 10 4 12 15 19 8 9 18 8 7 12 5 6 16 10 20 13 11 6 15 5 7 6 14 17 13 16 7 6 8 14 6 3 7 17 19 11 5 13 16 4 16 17 13 9 8 3 15 3 12 11 20 9 8 18 10 4 12 17 3 12 20 7 3 18 13 20 6 18 15 6 19 9 14 6 13 6 16 7 19 13 14 18 7 11 8 11 15 15 13 4 17 20 11 19 13 11 15 4 13 7 14 4 12 19 11 20 17 20 17 5 20 5 9 7 19 15 7 10 14 6 17 10 20 9 3 5 5 6 13 17 17 8 15 19 15 9 16 6 15 4 17 4 19 7 20 11 20 4 11 14 11 7 3 11 13 20 19 4 15 8 13 13 18 16 6 3 13 10 6 11 4 7 16 5 20 17 14 5 9 4 6 8 14 12 18 11 11 19 20 12 16 9 20 5 18 7 7 16 11 14 18 5 16 14 19 18 13 13 5 14 17 10 14 5 19 11 13 10 10 6 5 20 8 13 19 18 19 11 5 7 8 6 14 20 9 5 4 12 12 11 14 18 17 7 5 14 15 4 5 15 7 19 6 14 5 14 13 9 6 13 12 15 10 3 6 15 4 3 16 3 14 12 9 3 19 4 3 12 6 16 13 16 9 20 18 4 12 12 12 12 19 4 17 12 3 6 9 4 4 18 11 3 11 20 13 20 10 11 15 17 17 4 19 7 3 20 13 20 9 5 9 6 12 19 5 9 18 19 20 20 20 3 14 10 16 18 18 19 18 19 16 15 10 13 18 18 20 11 6 20 19 10 19 18 4 12 9 17 10 12 3 15 15 10 20 18 19 3 20 16 19 17 8 3 20 8 13 13 10 8 9 5 8 11 17 3 10 18 19 16 14 20 12 3 18 13 5 12 10 3 19 5 14 19 19 18 19 9 6 11 13 3 10 17 9 18 12 15 8 12 15 16 6 9 9 14 12 14 19 16 12 15 7 8 19 11 3 15 20 20 7 16 16 20 11 17 6 14 12 14 7 20 17 5 6 15 17 15 11 5 5 4 6 8 6 18 7 14 17 3 16 9 6 4 18 7 7 11 15 11 13 14 19 10 17 11 19 16 8 16 10 14 9 4 19 4 11 6 3 14 9 3 6 4 11 3 7 7 6 9 10 11 15 17 16 14 14 15 13 13 11 4 18 12 4 19 5 19 17 19 17 9 20 14 11 6 3 12 17 16 11 18 12 16 13 4 20 10 12 4 15 5 17 16 20 11 11 3 14 11 8 5 10 7 9 4 6 3 8 9 20 10 15 4 9 6 16 17 7 13 10 7 18 3 14 14 7 12 11 6 7 4 6 7 12 19 13 16 7 9 8 10 6 9 15 15 12 7 20 5 16 19 19 7 10 16 19 13 13 19 20 17 13 10 19 12 10 11 9 10 16 11 17 4 5 8 12 7 4 4 9 6 13 8 7 11 5 9 14 15 3 6 9 9 9 19 12 5 15 7 19 14 7 16 7 9 10 8 11 6 9 13 14 3 20 18 20 15 5 16 10 3 15 14 16 6 11 8 10 18 11 5 11 10 16 6 3 20 4 8 13 9 19 18 20 3 6 3 14 4 11 6 13 16 20 13 9 18 11 3 6 13 4 11 10 16 19 7 8 14 20 14 20 5 7 8 17 12 5 12 13 11 13 3 6 5 20 14 3 17 14 7 20 15 19 20 8 18 20 16 18 19 13 5 13 10 18 20 16 9 6 19 17 19 7 14 13 19 12 3 12 7 10 20 15 15 19 14 10 15 5 6 12 3 20 4 14 13 8 4 4 10 19 12 12 18 16 20 7 14 10 7 7 9 12 15 12 7 11 4 7 5 19 6 3 9 5 13 14 12 15 14 15 20 8 15 11 14 20 9 5 7 4 11 4 15 10 5 15 19 17 6 4 9 18 3 12 6 19 8 20 16 10 16 7 6 8 12 15 15 5 10 10 15 14 11 11 7 12 5 19 11 5 12 18 17 17 10 3 18 3 7 14 9 10 6 6 5 19 16 15 11 5 13 15 14 16 10 20 9 17 12 19 19 16 9 18 5 17 13 7 5 4 12 3 19 5 11 13 6 20 18 9 9 7 13 11 16 15 10 20 15 9 3
651 157
450 157
45 912
716 469
571 976
644 404
620 150
501 954
812 683
930 555
388 979
168 933
401 332
195 647
606 171
58 106
636 106
517 91
512 893
92 145
682 994
367 201
420 980
382 258
928 598
73 842
632 565
366 818
781 743
446 666
928 391
953 694
724 205
4 768
189 146
289 424
674 767
147 447
270 715
97 476
885 684
114 728
621 603
475 299
206 110
410 244
13 435
260 817
354 522
585 228
415 447
194 756
155 28
137 13
123 494
466 728
728 504
63 558
725 864
658 919
503 110
93 316
928 976
361 873
371 703
297 812
723 385
698 178
522 27
704 565
531 696
915 54
941 548
199 356
471 186
383 417
531 673
32 147
401 544
911 32
981 420
850 562
788 648
942 720
845 628
601 120
925 186
759 515
680 187
124 338
755 701
31 793
237 712
478 120
709 788
575 688
415 516
897 517
447 430
388 829
659 432
429 430
544 209
199 715
733 113
707 491
36 980
537 486
618 20
575 752
934 216
146 194
139 985
621 219
17 495
208 541
573 39
750 721
194 586
664 689
910 624
22 468
855 514
126 164
48 17
579 368
820 401
674 111
825 40
668 753
734 709
158 875
727 387
377 521
511 953
902 589
12 111
109 611
351 88
501 372
446 420
963 128
603 32
586 246
142 337
411 311
775 608
58 435
535 394
713 636
143 820
972 120
979 924
532 719
922 432
799 935
761 866
172 918
667 511
839 89
739 898
657 729
128 704
30 872
632 325
875 580
465 9
315 924
624 815
777 494
944 304
9 466
144 994
140 593
375 933
484 367
540 453
688 404
774 192
623 185
970 671
245 708
205 457
122 792
181 583
12 913
662 216
205 221
621 664
728 372
584 301
979 120
194 219
326 441
148 532
94 639
741 948
213 500
560 657
270 696
738 61
688 448
75 466
986 123
898 103
320 538
94 390
385 67
381 63
910 495
176 635
344 348
172 828
48 301
94 452
156 13
858 395
744 268
305 327
183 270
825 435
422 900
97 284
255 845
625 321
467 975
64 341
871 74
60 356
700 422
337 243
685 473
342 657
290 902
353 676
307 886
258 430
46 111
834 938
359 223
785 483
765 815
177 101
419 977
262 391
563 980
101 121
695 868
377 467
161 3
706 636
141 770
757 595
891 840
399 38
823 286
395 318
680 22
105 349
595 118
672 199
366 313
939 942
25 861
984 360
865 488
965 790
263 862
570 304
115 627
629 228
604 31
320 125
844 548
49 806
340 5
131 373
924 970
218 278
260 440
212 402
956 6
124 786
235 165
170 985
96 480
370 829
530 64
603 820
226 289
913 363
798 1
479 412
314 419
696 382
597 58
372 166
508 856
439 751
753 993
619 205
776 949
369 981
717 618
412 721
815 507
114 219
295 182
757 552
718 50
888 974
827 424
474 933
81 131
431 414
493 527
500 351
724 107
6 533
384 448
76 442
928 448
313 38
163 126
943 167
286 171
597 339
506 670
680 935
945 619
591 293
863 164
901 95
481 118
908 466
397 813
437 724
760 768
69 162
988 663
898 726
189 335
570 382
717 173
969 649
308 650
195 364
933 669
313 635
125 579
7 461
915 942
461 185
543 350
176 637
967 571
318 15
830 10
713 499
591 271
320 562
146 294
239 353
735 674
464 170
54 2
261 227
701 340
481 407
843 81
649 715
513 403
584 271
244 135
263 605
617 680
643 436
487 238
417 872
208 630
706 515
924 441
964 285
535 745
80 843
401 632
45 941
909 623
940 480
895 638
460 282
627 974
30 489
400 436
218 472
495 801
915 668
469 78
715 945
898 78
457 35
194 466
246 228
897 372
373 763
488 494
240 821
466 852
703 78
69 205
957 965
556 29
610 939
611 825
995 638
277 3
503 649
622 238
909 689
945 477
127 413
973 852
139 105
887 703
38 70
98 387
958 217
314 810
321 55
511 75
487 751
988 374
373 365
235 296
268 435
900 902
403 202
211 223
290 248
560 938
802 664
419 365
781 656
812 345
282 600
213 673
841 654
700 936
205 326
734 324
610 350
759 701
976 790
516 25
710 161
602 626
126 848
383 301
978 889
512 550
235 108
340 760
641 995
992 947
990 814
780 70
553 12
652 542
74 334
495 783
173 99
5 958
559 645
197 514
403 495
235 212
563 38
297 65
56 161
469 710
61 629
495 877
673 167
850 677
509 264
522 876
722 520
508 900
405 975
301 840
160 470
149 91
917 396
795 326
620 584
630 329
222 105
653 691
733 490
876 518
801 416
551 623
910 146
855 642
790 244
302 501
116 792
240 56
340 290
607 833
875 33
722 728
945 321
807 709
622 291
824 709
632 388
966 419
315 424
952 390
717 15
129 780
608 9
486 970
167 844
543 402
230 535
666 672
364 367
537 802
484 907
436 33
959 853
233 643
514 633
863 909
413 0
519 910
814 489
729 307
160 565
412 594
263 961
273 467
82 426
428 150
721 586
234 427
247 588
637 147
1 133
863 933
268 225
807 688
188 307
293 97
692 267
938 969
462 970
84 304
638 307
759 773
997 405
607 619
123 454
875 489
934 355
758 354
744 208
238 56
863 779
164 753
844 710
502 674
551 356
129 344
119 179
893 131
640 329
333 205
698 992
121 687
553 620
668 596
244 230
96 30
17 19
495 31
730 375
717 942
592 632
390 683
479 550
737 658
474 985
190 127
80 663
353 416
128 249
259 213
79 116
287 122
582 245
726 505
368 132
869 443
138 510
995 993
372 342
838 979
299 676
837 145
913 888
371 556
587 623
971 285
883 126
297 741
940 22
869 725
738 735
701 63
665 273
252 121
452 307
318 26
984 37
249 950
761 629
437 641
98 985
648 150
998 563
432 319
621 80
144 285
203 845
946 842
919 413
864 689
372 403
694 509
746 109
184 833
874 842
175 484
644 686
629 19
830 913
981 389
198 478
948 191
824 184
958 758
21 630
942 640
348 49
525 874
636 158
567 445
604 992
259 719
285 684
535 209
488 908
821 811
342 454
952 573
396 304
990 349
666 399
382 103
364 101
218 565
798 338
465 184
230 43
6 781
506 939
331 73
78 900
12 307
878 126
752 725
579 194
50 173
394 285
304 836
406 911
895 867
736 38
3 199
169 568
228 348
780 484
620 922
881 707
126 829
921 844
690 976
126 202
930 146
200 472
261 265
503 688
304 137
815 304
503 726
191 993
743 821
344 734
94 773
209 748
116 856
816 444
854 362
32 934
558 18
699 399
184 439
97 250
999 150
964 737
919 812
403 132
262 452
224 577
362 214
609 177
224 98
712 825
619 33
213 617
42 296
529 774
261 640
542 340
279 998
879 902
582 940
682 34
759 983
221 290
820 950
1 870
361 49
384 517
540 172
86 991
866 107
93 981
770 374
444 772
813 910
489 995
159 587
281 368
631 406
276 59
483 717
990 631
187 276
266 322
591 665
444 521
69 119
307 477
282 30
885 348
138 605
341 473
929 21
195 170
131 279
590 199
157 512
85 817
540 185
883 330
791 637
928 578
641 768
647 156
155 474
929 121
370 508
123 230
545 675
339 577
271 316
451 247
239 102
948 867
793 742
343 620
371 51
693 841
566 381
919 844
558 368
573 394
832 215
478 628
167 207
817 272
6 208
485 417
49 900
353 749
346 118
445 297
873 434
522 814
301 214
751 570
112 319
664 446
953 938
252 922
81 585
874 171
490 550
676 261
980 584
650 703
516 121
744 823
710 208
591 133
192 626
995 122
177 350
360 10
170 707
531 557
542 660
587 49
361 921
13 957
910 4
444 613
245 828
707 636
866 631
824 992
659 260
501 292
30 166
899 119
134 784
63 45
612 529
187 648
953 318
141 890
163 32
583 210
549 41
994 506
656 321
306 502
893 680
591 438
721 69
339 731
386 727
81 331
407 833
510 925
978 241
709 950
995 620
90 935
50 610
708 523
906 919
752 525
769 945
213 464
527 790
919 450
254 429
933 714
230 70
652 945
644 659
896 32
36 214
730 902
615 19
66 539
6 906
289 908
569 544
387 941
361 724
945 107
950 417
65 861
27 851
389 468
44 835
416 16
995 504
939 629
993 358
104 715
902 731
292 31
231 166
791 30
58 678
253 963
925 847
680 639
430 342
537 925
907 390
111 611
321 760
574 29
289 71
367 11
135 630
504 387
576 452
638 100
287 898
414 309
260 664
365 800
621 344
783 621
785 565
322 830
951 830
648 385
180 770
786 355
894 119
822 591
419 439
1 695
936 152
416 205
469 344
353 244
69 58
50 926
863 208
703 518
881 755
459 352
576 792
684 197
896 712
833 715
371 849
238 905
422 600
122 318
876 560
292 664
261 480
721 186
212 363
581 693
183 865
501 113
221 815
836 730
747 288
211 981
17 469
139 281
795 536
628 96
699 370
573 821
538 661
846 808
128 884
319 174
549 222
810 976
460 659
908 979
413 766
908 590
212 639
118 402
202 460
850 196
844 321
466 700
184 597
405 380
907 537
993 235
544 885
536 209
37 710
756 710
434 976
290 715
276 231
349 945
178 665
155 472
645 598
953 983
623 30
785 673
263 236
144 186
646 862
101 863
994 774
847 644
550 594
536 773
374 146
348 927
660 877
957 827
485 816
461 577
303 327
963 701
891 713
496 218
271 439
454 934
465 261
576 257
144 362
852 585
479 867
839 941
589 295
917 790
187 451
236 405
518 109
451 493
268 805
101 288
431 579
489 950
747 993
133 465
605 44
258 992
213 765
731 11
48 545
39 841
936 688
237 128
430 8
913 880
106 611
399 732
569 141
61 327
555 124
726 325
666 46
885 310
762 913
434 492
130 338
909 355
536 976
239 233
596 641
220 411
193 281
857 103
286 247
162 559
592 372
647 801
674 580
640 806
443 707
687 469
264 647
72 201
555 736
518 613
968 98
164 553
91 604
875 905
823 780
214 910
409 232
88 511
662 227
174 70
825 646
499 647
558 130
902 946
991 291
242 343
837 134
982 483
88 664
607 424
803 289
686 727
327 885
24 585
139 563
636 859
670 261
0 66
186 315
976 831
819 404
184 743
97 824
431 671
650 62
258 691
10 105
968 174
288 192
394 27
616 467
109 120
838 89
537 70
724 256
797 489
685 988
489 930
84 585
280 422
420 1
993 586
232 53
880 840
356 125
289 478
881 280
556 467
224 960
382 77
689 514
60 827
393 483
616 7
163 379
905 641
939 246
821 398
418 575
880 9
34 334
106 967
450 990
844 88
703 613
523 219
185 649
558 905
523 637
898 966
728 517
262 463
519 163
83 786
421 557
289 530
729 922
30 931
458 380
704 839
573 155
900 480
414 461
946 703
309 832
2 188
931 532
451 272
275 345
796 964
394 317
538 18
534 159
49 236
918 440
505 230
606 737
479 232
622 694
130 55
511 311
844 460
794 943
458 521
708 716
885 558
867 562
31 744
375 976
162 998
740 573
200 794
92 444
788 173
46 740
418 144
134 252
983 908
506 604
775 549
752 881
502 781
609 486
370 187
459 69
387 803
232 864
455 473
640 368
781 307
570 230
278 451
128 936
764 467
107 787
771 732
27 558
401 730
840 579
289 578
321 351
583 670
591 223
723 798
537 738
91 909
34 41
107 454
454 303
719 479
263 344
322 265
827 721
420 24
98 784
108 730
106 115
783 944
794 587
441 528
557 885
210 318
524 749
736 361
460 321
213 152
904 691
487 424
60 854
438 645
794 8
108 646
187 891
564 943
676 69
108 634
581 570
798 611
828 410
891 707
11 728
176 184
194 394
868 891
720 667
116 949
717 718
539 356
218 443
160 993
43 244
143 869
389 856
590 925
996 543
398 624
318 853
234 62
36 603
237 939
376 814
232 450
531 268
165 455
516 240
420 830
416 60
426 47
861 475
213 31
905 424
919 902
619 153
490 543
254 898
958 635
404 778
225 436
594 754
38 188
430 446
56 921
697 652
651 602
125 787
15 500
916 830
249 953
820 835
649 129
756 808
886 249
521 575
326 575
880 436
403 304
36 770
477 190
583 959
659 532
176 606
672 592
572 427
866 2
360 94
761 15
107 33
672 795
524 64
973 474
272 156
269 189
165 935
856 782
401 10
341 588
606 260
941 839
235 913
495 687
642 891
902 410
604 46
434 291
980 673
646 711
700 476
131 63
967 677
862 267
476 852
196 174
747 198
965 498
711 387
195 214
358 548
736 791
109 864
758 263
148 935
782 997
963 567
472 41
336 921
814 265
717 841
624 980
995 613
386 442
488 657
981 619
699 22
227 731
45 701
279 415
251 14
133 322
870 939
77 902
334 592
353 610
637 972
910 937
677 532
248 4
651 693
517 480
103 599
769 528
129 57
47 617
968 401
708 258
738 826
585 155
101 976
664 513
401 188
472 739
473 874
347 614
42 80
565 196
867 372
242 28
290 560
720 590
166 859
66 888
892 792
187 323
889 530
416 226
92 757
324 48
213 806
265 253
287 837
762 205
307 965
157 343
570 216
688 904
263 18
740 43
207 915
857 256
72 846
529 323
783 659
717 584
724 674
990 887
890 342
159 682
368 902
366 944
805 188
795 456
467 59
355 576
935 778
949 158
803 990
821 75
392 740
677 280
926 517
580 162
806 613
26 144
484 684
392 38
815 727
144 308
964 323
825 191
364 956
745 669
330 47
949 813
244 151
687 751
683 395
215 23
7 883
111 714
780 222
64 429
587 916
156 112
336 349
567 334
116 768
474 119
486 377
912 610
229 244
516 158
797 369
173 546
351 82
718 431
594 612
548 616
264 601
437 36
721 592
198 630
645 706
958 999
362 475
883 428
818 244
883 400
127 675
516 312
445 420
390 825
70 198
468 283
368 977
473 723
834 517
281 639
401 908
933 4
526 656
270 952
202 613
297 597
593 380
718 25
204 972
382 691
883 130
411 481
12 577
273 754
708 900
357 277
845 950
165 831
562 186
17 767
873 161
690 505
603 358
383 510
631 929
584 164
213 324
251 489
657 861
981 778
561 922
222 443
363 654
972 289
463 762
228 568
726 278
492 87
856 862
779 617
805 821
782 449
100 843
965 788
793 981
609 817
772 259
386 595
888 784
515 390
412 496
760 196
61 775
101 916
484 807
359 441
12 113
81 567
750 778
124 320
341 632
970 162
83 477
936 524
171 84
520 344
188 694
726 659
1 813
287 951
908 517
362 351
457 757
349 542
592 298
570 391
230 151
550 498
796 577
626 219
437 8
118 795
691 631
916 56
120 916
787 31
882 310
348 150
273 940
698 46
907 88
435 799
241 681
673 652
170 349
225 44
376 198
224 723
328 621
58 495
878 756
696 971
632 951
177 663
99 929
244 651
540 991
685 732
828 480
896 892
497 907
150 964
171 680
566 870
176 336
758 156
701 828
847 129
929 572
251 537
26 707
936 200
448 962
544 401
660 918
601 683
978 289
166 614
898 327
942 464
730 259
592 530
864 417
96 936
843 488
35 946
489 945
486 406
599 23
169 629
693 158
460 560
438 501
257 509
571 895
419 855
845 168
733 931
980 570
264 201
99 576
453 990
723 28
470 606
18 702
793 11
202 944
791 91
647 408
666 821
158 807
980 361
756 180
350 465
973 856
589 915
106 841
16 64
266 483
795 485
786 567
803 802
505 207
349 781
225 582
283 301
357 62
335 541
405 675
304 84
517 74
889 438
511 459
130 263
756 368
725 7
931 448
353 318
43 709
870 3
787 445
439 547
434 312
43 22
475 278
276 115
122 778
684 644
929 370
710 192
52 681
814 667
75 905
875 651
258 947
735 257
638 633
235 953
139 470
903 441
642 970
810 146
74 292
973 682
187 399
664 56
383 185
531 196
983 29
550 649
661 937
370 1
535 879
712 826
851 925
721 168
9 308
657 501
893 286
343 350
125 843
667 879
29 347
12 328
304 808
201 336
797 441
411 804
168 134
225 43
423 961
510 635
798 85
69 796
240 370
222 993
104 306
335 224
587 426
587 317
699 236
202 610
670 62
135 487
805 927
122 114
385 273
624 157
100 736
647 471
548 973
268 720
260 42
855 883
636 455
523 660
270 14
941 23
131 148
219 7
11 581
2 797
57 232
907 724
321 342
52 279
325 388
903 361
518 158
58 238
614 217
311 279
313 842
38 579
319 862
56 278
758 429
222 983
597 13
423 12
26 945
932 716
351 444
870 511
693 206
835 672
183 796
985 921
781 160
375 657
96 958
989 312
357 93
787 394
125 853
614 416
566 121
935 57
565 423
562 75
653 693
918 335
437 52
242 61
828 493
846 171
636 599
29 72
307 394
385 349
717 114
935 929
933 918
699 176
963 670
167 503
38 817
374 634
459 586
597 549
365 861
943 827
88 931
46 872
700 697
133 356
405 269
539 376
623 631
807 103
874 303
119 881
596 393
998 831
978 655
956 884
136 191
591 322
532 162
709 707
945 695
783 666
819 495
861 676
257 483
801 971
569 727
27 824
60 935
657 951
33 926
473 695
328 492
891 724
334 466
70 492
255 608
751 634
172 733
284 513
485 375
198 920
377 320
970 881
792 964
863 538
670 252
646 230
652 13
54 996
399 411
662 999
203 350
443 808
814 16
280 807
593 414
316 713
822 206
895 943
706 487
636 861
976 102
346 701
245 656
292 156
864 732
886 935
68 381
457 825
160 795
640 661
403 849
933 457
299 520
142 957
905 294
309 301
296 258
312 578
858 779
191 83
39 561
808 152
946 694
478 809
557 590
117 175
272 106
94 329
532 50
980 566
911 113
105 618
39 910
953 21
825 464
79 474
290 61
995 69
348 129
953 390
0 346
173 958
792 913
473 442
25 412
345 9
270 79
541 2
302 871
128 108
17 677
454 926
40 995
987 690
966 833
976 912
840 600
464 907
868 740
810 453
733 67
819 545
886 846
213 186
643 653
181 367
794 907
803 910
565 183
50 611
92 457
156 510
557 390
826 762
815 265
296 629
881 305
197 877
666 6
985 670
298 358
600 922
541 328
625 529
517 456
746 58
329 60
363 499
243 905
552 848
653 771
536 162
891 373
32 382
604 450
350 91
436 758
983 695
347 874
776 460
49 973
995 532
743 455
962 981
733 181
29 188
690 751
199 779
682 466
820 815
272 714
100 238
104 29
373 662
541 53
510 609
878 879
864 379
791 118
32 458
959 546
341 357
712 342
410 700
755 671
564 576
53 658
835 7
984 715
103 751
842 194
483 602
379 176
440 76
959 840
711 178
3 718
656 334
150 221
801 99
350 584
818 595
264 533
269 802
888 61
314 435
152 998
364 533
570 641
880 974
388 156
482 964
743 793
764 96
633 858
605 848
967 185
374 497
703 374
991 522
844 38
5 792
995 569
466 716
294 201
755 986
1 158
170 862
415 590
460 201
228 491
746 643
304 935
434 602
891 835
257 285
751 357
630 53
588 856
344 551
623 519
297 508
705 731
380 187
710 844
583 665
949 89
857 986
916 931
697 249
552 352
725 927
123 398
828 64
216 374
770 49
778 405
802 569
714 281
586 938
803 137
130 76
202 893
973 418
397 213
23 319
327 353
56 852
758 997
576 322
732 625
160 971
884 897
158 30
155 953
580 441
830 616
599 162
933 878
538 163
323 853
955 208
834 532
178 196
558 408
670 830
842 576
677 894
118 334
337 698
353 298
876 904
671 921
830 284
369 841
242 759
147 342
213 21
19 432
185 411
114 682
956 282
189 749
147 544
840 839
40 318
649 789
243 442
42 623
297 180
204 89
788 529
843 708
248 7
656 707
595 784
30 46
331 336
505 961
72 505
692 495
235 920
922 936
304 870
671 1
381 940
29 755
45 273
286 176
280 595
180 258
682 880
286 763
554 687
88 225
449 41
661 314
463 791
594 496
572 923
33 440
640 667
96 280
617 922
357 95
741 543
87 691
447 759
443 426
372 21
927 102
69 222
816 838
660 502
254 158
667 832
515 778
5 402
118 385
349 538
673 786
367 895
95 871
909 214
505 445
668 569
308 747
753 699
669 164
206 858
415 307
102 222
521 341
328 657
642 871
19 832
25 342
6 956
95 205
679 896
322 556
459 383
67 163
928 118
963 250
287 60
556 830
904 751
807 295
104 50
304 668
121 433
947 631
197 826
336 283
778 864
639 213
975 625
395 693
195 24
408 229
940 602
309 371
463 178
133 256
795 954
941 571
867 312
744 553
907 581
623 742
227 809
773 323
270 394
240 169
436 482
538 515
898 933
587 135
127 964
390 594
375 387
60 454
852 257
396 657
707 919
874 709
815 436
968 765
677 858
706 52
981 333
384 293
924 198
455 722
907 456
833 446
373 415
317 560
994 542
326 791
788 938
265 129
960 804
694 948
225 503
141 940
75 796
617 140
5 624
820 739
414 606
261 569
769 944
733 234
150 894
337 709
59 122
959 516
77 100
622 882
471 988
82 914
604 284
583 493
627 433
97 977
92 326
712 301
26 882
746 644
280 996
554 934
173 104
173 441
300 573
646 273
813 457
360 867
770 194
599 446
120 652
998 136
98 929
73 55
16 838
345 704
257 157
643 526
209 976
404 550
249 165
476 621
517 478
199 889
440 931
62 191
740 809
555 740
167 81
460 835
996 999
861 432
671 678
653 174
841 185
427 99
5 549
164 725
405 122
891 932
550 507
877 689
911 598
114 65
148 293
542 142
121 385
322 75
743 3
93 193
891 148
747 715
566 413
653 925
902 21
698 556
36 115
463 350
250 607
190 234
549 928
312 247
787 68
650 809
359 377
291 744
328 69
609 142
796 585
365 75
387 594
384 916
660 315
326 859
299 873
33 366
181 156
431 169
136 512
380 945
680 633
529 501
658 525
500 417
895 891
278 430
729 866
497 961
725 501
620 329
629 680
20 390
118 394
333 450
784 773
834 913
234 537
129 576
108 949
769 505
905 369
659 637
814 825
328 828
785 859
684 619
861 176
79 783
237 489
676 682
222 932
562 480
907 545
95 272
352 295
360 174
821 944
145 941
890 255
984 138
64 821
363 948
955 557
531 678
480 886
491 816
118 659
719 605
134 498
219 995
581 659
626 76
507 808
214 409
209 23
757 324
831 391
267 608
792 33
263 940
66 562
46 892
203 394
169 422
680 133
445 544
204 591
151 561
163 826
813 126
960 674
16 656
171 777
5 15
713 909
105 333
991 543
757 826
394 989
29 395
741 170
246 308
678 855
81 34
969 96
396 558
736 994
515 70
875 450
235 61
374 997
172 134
861 849
971 943
662 347
303 376
912 12
629 9
850 465
527 417
902 422
369 124
135 290
347 941
738 819
805 884
988 614
529 290
366 716
758 865
541 13
608 154
399 258
556 839
885 541
370 369
680 236
606 524
743 159
186 983
483 653
792 587
337 153
491 853
829 170
19 323
588 204
63 977
705 156
209 714
848 647
983 776
322 352
205 483
941 876
519 407
439 114
246 15
106 33
499 68
425 838
317 340
617 325
892 101
430 688
561 406
906 219
910 916
340 289
867 785
526 707
572 782
534 32
477 394
393 237
954 600
940 219
509 243
703 843
17 835
573 718
557 366
76 236
199 195
229 341
290 582
795 371
186 987
641 663
321 10
62 619
781 751
721 646
732 779
987 103
275 132
23 747
419 417
923 316
30 455
317 194
911 702
913 385
686 284
260 132
526 939
44 915
444 500
855 130
824 854
935 163
71 640
303 641
863 678
553 978
134 845
800 113
164 714
936 803
78 626
688 588
369 724
366 107
726 480
432 914
151 679
306 877
974 868
302 799
176 382
918 911
536 100
389 544
543 179
112 523
203 641
119 317
891 458
551 167
382 657
995 237
872 682
10 297
464 449
395 699
140 658
814 566
555 360
347 389
183 845
943 11
975 700
263 760
122 123
595 486
387 348
417 805
61 694
853 684
674 870
575 774
549 286
412 832
116 613
460 780
566 686
215 976
106 852
283 160
42 113
880 319
843 444
55 496
500 877
814 634
279 41
812 520
908 858
497 207
658 415
562 699
690 764
49 557
31 270
547 810
606 506
803 543
21 992
628 109
334 256
283 430
521 227
520 645
494 520
448 98
892 593
967 459
544 581
520 479
231 614
593 729
654 522
87 758
166 64
941 364
222 679
78 561
208 613
901 752
552 376
171 931
506 969
521 28
371 85
151 924
962 700
465 633
956 919
664 29
468 914
484 328
469 508
401 507
168 78
499 924
594 887
858 367
514 440
318 608
930 972
52 399
890 582
984 643
209 371
811 196
342 357
513 312
304 111
853 277
983 82
912 159
735 870
952 463
737 175
142 745
2 268
220 170
547 835
191 78
643 190
588 32
330 393
914 785
264 947
157 510
608 915
728 476
808 615
361 340
867 455
421 664
802 13
108 461
188 347
94 50
870 515
498 216
293 22
466 576
9 361
813 481
996 736
911 676
642 944
973 730
120 18
807 876
284 757
150 275
635 595
597 686
180 467
429 505
14 937
807 535
708 745
79 674
712 896
855 727
313 152
771 314
123 645
610 880
588 252
968 611
391 38
713 62
548 218
916 417
759 78
255 218
659 880
735 821
50 61
748 484
59 957
3 20
51 779
89 289
216 553
757 185
131 833
531 540
399 9
146 723
792 818
373 214
684 740
779 900
929 205
673 973
42 713
703 317
44 89
662 226
831 150
50 107
418 825
734 760
527 240
557 928
631 177
842 736
735 258
889 710
453 763
450 937
68 639
534 805
508 988
822 114
90 24
962 423
844 716
689 211
723 384
34 126
968 801
635 806
797 985
22 398
694 152
317 316
63 329
423 167
983 558
250 787
969 699
560 249
444 117
655 789
917 379
445 800
11 665
925 258
938 636
391 387
600 281
885 402
384 519
11 585
829 502
133 182
232 686
678 409
240 132
972 26
791 188
544 419
81 177
515 209
900 53
974 945
811 329
431 711
531 126
516 277
890 841
943 559
664 478
57 263
702 875
528 679
373 28
199 51
164 421
693 574
824 486
549 235
22 453
897 136
444 554
531 621
419 446
142 338
186 822
819 152
276 989
988 347
293 504
27 213
594 851
942 372
20 894
978 519
472 18
760 200
387 370
180 303
659 367
778 345
289 280
174 777
236 912
516 135
705 280
401 454
212 459
830 779
211 635
422 312
287 629
776 464
694 241
155 40
329 233
684 348
209 284
782 919
929 154
235 439
717 635
783 32
120 730
870 597
539 341
909 721
789 313
732 881
565 184
122 238
853 496
294 541
654 879
98 995
780 422
788 894
513 373
268 363
911 311
557 929
619 882
554 991
780 299
289 599
837 214
59 398
392 808
120 761
873 382
852 864
237 429
628 706
210 888
467 320
949 401
31 569
66 373
26 221
715 34
902 1
280 265
839 252
58 530
907 65
976 53
277 450
666 711
733 132
534 640
170 452
774 900
430 236
290 267
524 279
107 486
268 481
87 974
569 219
114 658
876 124
820 665
318 4
808 867
357 682
896 853
833 815
683 450
42 810
69 885
681 829
892 847
679 821
492 263
930 862
41 127
146 45
99 124
222 673
190 576
235 517
972 313
617 403
623 383
941 947
716 70
422 500
208 457
43 754
897 649
701 295
691 897
842 870
285 602
756 769
407 583
181 427
339 316
98 70
205 980
221 662
733 370
794 663
242 795
992 274
548 120
116 410
785 157
33 959
654 512
123 643
184 407
674 555
796 698
218 118
660 534
593 571
366 603
201 549
557 288
674 206
413 274
433 120
734 846
497 751
910 652
750 115
670 621
550 99
369 716
378 805
74 21
546 841
650 329
590 499
299 669
824 445
303 330
702 327
626 841
696 56
648 374
939 484
572 157
732 292
83 922
133 343
618 475
550 988
979 63
241 895
597 20
779 817
391 637
311 921
223 504
627 281
542 845
373 685
476 759
705 656
31 576
753 635
707 395
579 231
143 935
542 603
828 464
498 223
428 567
100 312
657 616
303 248
326 203
94 713
854 651
598 917
88 72
646 506
901 515
884 117
493 330
981 425
777 301
710 524
689 260
628 325
637 150
876 429
316 167
444 658
596 818
112 960
283 414
84 688
364 892
72 869
972 787
94 159
952 239
327 78
953 964
627 508
804 752
471 798
775 522
175 495
326 324
218 686
519 790
252 238
217 796
348 872
357 186
366 412
182 891
944 953
236 422
560 202
982 801
328 546
806 508
611 41
971 50
473 827
665 256
606 158
634 650
760 825
157 483
840 235
852 706
917 727
221 252
146 872
539 262
659 329
822 287
423 64
178 282
9 711
443 866
194 958
890 474
258 997
208 659
278 844
240 796
17 0
142 743
845 84
941 786
987 286
13 149
387 563
625 837
613 461
976 68
557 359
318 343
554 937
171 246
698 91
404 611
289 282
959 901
95 832
118 2
749 260
347 311
356 60
649 806
69 430
521 149
812 55
50 373
109 609
529 782
837 943
550 996
704 661
789 966
762 189
34 582
707 987
538 71
203 2
941 790
766 265
235 818
547 260
392 869
314 428
348 696
851 625
997 899
552 62
416 433
447 343
31 726
604 43
703 984
448 461
835 968
69 776
51 749
649 430
746 395
793 737
976 865
964 26
404 192
2 204
291 271
418 976
339 908
138 973
843 388
697 940
425 503
361 90
124 467
199 788
309 58
448 304
269 170
141 566
711 298
658 182
421 200
331 790
307 280
281 689
78 600
142 593
767 313
656 712
458 983
459 140
124 944
998 433
423 611
854 295
965 383
667 890
843 217
308 15
820 378
386 799
570 167
67 445
716 159
48 942
419 914
241 161
571 182
368 810
963 661
726 943
774 1
682 895
215 562
815 618
963 397
110 138
357 69
72 930
270 322
716 888
485 490
168 200
914 267
102 866
20 590
883 877
577 62
131 726
583 124
649 227
569 299
3 40
526 54
374 805
198 930
306 963
755 244
503 996
540 504
707 934
672 209
238 874
318 486
732 474
328 375
20 992
719 115
496 250
465 229
249 897
402 336
889 18
670 277
993 827
773 511
770 339
902 88
882 879
475 701
479 512
444 710
156 665
530 294
606 605
354 573
702 312
337 235
500 743
142 173
630 968
532 66
367 911
31 790
846 529
401 70
393 672
110 260
819 560
238 502
120 996
153 436
62 820
847 488
231 376
810 558
200 170
399 469
618 378
89 790
832 480
452 421
688 102
563 17
645 279
828 750
364 370
310 503
632 988
152 428
465 76
953 162
114 630
600 617
213 657
475 940
547 875
595 244
187 522
732 110
838 769
338 302
245 896
703 659
968 12
348 144
317 483
241 660
363 407
219 416
631 427
172 605
404 252
113 141
353 5
302 762
854 116
228 654
55 236
9 263
316 323
863 702
749 525
845 675
874 83
731 834
218 294
472 788
812 475
313 861
189 8
895 370
744 983
879 466
71 844
47 429
39 901
108 262
411 371
457 582
597 322
198 296
99 642
163 647
842 783
975 533
935 271
41 969
645 942
126 802
448 15
123 54
854 205
589 545
60 983
699 518
426 655
582 900
937 152
360 13
102 324
452 581
648 808
547 497
310 78
295 408
301 669
679 602
455 692
661 809
80 754
469 380
787 773
702 427
840 707
870 722
499 720
599 717
261 755
597 326
74 829
414 508
486 83
61 807
935 917
842 176
396 151
95 552
451 307
1 333
252 98
433 749
873 656
401 480
164 13
877 174
918 684
13 345
429 410
367 922
780 118
771 351
528 655
443 287
650 835
596 55
284 677
79 287
626 959
712 527
357 339
434 167
134 655
990 365
955 467
237 862
320 695
947 401
853 948
186 19
841 306
162 707
246 376
309 424
865 404
213 569
143 106
271 191
297 610
55 786
352 31
73 731
529 876
956 279
213 95
640 408
850 932
78 521
481 844
403 95
71 796
945 918
161 42
66 896
598 655
819 921
701 299
571 295
787 435
881 623
23 896
523 688
976 895
253 116
548 895
212 451
616 635
598 465
217 434
946 887
448 904
880 474
525 682
311 396
302 858
876 722
407 686
397 129
122 543
711 516
410 12
244 21
181 202
462 550
201 713
832 7
691 59
689 655
974 658
774 818
539 679
821 866
407 928
137 633
498 889
54 529
719 601
696 586
104 977
259 461
101 723
398 210
728 14
29 307
332 310
871 856
794 994
302 745
855 865
588 0
581 261
575 564
523 721
971 96
90 920
405 598
72 552
180 266
401 733
741 615
944 368
117 146
620 774
910 37
876 136
868 519
769 3
530 620
539 738
204 360
178 355
623 338
843 138
168 802
737 372
109 15
754 27
354 481
972 115
321 20
519 92
982 749
731 772
453 936
579 522
172 385
526 390
977 874
732 443
877 647
140 468
97 825
940 484
733 300
708 857
757 308
815 896
983 663
111 624
339 226
481 63
967 336
942 161
507 724
259 829
118 191
269 435
694 767
678 115
46 75
304 814
290 817
18 290
963 784
488 36
791 16
399 672
396 638
214 374
66 361
383 286
40 332
152 382
877 498
555 56
96 527
852 424
976 211
788 433
301 912
724 184
708 287
748 626
304 793
960 445
449 585
619 316
134 887
615 461
900 522
658 894
179 745
868 536
657 908
395 772
454 508
739 201
713 208
558 683
615 50
867 890
487 155
311 138
909 36
135 797
311 107
719 417
408 764
507 644
969 827
17 47
417 921
569 893
500 717
475 703
72 327
456 461
936 967
575 443
952 194
53 432
170 180
890 252
303 11
247 557
121 850
751 617
914 819
886 920
587 849
408 435
528 166
219 453
34 600
329 607
808 137
131 554
543 435
948 780
419 985
558 49
95 767
856 51
840 758
289 173
880 127
915 840
407 196
318 583
295 274
674 294
256 762
8 325
913 683
477 961
7 307
560 460
4 202
750 479
580 267
282 339
842 264
23 911
691 287
232 802
395 366
35 481
243 523
910 231
560 621
105 810
394 333
681 747
988 594
82 421
343 364
132 531
885 105
824 387
606 234
135 107
660 400
441 253
969 149
210 646
5 338
997 89
138 641
215 825
993 648
3 871
613 418
566 9
307 972
141 904
740 659
975 14
161 519
51 243
271 709
851 255
350 29
151 446
793 222
328 99
104 598
531 653
188 312
684 351
992 434
532 174
959 490
923 985
541 63
698 401
128 27
8 463
739 260
563 544
267 248
736 830
211 219
806 595
14 388
600 843
413 321
391 687
463 102
659 78
835 124
652 609
107 34
617 250
536 135
646 416
506 250
304 188
887 179
630 730
389 377
241 629
815 322
293 187
380 36
280 764
222 233
150 99
259 336
346 624
907 274
659 964
834 286
133 337
294 406
641 291
153 348
623 88
40 593
499 886
864 200
219 983
301 343
576 60
941 643
97 156
535 267
172 70
265 909
393 510
651 344
476 781
889 524
621 710
129 644
8 73
751 387
995 690
819 305
276 980
619 286
798 0
910 222
852 55
492 20
403 175
73 257
613 212
269 975
829 277
24 836
378 503
67 38
523 70
447 214
436 789
643 7
328 570
429 29
463 31
26 361
117 949
216 263
15 259
173 503
552 980
26 464
837 867
826 774
640 924
921 667
866 689
281 795
329 9
376 181
665 58
860 449
589 39
282 865
869 820
836 525
158 437
164 666
433 599
638 262
211 950
263 106
46 786
705 330
667 861
200 435
776 803
160 593
894 720
311 441
207 346
502 228
313 362
524 584
162 211
198 283
409 987
77 324
608 159
504 19
303 763
130 948
681 516
188 280
461 624
192 506
974 125
352 764
369 770
562 296
198 143
861 614
327 258
740 591
8 669
338 666
976 133
586 537
595 320
702 74
754 33
407 111
778 381
705 400
102 394
118 420
549 242
996 352
991 252
159 548
592 237
489 713
858 310
542 94
828 984
171 404
400 508
840 997
896 289
369 795
332 146
635 512
312 499
706 206
59 693
797 299
142 16
300 464
226 97
50 655
150 142
196 684
274 321
367 646
44 668
938 608
742 469
97 555
999 705
225 468
293 743
938 813
925 48
370 209
534 322
545 958
439 499
866 476
41 998
231 922
201 224
164 235
703 382
878 102
49 641
251 407
33 49
718 638
433 286
90 286
92 200
252 551
693 502
670 82
707 409
618 796
156 696
442 50
505 970
905 89
993 126
173 226
789 810
808 789
544 103
737 237
454 507
839 813
994 305
565 518
380 709
563 951
234 78
962 439
292 836
383 642
860 216
595 367
654 573
732 519
395 857
12 137
361 436
105 315
260 668
931 252
171 577
498 885
448 23
89 196
816 445
428 452
440 656
369 122
126 922
990 299
669 940
640 284
102 443
960 615
117 86
659 607
442 697
402 950
349 476
768 767
619 559
55 434
962 881
626 455
758 643
584 32
207 187
28 971
824 626
894 394
970 504
640 69
387 654
408 903
755 116
103 371
920 308
34 861
125 644
598 753
1 229
971 403
460 453
81 663
235 585
996 861
545 641
942 37
600 724
9 889
232 436
621 895
842 896
449 458
364 505
887 685
548 230
15 787
902 150
14 781
108 156
506 827
990 828
696 91
923 780
904 318
282 840
988 837
651 903
617 8
911 137
513 761
39 723
585 443
199 3
764 667
468 212
563 244
866 490
836 520
410 73
511 149
338 96
118 778
897 531
111 116
312 914
178 972
77 533
439 698
382 419
395 100
676 680
958 75
764 700
346 255
762 141
843 676
396 91
352 389
296 721
158 795
692 372
143 652
328 876
203 581
655 14
104 245
358 920
717 372
639 264
819 214
545 825
218 710
404 70
3 435
576 596
662 361
886 729
769 346
546 648
236 206
506 909
206 640
792 34
587 207
424 870
396 617
524 721
564 889
474 188
226 888
838 577
83 647
454 980
230 711
916 854
476 160
383 957
564 821
203 285
89 623
667 683
134 87
164 526
555 611
244 196
153 655
856 43
77 817
380 271
753 176
294 810
648 692
50 152
674 129
299 65
915 339
231 140
563 121
332 831
549 340
880 926
351 707
174 140
59 878
763 565
264 258
936 743
768 460
844 864
822 756
934 852
618 965
595 526
188 465
322 18
962 685
274 581
229 659
986 117
56 14
128 805
510 898
93 499
769 993
387 154
675 437
538 555
435 812
15 744
135 749
401 872
155 900
967 648
861 593
534 544
540 717
753 351
90 384
314 241
534 587
581 73
836 813
624 36
511 169
582 834
745 174
287 956
132 882
144 331
720 621
565 774
144 379
699 299
25 879
34 40
980 343
423 533
858 657
990 700
135 814
393 122
250 399
809 54
594 797
193 398
461 312
873 145
174 292
558 499
620 416
253 245
373 447
764 18
371 196
217 780
947 237
985 492
178 48
647 741
415 719
215 888
143 641
690 496
662 754
475 890
487 784
723 368
700 935
513 853
674 124
611 165
352 714
215 507
673 153
950 738
338 382
421 681
369 168
780 973
82 395
43 349
873 122
297 347
739 769
657 532
836 766
802 381
460 304
200 231
320 730
404 95
204 799
534 17
430 595
838 164
94 618
960 417
519 488
218 260
893 885
802 174
376 218
282 530
447 510
572 808
431 554
201 351
616 152
297 835
267 908
835 569
669 612
128 608
822 613
724 369
78 677
752 547
203 808
373 41
53 837
540 781
404 88
680 921
995 622
890 363
34 768
199 419
638 497
878 24
324 27
983 138
745 116
146 812
706 144
870 552
296 831
302 208
474 866
388 92
361 488
55 367
970 981
116 120
609 591
866 0
925 481
220 577
4 945
919 459
46 879
929 127
765 336
213 736
489 899
151 716
539 421
523 573
631 256
257 427
265 857
124 761
517 143
6 376
52 992
660 563
693 757
444 274
361 773
110 946
873 252
417 826
821 69
366 953
230 771
274 175
572 643
845 223
898 345
930 407
263 753
620 443
545 876
585 73
510 871
807 549
785 433
784 69
137 565
352 66
741 240
719 354
600 28
124 242
689 292
535 536
100 620
814 460
180 716
564 325
625 673
183 693
338 531
23 721
125 491
791 866
661 35
799 744
485 854
270 518
744 750
504 434
113 1
65 447
72 636
604 933
512 160
318 251
727 23
310 540
595 187
308 107
315 632
6 256
895 875
638 380
689 373
829 124
613 992
919 638
588 495
936 711
696 259
84 759
318 825
778 913
195 743
259 327
60 251
799 898
958 732
598 183
402 99
998 230
926 117
93 468
563 695
68 704
988 932
9 3
920 24
755 580
534 684
875 503
766 710
537 461
244 36
868 212
852 413
421 481
115 910
638 906
322 388
616 823
215 690
873 523
150 429
649 472
790 686
818 113
380 636
901 740
542 450
956 506
530 859
403 868
557 471
797 412
681 304
437 780
52 965
15 624
572 160
614 810
507 447
584 321
158 510
63 20
5 240
252 461
874 406
567 318
26 962
814 673
114 731
881 630
287 487
187 664
557 345
523 868
258 352
724 714
99 125
457 374
21 621
334 238
150 795
239 574
275 120
807 867
954 311
964 873
157 694
842 710
545 429
1 340
293 321
693 462
322 505
814 992
419 788
965 37
548 778
107 156
455 497
496 352
280 889
836 762
993 777
988 943
156 334
464 782
325 425
596 588
370 45
638 656
258 166
584 863
943 966
622 114
974 574
55 913
677 512
616 479
36 59
535 600
671 808
754 985
296 667
485 520
385 77
415 290
882 427
148 217
697 977
995 728
480 745
885 488
26 613
266 517
911 716
767 950
152 493
206 326
18 872
506 652
773 913
282 392
413 361
140 317
411 328
452 851
172 100
624 574
813 330
22 614
240 746
51 484
325 674
752 164
814 484
666 616
923 270
1 806
429 380
59 103
848 313
369 956
613 83
3 785
269 223
947 509
577 531
619 174
744 949
719 606
523 936
771 360
446 750
777 55
19 232
258 913
575 835
740 252
733 909
738 300
342 949
223 252
293 460
382 591
204 304
859 328
785 438
505 330
561 91
49 223
935 884
206 403
13 517
151 83
265 142
161 731
790 638
910 459
452 814
356 121
263 223
656 647
184 22
402 495
534 298
383 852
190 765
967 871
54 125
917 296
356 689
908 402
130 383
730 598
882 654
530 454
291 200
135 769
72 521
727 801
302 97
320 862
277 342
649 748
409 41
370 371
157 50
339 133
407 758
370 60
969 318
37 605
47 188
252 802
36 524
409 693
53 243
338 629
118 986
981 674
636 990
555 233
143 602
551 772
908 842
334 197
92 93
730 657
324 531
743 36
702 532
184 663
893 93
457 752
619 41
376 0
823 857
248 275
328 674
852 893
860 878
237 915
88 939
704 282
8 675
914 532
727 232
27 835
880 724
53 79
282 832
768 982
75 858
564 758
559 96
468 284
613 344
683 580
939 604
459 233
422 950
850 454
819 115
467 700
479 850
76 771
830 73
481 506
723 310
137 568
72 855
829 647
470 767
833 236
656 921
50 656
405 495
604 761
485 589
287 931
157 732
5 606
250 211
548 155
302 111
266 128
373 967
5 248
867 734
974 273
472 483
137 850
71 542
218 840
355 947
762 259
85 381
8 572
960 619
135 501
579 602
708 785
914 42
917 228
255 613
534 244
239 770
36 637
586 406
157 590
281 204
920 603
649 825
526 330
394 310
689 1
281 191
710 251
198 120
471 145
910 330
585 704
11 565
625 286
536 365
728 94
392 445
203 726
266 494
109 553
898 61
163 198
772 540
2 665
760 565
354 111
135 202
141 314
460 291
862 129
815 51
474 994
429 842
544 85
267 717
987 758
414 452
542 459
423 279
282 438
548 7
264 545
815 55
815 927
561 246
355 511
785 556
543 613
483 857
11 47
816 469
515 226
823 83
22 629
488 499
417 381
319 43
289 365
84 802
458 371
629 991
313 304
471 88
856 290
372 662
120 736
747 253
910 103
207 166
335 78
105 434
90 845
425 917
664 828
303 551
88 65
946 926
160 621
212 899
455 405
445 270
532 853
169 116
508 472
551 440
944 389
102 333
125 30
290 674
899 137
684 913
956 38
161 123
573 739
793 250
541 38
994 299
554 295
608 525
580 937
827 11
738 542
454 511
72 224
629 94
416 715
333 263
360 328
9 565
243 536
823 324
322 92
998 992
402 556
455 732
759 456
532 71
72 10
695 312
975 932
628 777
275 393
104 25
64 739
11 720
493 627
120 97
152 180
10 436
335 136
476 925
383 681
395 668
10 983
540 797
641 254
603 606
485 412
883 95
321 619
471 875
623 676
544 541
743 953
685 419
805 847
386 599
950 367
144 493
321 775
508 784
890 113
200 183
535 215
386 525
797 672
260 775
385 168
902 533
806 927
708 512
21 247
753 7
315 795
785 547
362 874
827 308
376 199
244 482
77 379
718 907
687 904
468 741
368 74
505 757
171 711
797 737
378 918
702 778
245 40
202 775
990 243
934 931
318 743
855 445
22 145
658 951
935 523
757 544
545 251
220 99
517 462
432 991
411 657
952 434
194 531
353 702
129 313
20 277
265 136
222 166
147 100
369 451
948 334
57 109
755 596
222 94
697 69
95 998
984 885
32 212
982 534
964 982
268 804
565 566
808 677
920 790
107 849
53 748
895 941
76 733
567 809
182 893
295 186
765 390
344 132
631 482
533 379
128 201
878 639
930 723
655 44
566 933
398 751
559 425
863 288
256 808
518 705
495 799
383 446
293 801
656 837
727 572
92 502
896 373
545 633
956 347
307 145
483 572
791 271
387 863
461 435
549 544
592 344
652 817
214 152
655 90
612 554
901 154
242 149
372 731
636 247
295 802
188 661
43 947
942 761
817 66
883 379
245 920
764 61
225 244
477 290
679 464
82 612
641 918
855 655
513 574
40 776
364 45
937 441
475 103
466 47
849 31
634 340
577 204
210 349
681 177
605 142
175 303
468 641
617 201
26 776
803 66
276 613
48 146
499 929
121 365
497 642
421 932
722 141
998 190
775 501
737 697
360 658
540 388
449 682
553 214
38 805
457 147
769 129
234 908
131 425
98 491
501 209
780 55
679 819
50 991
283 25
429 823
364 631
541 734
417 447
916 817
182 557
90 300
461 284
848 361
947 233
245 248
624 313
316 846
679 833
522 628
305 793
418 406
366 478
222 982
932 815
931 114
777 447
608 958
616 19
439 198
566 929
416 534
969 116
291 250
492 919
583 524
506 840
888 899
71 33
910 859
750 620
90 826
899 269
668 51
528 586
867 102
960 72
702 691
194 305
699 593
661 278
785 876
697 962
342 368
437 161
150 576
200 96
726 146
974 548
519 947
943 742
533 279
929 697
808 51
911 454
119 554
594 311
953 579
814 871
934 201
400 953
259 791
64 469
575 115
821 917
803 267
853 344
448 410
202 593
622 398
351 981
560 167
225 317
676 591
367 207
237 331
127 784
97 754
709 952
449 798
288 713
244 208
113 239
313 571
490 315
869 185
350 213
284 291
734 874
788 356
846 282
641 534
80 830
294 738
396 639
873 737
19 462
760 812
378 765
485 296
779 98
426 810
772 577
518 244
814 614
415 602
264 113
265 807
287 213
383 998
390 456
199 261
191 415
40 317
759 200
858 203
235 36
291 85
585 979
452 303
921 540
93 291
653 3
468 229
313 42
105 235
147 543
46 13
676 868
732 817
500 89
484 847
795 10
744 474
481 571
556 581
647 819
455 977
909 618
565 316
185 671
389 182
906 704
612 397
340 385
42 548
838 20
545 134
786 493
673 905
856 945
877 747
286 561
438 224
719 980
216 800
872 663
936 959
346 375
430 725
772 187
611 806
531 370
371 654
24 750
947 766
636 177
768 314
132 234
686 728
701 236
633 18
782 690
630 674
340 238
926 609
826 255
615 137
188 891
131 872
416 598
603 790
491 388
673 799
170 381
939 636
418 191
832 45
106 124
18 355
832 702
730 116
953 33
816 265
918 181
83 295
529 360
561 103
676 528
97 399
992 611
140 173
938 65
591 484
327 219
847 392
331 892
629 838
347 348
129 382
842 30
597 476
848 916
15 343
322 642
713 114
730 404
571 639
966 98
60 48
771 894
359 711
90 79
241 77
307 872
828 550
649 954
18 501
120 946
766 184
72 789
759 325
956 977
426 78
756 544
977 850
23 463
647 834
976 92
433 441
3 351
807 14
473 266
781 570
880 941
37 714
614 937
432 841
868 18
330 745
471 46
40 703
434 340
364 591
86 416
711 28
290 412
486 153
110 318
810 767
336 850
79 40
739 652
331 338
607 648
285 164
164 148
798 688
535 823
436 55
669 905
540 641
170 239
291 725
1 640
695 669
838 765
446 234
247 766
59 170
178 492
821 79
623 959
562 904
138 627
345 127
194 643
136 89
871 244
698 163
919 950
213 802
348 429
976 250
343 626
505 590
827 109
590 786
747 92
712 198
443 541
808 560
22 237
926 975
977 278
993 772
594 5
108 403
581 650
545 113
849 742
182 640
715 312
606 723
670 284
749 842
644 451
65 822
200 50
892 745
535 116
51 292
26 402
342 995
956 61
380 930
978 620
348 678
651 760
459 41
506 751
295 225
650 869
849 708
694 179
669 898
212 513
250 778
830 679
297 898
33 266
27 568
7 554
243 670
49 431
761 181
348 183
177 179
954 986
764 995
949 129
978 464
784 423
846 470
838 822
625 480
942 48
514 348
689 464
189 223
41 659
44 47
902 287
285 142
486 429
492 660
365 85
554 995
820 64
294 607
19 766
512 97
639 369
615 397
286 753
489 928
429 642
767 876
696 464
237 790
571 5
177 344
50 302
290 128
243 101
762 773
75 543
625 261
598 572
932 976
523 275
301 644
344 415
974 666
83 983
282 548
940 68
814 73
314 290
195 640
64 77
471 348
687 182
662 38
507 406
766 775
900 972
407 779
6 621
52 745
0 515
513 604
700 243
189 133
486 485
712 497
279 718
285 176
538 891
305 499
92 165
805 877
897 156
221 33
6 573
231 965
539 902
925 344
639 929
796 910
20 751
210 941
378 502
505 427
800 873
838 614
491 612
197 408
224 403
60 428
371 74
260 708
816 696
22 433
889 68
158 565
606 672
763 99
395 770
5 168
690 837
28 517
166 568
745 953
96 75
388 752
344 492
445 737
14 19
806 206
156 613
466 744
345 616
861 396
756 821
684 185
498 383
142 488
608 253
291 153
326 753
446 692
565 760
901 136
265 385
990 800
778 805
747 73
701 562
276 628
977 223
101 284
180 914
336 541
336 170
258 52
335 236
892 796
592 767
903 623
553 276
214 963
816 887
324 139
248 77
347 292
470 731
542 96
2 550
83 527
291 624
902 141
39 804
76 958
112 675
551 362
111 56
491 589
232 706
936 987
131 202
379 449
534 317
88 779
73 290
331 164
26 295
13 392
197 449
920 590
319 146
70 95
758 932
854 244
976 409
796 739
38 799
406 832
668 874
261 889
422 847
15 714
489 146
467 384
893 926
753 252
459 93
933 757
812 246
239 777
69 192
183 384
613 949
133 595
836 431
236 423
34 436
965 54
715 885
935 222
817 770
576 28
540 158
364 417
675 521
283 987
895 779
65 92
256 131
359 615
7 170
128 283
430 669
833 819
387 94
359 222
937 212
90 29
172 648
390 768
416 592
129 928
548 886
121 767
547 946
574 191
546 828
441 934
142 900
221 145
525 814
874 945
542 162
166 995
109 96
498 979
381 72
652 255
844 698
743 980
414 292
73 400
245 827
590 714
502 906
735 936
887 630
703 571
543 840
612 340
873 653
314 133
769 928
529 838
447 212
849 532
583 995
75 278
435 643
899 223
936 361
49 889
608 128
819 649
7 903
667 52
629 172
569 560
760 984
936 830
714 375
123 241
754 419
203 909
857 591
483 193
795 674
892 455
759 842
379 377
140 679
380 205
50 555
8 303
925 465
922 800
797 440
280 712
11 442
638 340
256 148
934 926
51 748
643 546
566 836
948 504
480 273
70 221
699 189
897 545
762 823
315 786
262 438
773 804
181 680
413 640
470 777
605 245
361 413
753 596
804 792
105 552
292 109
525 18
592 56
365 135
924 629
912 16
20 414
284 747
603 123
352 833
110 186
985 151
711 997
950 568
144 763
350 685
861 766
44 313
3 342
312 348
323 574
323 924
426 768
457 487
483 752
193 803
701 603
490 990
849 3
9 721
27 342
2 387
481 998
510 150
647 768
536 567
661 191
491 712
983 332
948 186
8 388
464 643
269 817
677 177
547 443
886 42
642 327
937 260
166 105
802 777
252 790
472 583
73 72
970 534
889 161
379 440
415 564
68 403
393 168
21 677
326 444
221 389
249 556
315 165
105 993
87 342
294 466
734 823
683 3
126 337
450 74
152 936
686 143
40 680
25 53
896 579
759 804
615 213
621 769
413 589
146 244
70 651
86 337
951 108
457 822
266 310
825 669
738 408
21 119
212 489
118 15
101 671
451 1
938 238
175 148
643 567
999 488
577 385
641 899
295 554
243 590
480 854
601 884
53 590
538 325
163 410
804 530
641 848
84 740
896 929
726 357
64 878
629 418
635 258
850 928
178 216
694 989
674 597
388 467
334 331
586 209
189 552
716 618
400 808
273 863
182 492
214 136
993 245
945 153
182 962
160 860
424 596
417 862
902 812
522 65
997 46
684 26
247 824
801 553
35 431
780 884
979 347
168 937
832 313
90 224
340 288
967 961
894 826
579 733
105 504
728 209
542 565
673 938
567 101
228 254
674 354
706 879
334 775
732 785
685 411
450 70
437 739
151 516
227 284
131 293
451 67
741 645
215 908
656 964
267 146
467 941
797 687
50 429
762 884
410 932
277 126
59 299
526 478
672 255
282 430
952 161
414 448
117 626
75 713
557 707
587 111
530 962
354 847
916 238
677 879
921 441
512 480
723 275
44 460
510 64
499 225
149 517
906 107
20 137
947 701
696 214
525 763
909 960
221 530
47 560
108 736
67 15
406 217
543 792
160 454
353 126
