1000 5988 3000
14 22 9 20 15 15 24 14 25 20 7 5 5 7 12 10 7 5 14 16 10 8 9 23 16 18 14 5 5 16 24 13 7 18 8 15 5 25 20 22 23 20 8 22 6 5 17 6 22 9 22 8 5 10 13 14 9 20 22 23 19 19 9 7 23 6 10 9 6 9 21 25 23 10 23 20 22 14 5 5 6 11 7 5 14 9 24 19 18 16 22 9 23 11 22 25 20 15 16 17 9 6 24 11 19 12 22 23 23 8 20 5 13 13 20 11 9 12 15 20 23 6 24 17 24 23 8 13 19 8 25 15 5 21 16 25 24 12 19 17 25 20 16 11 13 10 9 9 23 20 5 13 11 6 13 5 5 23 13 8 12 22 22 5 9 24 15 18 18 5 25 10 15 13 7 25 19 21 25 24 16 9 20 8 5 6 11 13 18 8 22 17 7 21 7 18 19 11 7 20 23 22 23 11 6 25 8 15 7 17 20 7 15 16 21 18 13 25 17 13 5 25 24 22 10 15 22 5 17 23 21 16 16 18 23 11 24 17 21 10 8 13 19 24 5 9 19 12 20 9 21 5 15 16 16 22 13 9 5 19 23 6 17 13 8 15 8 23 19 5 14 9 25 19 22 14 11 15 12 6 20 19 10 20 21 6 18 14 24 23 25 22 15 19 6 23 16 7 7 17 24 24 23 15 13 15 12 12 22 12 25 20 24 9 15 15 22 24 14 5 13 19 5 24 10 8 18 15 24 17 6 15 23 17 12 24 15 9 11 5 21 24 21 11 23 5 9 17 7 16 14 16 6 24 18 10 16 25 11 18 6 9 5 7 12 10 18 15 17 19 20 19 9 19 16 16 10 8 12 15 6 8 8 13 25 5 22 7 21 23 22 13 8 25 23 6 22 24 20 10 8 10 19 12 20 17 12 17 8 17 12 20 7 8 10 19 21 16 24 15 7 19 8 18 5 24 18 13 10 19 5 7 9 12 22 18 13 20 11 24 6 6 16 13 7 6 11 18 7 17 12 11 22 11 22 14 24 5 11 5 21 16 20 12 25 6 23 25 17 21 8 7 21 11 6 16 17 22 5 14 8 17 5 5 18 9 12 19 12 10 7 8 25 18 16 15 15 19 8 21 16 24 8 15 20 16 10 22 20 18 20 12 24 14 12 5 19 18 6 7 8 18 8 14 24 5 24 12 6 25 13 19 7 17 9 23 10 22 15 12 7 18 9 14 18 22 12 20 11 25 10 18 19 11 6 16 16 18 25 14 22 14 18 16 13 23 25 9 9 9 17 16 18 12 11 25 18 25 25 13 22 14 18 21 8 12 6 18 5 20 20 24 25 23 14 24 20 15 7 22 14 14 13 10 16 19 5 19 12 24 18 5 13 25 15 13 6 20 6 20 18 12 19 15 11 12 10 21 23 8 12 5 15 22 20 7 19 13 21 9 22 25 17 20 13 8 21 25 22 8 12 15 24 19 12 14 16 13 17 6 10 19 18 18 11 20 14 14 8 18 14 18 12 11 24 18 9 5 22 19 18 20 5 12 8 15 17 25 17 11 6 19 16 24 16 25 21 6 8 10 13 20 10 24 24 10 13 23 5 5 5 7 24 11 14 15 24 13 11 12 19 15 13 6 20 11 12 21 14 23 13 11 7 15 7 24 9 10 21 16 11 16 15 8 7 20 9 24 25 11 5 13 20 19 20 15 8 15 17 23 8 24 17 25 20 21 22 5 16 18 24 21 10 17 14 19 12 22 25 9 16 22 5 16 18 19 7 18 23 7 7 11 9 11 13 5 25 12 10 5 8 23 20 7 5 14 19 12 8 12 9 23 10 21 6 23 20 15 10 19 20 12 25 7 13 8 11 16 10 10 6 25 18 12 13 10 5 23 11 10 22 11 9 14 20 25 25 8 12 22 13 20 13 11 10 11 13 6 17 18 6 11 9 15 10 5 21 13 22 9 18 19 20 20 24 17 16 7 13 22 12 16 14 16 23 12 21 21 18 14 10 15 21 13 23 16 23 18 9 21 6 25 6 8 24 12 17 15 10 8 24 6 8 13 22 11 18 10 9 19 25 6 14 19 20 14 8 9 16 23 12 7 10 23 6 16 21 7 21 14 17 8 12 24 20 21 18 6 12 19 25 9 5 21 10 23 22 9 21 12 8 12 13 21 5 21 23 13 15 19 23 6 15 25 22 21 21 7 5 8 21 19 11 8 6 13 11 23 20 8 15 16 15 11 18 9 8 25 24 23
3 18 15 16 19 5 19 20 3 15 3 16 20 19 18 8 17 5 17 4 11 14 13 5 16 10 12 20 16 11 5 4 6 20 5 14 4 15 16 18 19 14 17 4 3 14 14 11 15 11 16 5 18 5 16 16 20 15 9 12 4 16 20 17 17 12 9 11 6 7 7 13 12 18 10 5 9 11 9 20 5 12 10 17 13 10 12 14 14 4 11 6 7 11 19 7 3 5 7 7 6 16 16 5 20 13 20 5 4 16 4 12 5 11 16 11 3 15 3 5 4 9 11 12 17 19 15 6 12 4 6 9 13 5 16 11 18 14 5 7 10 6 3 5 12 17 10 16 12 20 5 8 6 10 9 16 18 9 16 14 18 19 11 4 12 14 18 19 12 14 3 18 3 4 13 18 18 16 5 10 13 20 7 6 9 19 17 15 13 7 4 8 20 14 7 15 5 9 16 9 5 20 4 15 10 20 12 9 3 18 5 7 11 10 5 9 17 16 5 11 17 13 9 3 18 3 6 19 19 18 15 15 15 19 5 13 13 9 13 19 12 15 17 12 10 14 17 15 16 14 11 6 17 10 5 3 20 6 4 12 15 9 20 5 12 11 10 14 10 7 5 14 17 20 3 17 12 19 17 5 3 5 15 9 11 3 4 9 12 12 11 20 3 4 11 13 7 7 13 3 5 4 16 4 7 13 5 5 4 17 20 10 11 5 6 19 11 17 3 14 20 16 10 8 8 10 6 11 10 14 7 3 14 11 13 16 3 11 17 20 9 11 5 13 4 15 17 8 4 6 4 11 12 3 11 16 6 9 5 6 14 5 10 17 5 18 12 14 5 8 14 12 11 18 11 16 20 3 8 20 20 16 13 9 9 13 17 13 7 15 16 11 12 16 6 10 5 19 11 8 14 16 16 14 13 12 13 6 20 16 7 19 13 4 10 9 12 8 12 4 16 9 3 6 12 12 13 15 14 16 15 20 17 10 18 5 14 20 6 17 17 8 5 14 10 10 17 18 3 4 19 19 18 16 20 15 3 14 3 11 10 8 17 5 15 18 4 16 15 16 11 7 4 8 10 8 3 7 14 20 7 16 14 15 6 3 4 14 16 7 10 19 15 19 13 9 20 18 4 16 7 4 14 16 16 8 4 20 9 3 11 14 6 8 9 13 20 18 3 10 11 5 8 10 9 8 9 15 5 3 7 18 15 6 14 13 17 16 20 17 12 9 8 18 9 5 5 8 14 7 20 20 17 4 19 17 15 18 6 11 11 14 18 4 18 15 3 15 3 5 15 7 6 8 8 12 15 11 20 3 8 16 13 7 7 4 15 19 8 19 12 12 17 12 6 8 6 14 6 19 15 19 20 5 10 11 19 20 9 5 16 13 5 12 7 7 13 3 15 15 3 10 14 4 13 14 14 4 18 3 15 7 4 19 12 16 13 16 9 16 3 6 5 17 13 8 15 10 14 20 3 6 4 18 10 19 5 15 8 9 12 6 18 15 14 4 10 11 16 14 20 17 13 7 16 11 11 10 12 5 15 18 8 14 9 15 8 4 16 12 15 5 14 8 3 13 19 14 5 13 15 19 9 9 9 14 16 5 10 14 7 8 17 5 6 9 15 8 20 13 4 11 6 10 13 3 16 17 7 11 11 11 16 4 18 7 13 20 12 16 16 17 12 14 14 6 3 8 17 3 20 17 7 3 5 17 11 12 19 14 15 16 19 5 12 7 6 15 6 19 6 9 19 6 11 7 12 7 20 6 4 13 10 19 7 17 3 20 10 11 6 11 17 15 19 12 13 10 12 3 5 15 5 18 15 9 4 13 8 13 17 20 14 16 5 3 15 12 15 4 14 11 4 8 5 16 14 14 4 10 8 18 11 18 18 18 20 3 17 14 12 19 4 19 18 11 12 4 11 17 4 13 5 17 16 15 4 10 4 14 17 5 17 8 10 13 13 8 11 11 6 7 16 17 15 13 4 10 15 20 4 8 7 16 10 13 15 17 11 12 12 3 18 7 4 12 13 13 16 17 19 16 13 4 10 5 4 3 6 13 18 7 5 13 20 9 5 14 4 3 3 7 10 9 8 19 14 8 18 8 15 15 16 4 11 7 12 17 9 12 4 20 9 3 8 6 7 11 7 15 4 15 5 20 9 11 11 18 12 11 13 18 8 19 11 13 9 3 18 16 17 18 17 15 8 5 6 17 5 19 13 6 10 15 19 8 5 12 4 9 17 10 19 8 13 18 20 16 8 10
706 595
223 923
859 39
343 916
437 900
864 723
647 239
282 531
838 880
330 723
908 714
480 492
140 25
61 456
777 640
691 194
558 59
306 263
18 933
730 194
193 983
281 774
256 317
105 364
336 491
73 367
456 739
894 466
324 517
347 282
455 929
796 451
154 740
34 300
815 538
623 954
417 613
455 549
232 398
459 627
11 495
480 556
308 807
529 710
18 503
616 765
926 723
553 982
325 90
539 932
601 384
648 318
521 702
164 498
782 844
461 476
546 957
168 732
230 419
279 477
607 22
520 220
986 333
496 271
201 499
801 234
515 913
809 494
958 472
657 921
742 748
817 989
840 695
939 283
18 402
813 173
644 263
508 340
245 31
65 798
838 173
441 45
650 991
672 188
166 714
474 838
793 281
891 469
659 900
453 754
755 486
398 375
81 25
383 916
661 153
983 562
375 685
682 618
993 631
541 649
38 911
195 975
144 867
340 911
663 289
244 999
497 430
792 339
416 484
171 661
152 5
8 842
423 36
447 533
314 715
739 479
283 502
646 475
327 85
893 161
38 646
896 294
116 42
45 278
675 230
552 59
21 119
371 887
820 93
395 770
561 317
254 531
805 443
183 6
566 363
964 796
954 450
396 474
674 729
389 867
825 281
925 461
672 704
538 95
714 800
956 544
964 945
916 778
263 319
853 898
86 308
195 711
353 51
496 356
801 148
532 749
852 83
233 35
543 117
518 33
432 641
784 325
744 539
679 974
776 379
829 592
845 914
878 635
364 394
174 972
590 752
826 351
370 646
875 683
319 769
643 443
382 687
684 992
512 164
713 828
255 623
666 867
575 372
788 468
259 104
307 341
918 178
725 226
156 188
454 308
896 774
866 697
152 335
474 788
220 978
572 436
659 778
323 769
985 713
269 202
593 840
243 310
588 226
337 795
960 900
829 665
114 706
691 272
494 882
279 608
568 291
215 246
419 890
162 161
9 422
764 951
128 104
832 551
491 308
848 55
785 248
437 884
871 877
556 214
74 821
432 997
690 450
601 387
366 254
230 780
315 435
679 98
104 557
591 233
329 858
73 301
732 376
823 313
382 484
71 240
8 536
844 112
857 890
654 597
842 510
911 647
175 747
156 251
352 96
86 960
865 337
551 930
785 913
766 661
781 917
214 929
109 902
430 485
186 974
727 695
110 115
853 320
113 316
533 215
429 633
496 391
477 997
719 611
601 841
394 188
314 770
889 715
490 915
362 462
334 388
455 443
214 52
602 806
902 973
679 433
84 238
68 444
310 185
905 113
943 412
227 142
433 557
593 967
525 837
425 820
121 151
801 998
60 754
964 531
554 486
620 433
741 815
380 842
797 340
106 574
351 879
3 738
7 415
697 502
626 946
289 209
708 15
751 626
306 526
131 821
896 541
957 12
686 803
423 24
389 751
173 597
619 361
279 848
570 424
327 718
803 547
810 251
114 735
243 805
654 7
55 747
119 937
691 422
538 218
901 824
559 849
432 181
758 59
112 278
14 556
931 195
844 684
496 627
491 701
644 812
289 32
875 106
9 537
894 308
901 873
955 527
963 426
589 737
665 563
497 92
203 517
947 842
527 565
782 414
131 49
207 230
293 201
874 621
453 523
461 919
743 186
921 657
949 673
737 877
948 585
660 446
887 869
204 104
23 54
823 45
344 438
648 752
679 559
101 675
224 933
36 475
764 240
329 538
505 545
870 892
835 241
435 964
78 450
888 467
987 95
779 835
964 157
640 624
938 59
199 202
451 211
511 944
724 840
839 215
955 411
563 22
744 753
550 126
609 6
588 906
231 343
256 520
667 168
885 641
938 681
348 867
452 600
788 830
263 56
622 32
539 527
765 926
261 827
484 403
294 365
348 951
18 699
457 207
593 861
483 684
975 903
63 656
92 227
516 620
441 226
745 269
323 764
875 4
473 469
222 541
29 728
441 419
882 552
688 327
913 62
544 709
549 764
300 417
115 156
194 824
578 985
269 951
372 718
269 844
130 839
143 694
570 771
505 665
467 610
294 154
835 175
30 58
390 578
446 184
103 316
461 678
653 407
402 108
932 820
943 84
557 345
320 364
587 270
945 6
935 885
914 550
345 251
545 304
2 32
203 955
998 725
911 156
288 305
9 570
240 404
222 164
978 57
116 243
970 150
402 185
906 691
907 171
661 568
603 556
782 132
968 713
198 285
904 159
942 121
193 417
223 979
843 658
213 517
600 173
222 194
411 599
677 839
20 223
355 47
117 994
293 226
947 510
728 925
682 492
420 373
381 85
254 521
3 276
997 994
578 594
167 430
645 226
655 466
546 712
105 506
33 530
737 428
759 948
449 706
321 578
628 966
798 85
949 819
671 803
112 787
990 808
335 632
915 780
30 793
314 660
101 714
716 338
898 303
774 154
764 807
762 385
203 785
482 843
335 555
937 740
801 686
827 489
542 28
278 24
584 522
521 440
225 357
735 995
912 481
135 281
522 544
179 762
901 989
251 602
550 441
913 657
386 671
418 420
533 318
259 517
963 673
203 210
270 161
258 568
641 347
478 997
275 317
86 100
884 235
442 641
447 157
680 174
645 954
832 928
514 388
694 269
654 849
933 540
880 313
660 52
917 728
728 647
483 308
350 488
315 29
627 835
795 5
169 994
655 522
946 278
954 645
983 496
997 202
9 322
181 868
258 999
757 419
639 488
36 129
812 107
869 794
372 910
46 161
57 982
9 700
304 206
303 408
726 802
569 220
61 988
23 878
340 879
197 64
98 146
123 808
570 652
937 925
373 558
378 989
109 163
217 685
95 972
833 431
772 516
766 603
783 712
240 289
454 412
359 158
148 701
66 190
63 834
871 894
105 839
913 798
243 696
917 600
139 957
37 158
943 974
646 604
947 720
163 436
99 73
343 547
976 483
359 303
921 6
942 367
363 873
196 320
495 86
234 204
211 687
867 175
579 967
391 402
38 662
366 957
60 709
960 4
151 914
819 535
814 468
494 358
182 648
621 435
744 900
370 761
117 556
633 182
848 681
333 206
556 485
468 377
955 78
24 732
556 97
981 960
200 701
549 327
957 401
262 332
432 918
455 207
892 829
985 730
539 846
84 312
119 326
930 870
109 807
31 602
795 404
953 314
793 121
20 701
29 441
913 781
965 582
421 395
152 804
678 815
782 154
325 476
214 186
548 905
41 443
677 306
9 522
848 17
763 109
868 938
634 710
593 789
817 836
44 575
557 404
579 991
244 917
251 250
596 773
394 148
773 777
694 960
778 573
625 537
639 741
169 776
850 432
998 357
680 839
304 511
66 947
72 503
457 722
380 796
773 515
153 913
620 805
303 114
856 266
860 526
856 509
573 639
305 759
710 748
449 432
235 803
564 866
347 151
466 748
49 598
723 458
267 634
910 56
591 929
497 401
376 750
949 788
579 979
271 931
286 380
9 216
494 347
518 97
716 416
292 18
955 872
387 525
219 625
143 73
939 481
718 64
561 172
586 212
567 879
341 29
576 123
628 500
513 304
589 450
121 324
438 504
331 26
758 623
97 685
825 372
443 68
74 219
713 569
702 212
297 716
843 787
677 951
874 650
813 323
948 979
814 525
771 92
219 445
61 554
976 706
905 627
616 92
715 345
591 599
149 421
996 376
399 839
442 107
891 707
602 830
198 89
974 289
421 270
417 950
389 408
583 817
668 273
27 743
346 448
478 163
216 760
773 821
549 717
653 977
555 359
399 743
4 671
981 36
160 919
417 311
915 488
509 734
637 976
693 568
43 216
254 802
983 306
912 306
861 8
929 354
872 983
983 227
63 44
64 773
412 482
185 279
868 306
804 112
308 772
380 921
498 368
175 525
608 55
785 778
409 445
35 861
813 106
508 332
309 111
631 242
396 528
570 101
201 342
799 683
684 229
632 900
518 690
217 858
766 211
136 809
515 162
557 898
77 484
495 974
708 700
898 609
762 256
507 518
237 272
888 818
720 366
996 169
774 975
986 270
400 774
233 627
947 536
200 753
609 356
43 793
883 456
833 577
448 613
611 630
716 414
887 569
52 227
608 645
827 406
522 407
768 416
937 161
544 355
144 57
394 4
667 432
887 349
332 436
16 49
586 866
163 733
821 383
319 313
956 297
506 116
953 616
952 942
437 345
960 562
585 648
410 214
788 44
448 742
969 212
52 570
56 887
657 680
209 477
673 538
23 853
385 364
100 212
249 663
935 752
138 296
832 518
644 910
681 663
58 3
670 462
151 385
590 258
764 783
883 963
35 998
137 320
781 612
256 602
190 333
487 952
766 491
126 658
749 168
219 861
783 12
512 101
179 230
285 499
326 514
434 724
514 928
647 627
522 329
920 593
669 342
218 229
370 908
933 856
738 24
642 912
774 790
554 884
745 208
404 295
378 1
65 192
645 889
82 720
630 888
486 981
759 990
214 896
703 812
147 183
587 118
74 212
500 952
186 882
669 112
259 182
941 232
477 915
979 65
488 315
821 472
702 418
230 82
642 170
520 610
726 414
60 899
980 635
558 746
421 178
638 654
254 457
478 647
933 16
314 687
369 701
922 624
543 398
644 735
337 297
915 504
905 41
454 764
721 478
623 500
675 739
859 449
131 272
700 960
88 408
657 851
674 690
441 981
668 343
200 631
38 148
695 57
790 891
470 137
768 728
548 14
971 827
815 539
314 347
919 418
432 502
741 479
636 239
369 434
314 333
364 843
598 739
481 542
270 378
61 812
768 650
37 601
315 764
548 36
915 54
303 69
194 789
459 54
248 219
849 901
964 155
546 225
59 462
179 835
879 826
409 926
441 604
899 499
557 231
400 728
185 332
715 888
833 779
387 633
198 240
1 45
594 852
818 208
856 477
618 549
305 687
584 0
509 982
827 56
243 20
291 672
289 796
283 30
254 549
365 469
441 159
657 743
52 67
419 337
706 960
237 831
445 616
801 792
216 873
356 103
401 286
972 159
241 428
869 646
926 441
44 186
155 4
840 188
252 312
177 853
449 280
424 485
354 344
627 200
942 938
275 582
67 532
660 161
448 137
149 327
149 699
816 986
111 965
346 648
416 811
508 113
481 667
660 504
108 723
495 508
649 744
799 682
55 317
773 81
97 119
635 558
34 810
308 185
432 367
961 696
407 297
125 74
988 795
244 247
821 858
423 991
458 362
727 604
912 573
515 776
442 860
454 259
552 78
906 52
511 412
108 141
192 354
367 214
951 836
958 812
97 714
302 274
316 25
258 853
132 326
677 83
610 445
682 27
363 419
747 20
3 880
633 944
320 756
361 822
477 551
651 842
161 743
257 414
812 578
909 409
200 525
752 640
648 725
160 183
853 174
55 365
721 883
664 810
292 399
961 358
897 620
511 28
629 591
896 761
508 3
514 106
597 314
946 315
49 392
252 738
839 880
965 772
855 300
206 605
463 831
984 255
800 510
777 549
503 564
135 417
779 248
889 263
49 656
949 548
765 262
687 914
634 925
259 261
596 834
705 496
717 374
940 191
905 744
217 393
759 287
629 42
615 990
691 321
663 537
173 856
980 347
479 437
31 600
135 262
916 612
926 130
294 724
668 311
30 220
43 805
585 742
88 670
132 261
500 30
455 721
470 804
407 51
804 961
777 670
922 177
636 104
692 64
996 336
894 283
722 273
870 605
653 750
768 651
105 881
414 969
825 649
719 75
248 202
276 360
135 176
728 452
988 623
296 658
236 55
292 126
564 908
885 792
419 133
577 983
896 168
901 211
794 809
683 973
130 877
139 803
701 379
98 394
495 307
522 664
694 738
773 564
713 498
371 607
240 995
845 255
729 162
974 366
655 600
870 614
391 818
803 666
576 259
613 134
607 991
86 8
688 521
461 809
291 289
959 254
716 252
533 274
572 80
868 997
609 124
839 614
778 714
577 503
584 661
458 901
900 126
154 995
424 819
793 388
331 821
338 328
647 494
231 767
705 13
476 632
110 248
488 898
653 477
883 8
71 665
756 644
609 97
191 415
464 124
619 205
628 85
92 471
818 119
214 699
895 715
732 461
248 181
601 406
833 5
999 422
2 243
470 412
763 327
552 408
247 8
898 721
755 8
854 628
543 53
540 950
874 270
287 247
737 258
553 572
910 830
235 563
849 288
363 606
58 450
550 456
707 523
745 904
749 703
892 216
794 799
20 171
741 241
913 514
815 579
243 671
77 672
395 64
774 220
63 859
206 877
166 645
915 713
322 793
90 295
905 629
589 302
954 660
341 297
862 590
64 317
377 643
519 618
851 478
827 822
26 648
735 939
884 209
834 94
562 684
818 273
14 31
287 415
255 375
302 619
677 601
738 398
443 852
622 780
70 686
801 486
141 204
227 395
810 124
920 124
929 884
40 459
811 100
127 692
601 336
108 716
673 535
933 352
803 466
986 108
618 624
396 286
503 511
105 622
750 827
613 621
93 359
613 821
37 796
796 482
721 171
777 142
661 647
648 942
49 868
211 738
561 103
44 92
160 410
840 702
420 3
235 104
802 924
420 354
423 556
521 775
616 878
327 694
612 504
244 405
496 248
393 42
716 160
360 735
946 29
258 603
785 651
315 604
353 457
90 74
358 69
586 986
559 575
664 286
744 0
63 927
465 697
916 658
217 757
700 733
104 343
942 309
745 472
197 704
619 575
302 998
991 786
881 984
439 435
136 101
929 402
236 345
169 409
335 508
533 992
221 893
803 729
571 539
249 701
179 988
90 348
97 509
333 586
229 2
297 307
257 626
273 262
90 673
411 389
626 26
816 695
117 727
785 691
313 909
814 42
435 643
68 783
1 225
244 302
488 459
383 707
75 490
307 505
37 14
6 778
310 732
266 636
208 707
49 563
239 777
972 236
887 32
6 233
98 447
428 232
307 654
923 180
817 866
628 919
779 613
189 771
935 812
393 715
271 10
53 982
92 12
181 802
886 692
942 210
661 97
872 545
611 895
338 964
600 473
910 424
924 487
382 388
285 503
844 640
772 705
569 332
788 549
729 417
553 50
716 167
255 615
551 170
596 207
508 601
676 469
57 598
893 875
432 487
963 945
946 241
269 931
266 769
805 222
685 538
307 345
17 209
487 567
440 394
209 2
645 203
152 565
374 167
744 991
193 682
422 750
127 947
33 730
97 266
507 429
177 50
46 215
395 441
540 425
269 112
10 970
691 860
913 750
223 40
206 696
933 187
173 623
375 205
553 130
150 52
123 145
834 217
516 726
166 428
505 384
601 228
31 117
804 91
652 222
329 496
398 250
869 48
129 873
828 145
542 672
698 978
968 236
707 46
776 240
112 609
845 467
49 552
311 452
23 372
244 771
385 735
945 832
322 761
524 114
31 712
776 174
409 150
275 254
425 45
272 360
899 309
229 934
989 490
299 230
872 30
604 605
170 539
420 328
88 389
577 68
113 772
853 426
94 594
890 802
20 843
555 733
151 57
108 285
285 671
648 690
866 527
418 830
688 921
735 286
985 84
25 482
365 301
268 846
58 990
565 46
619 165
548 445
931 850
979 204
572 619
226 180
586 81
567 973
192 467
564 546
967 499
860 408
131 726
96 657
423 939
353 347
265 824
577 676
801 160
766 363
783 63
129 629
899 838
5 244
897 769
679 330
950 44
874 104
726 372
492 595
583 144
184 649
546 88
757 991
961 144
891 314
699 539
57 414
641 94
287 495
779 323
739 240
795 847
487 364
151 747
674 755
338 35
652 533
374 105
959 295
149 558
441 761
564 115
607 857
609 45
842 145
668 231
470 6
119 928
213 72
124 688
809 985
8 383
631 213
284 296
380 588
613 502
792 854
983 896
61 773
736 793
233 514
736 319
983 732
268 414
973 120
910 684
238 361
29 877
311 309
498 649
81 624
318 885
407 370
781 976
962 893
842 382
988 995
476 89
902 807
640 615
812 956
698 805
886 250
596 710
157 555
82 826
632 419
906 749
935 888
285 972
303 718
854 719
680 840
300 772
702 703
924 211
151 657
219 505
917 207
593 751
518 598
765 221
419 103
96 167
789 526
263 127
675 909
997 976
130 726
825 885
195 921
766 747
424 359
363 143
966 246
357 354
653 788
729 221
343 495
827 702
243 252
474 659
761 987
3 177
268 734
253 579
736 878
544 521
39 272
79 933
638 134
353 373
627 336
546 129
711 364
584 395
685 114
689 727
89 855
431 878
156 906
834 357
778 723
865 885
42 186
773 559
894 494
932 251
874 534
550 243
743 996
422 769
624 364
199 767
392 524
373 104
706 291
184 588
244 412
639 116
381 692
560 232
994 471
59 72
399 688
113 975
149 805
617 292
544 348
311 507
908 393
100 389
508 231
975 131
347 217
180 109
290 213
804 731
256 126
885 413
222 373
246 333
255 894
276 160
153 50
752 644
973 13
623 230
243 427
880 943
502 267
132 897
402 556
775 422
418 451
405 381
484 111
987 927
132 45
994 566
819 459
579 911
233 372
643 300
201 40
925 408
247 37
400 789
841 703
164 251
333 200
794 17
220 184
531 799
859 543
387 108
732 628
491 427
380 254
373 284
583 180
801 774
820 450
823 193
557 959
587 476
878 140
693 710
49 734
293 758
106 312
149 158
816 929
588 536
104 971
256 885
553 908
554 701
802 198
546 655
532 329
454 604
256 136
971 52
783 88
307 784
510 48
845 581
301 383
666 605
104 637
203 940
455 959
1 942
364 41
698 485
808 481
797 692
814 934
668 506
36 653
314 734
880 351
700 336
965 540
831 542
224 853
950 240
409 142
863 359
712 83
910 21
277 475
391 15
747 478
647 303
536 22
0 48
887 61
824 342
684 147
247 776
12 138
623 207
592 463
467 660
234 627
474 236
753 611
404 888
872 895
812 171
607 203
399 350
791 435
33 539
719 715
394 624
373 994
736 652
626 595
528 980
314 57
469 318
539 188
674 635
287 639
751 238
98 417
569 582
858 70
641 60
623 79
223 589
633 596
367 91
422 557
336 953
754 600
938 929
937 224
667 69
219 103
315 935
124 418
893 900
641 923
173 615
555 458
630 2
386 665
549 144
328 755
196 327
280 888
60 577
186 275
265 745
76 962
601 82
785 410
62 998
876 768
260 823
732 247
554 769
534 58
531 457
790 744
243 674
308 602
995 248
633 294
682 164
255 806
590 830
168 958
71 960
614 521
633 215
623 101
982 700
606 260
992 638
535 252
357 797
939 376
686 595
488 207
55 123
196 794
184 655
858 112
916 870
804 377
848 124
308 975
716 37
25 232
219 752
510 424
746 57
879 666
911 42
72 575
224 467
96 229
887 10
740 238
657 724
433 922
828 482
501 447
762 231
469 528
760 173
829 619
770 317
707 251
872 630
625 783
296 873
276 145
209 249
307 803
889 313
466 559
517 666
972 648
233 220
425 641
717 29
120 761
294 734
259 358
441 987
791 424
975 592
710 265
502 536
468 18
364 182
386 620
992 140
897 685
981 685
205 539
917 193
183 797
768 875
518 511
525 250
185 421
173 789
605 167
962 833
745 298
453 317
953 137
893 381
177 526
621 902
239 915
966 794
353 166
292 765
963 724
0 845
765 863
433 626
119 496
727 98
465 324
867 506
972 508
564 831
749 36
952 43
17 284
114 302
478 411
383 174
751 718
388 800
28 964
426 218
140 294
324 331
673 194
246 920
241 917
583 530
722 874
666 248
904 487
248 388
426 709
689 253
567 280
685 568
730 150
538 140
841 852
607 770
815 910
878 448
723 186
116 784
615 890
360 288
669 654
44 533
745 876
131 804
773 282
438 781
515 34
172 188
95 639
485 4
52 980
133 116
589 534
302 215
927 504
493 157
507 548
794 868
706 914
998 485
107 546
372 862
844 406
261 489
18 582
26 599
14 511
726 728
406 893
336 604
665 496
574 723
567 386
563 699
158 241
724 762
513 424
364 519
932 97
572 191
681 502
388 998
156 101
105 792
338 211
223 104
228 465
403 756
608 7
526 829
996 708
470 425
756 320
299 959
864 445
85 873
396 161
839 165
196 399
746 754
22 933
334 871
798 969
261 726
259 397
189 135
178 820
369 902
741 285
885 108
792 970
773 620
732 998
431 586
4 968
931 783
678 239
21 796
672 935
564 498
727 399
635 625
774 80
780 439
508 355
323 644
339 888
781 955
150 471
145 420
302 391
628 654
837 967
802 722
391 407
799 731
175 31
969 326
362 187
300 183
535 684
24 187
182 170
667 967
175 669
233 163
812 946
712 53
920 154
565 920
265 453
528 914
272 367
423 561
882 712
480 867
59 314
285 723
975 893
78 181
416 293
532 123
150 514
633 153
446 594
781 375
350 430
73 586
35 906
371 282
655 383
205 457
353 192
203 726
868 527
775 526
987 45
588 942
926 890
212 948
813 315
154 541
44 818
179 175
735 402
501 852
581 555
200 774
629 339
38 586
223 433
601 708
553 399
15 254
666 766
687 988
788 50
938 388
107 673
43 369
442 634
175 363
302 94
222 112
537 433
79 878
918 210
228 878
644 96
298 13
748 390
254 743
137 86
785 495
373 628
220 12
635 29
821 975
967 929
711 248
171 796
646 489
902 318
198 933
821 131
94 863
418 20
94 232
58 233
161 950
160 363
747 309
918 451
780 360
872 873
327 288
806 742
369 881
662 91
857 993
205 304
167 996
11 189
733 162
865 568
931 738
594 419
132 340
420 873
441 715
64 391
944 606
636 162
732 196
473 292
449 853
948 702
199 136
389 943
945 166
33 28
868 715
223 16
489 521
102 650
968 808
555 101
946 793
9 153
147 264
335 247
366 112
731 888
388 689
238 538
710 552
833 485
942 477
127 278
977 812
144 624
144 542
181 244
73 172
966 445
863 660
476 361
317 645
442 26
657 842
988 750
175 429
15 962
857 878
239 338
519 810
918 424
160 782
378 666
197 547
159 953
840 522
70 693
510 997
137 613
913 958
841 178
670 135
321 318
448 989
516 330
609 795
722 969
487 545
847 605
476 260
919 800
227 873
231 774
922 481
642 322
56 657
555 262
965 569
140 963
237 581
388 505
900 184
458 187
828 875
928 973
700 638
105 28
62 385
511 806
489 510
75 915
840 114
73 867
809 222
363 515
513 600
432 779
487 588
514 918
290 185
572 966
123 942
933 863
472 80
783 405
312 967
196 551
888 731
894 456
877 380
672 42
209 909
233 231
510 110
760 571
957 992
102 776
408 422
327 716
436 719
552 479
303 982
554 746
450 291
656 361
604 253
43 362
371 136
539 219
930 688
324 647
45 982
579 877
649 484
936 257
719 700
806 623
131 722
991 616
565 651
296 473
963 929
498 68
373 785
982 764
501 664
934 36
493 890
9 314
502 754
685 124
163 785
836 409
289 838
37 762
494 728
685 766
784 290
830 81
408 531
443 855
706 259
664 678
914 300
18 803
905 26
975 958
863 512
314 501
759 896
85 909
346 597
465 569
926 735
554 602
904 806
956 703
750 961
228 325
117 835
589 15
732 29
653 68
165 683
331 639
920 959
536 520
971 136
936 705
59 483
760 342
369 549
631 305
542 669
552 774
236 96
537 10
442 466
130 847
68 830
41 575
104 306
373 676
169 592
450 469
647 925
23 576
533 71
673 656
138 517
763 203
415 708
773 569
798 11
875 238
647 177
904 411
876 953
402 78
585 59
524 373
567 583
0 314
88 721
502 857
942 952
343 519
537 458
565 835
217 17
521 551
851 765
39 73
920 631
896 625
700 464
550 281
457 210
981 513
783 271
71 341
363 801
350 536
684 242
598 570
521 20
274 906
549 423
873 313
646 903
591 858
200 262
534 605
411 633
985 129
344 608
508 795
623 517
719 376
567 24
974 157
362 287
929 680
690 161
489 866
614 475
314 963
686 735
428 262
270 933
309 613
636 729
752 461
461 439
300 231
192 55
647 911
471 560
164 542
54 880
334 882
654 961
532 878
601 680
990 219
570 128
215 454
251 420
113 653
558 976
620 74
653 131
25 879
582 29
551 790
24 500
526 301
556 702
944 600
577 281
267 624
567 440
10 59
487 195
780 325
830 353
569 125
520 625
709 603
381 32
169 364
716 170
543 236
873 207
265 246
319 701
703 386
150 50
297 51
241 502
797 317
345 829
53 488
680 222
918 781
391 162
474 798
946 929
163 743
595 708
588 97
408 415
519 643
711 814
624 923
68 178
375 952
659 89
587 48
930 194
294 142
757 568
501 684
199 985
968 286
23 559
745 964
384 463
7 360
44 88
725 473
601 906
529 237
386 243
92 809
735 109
280 841
153 977
270 186
317 572
515 528
167 182
444 379
758 355
374 574
815 365
228 415
900 260
734 847
204 525
219 23
336 357
81 501
463 567
836 213
89 424
305 544
181 422
701 964
870 479
103 66
260 663
813 398
18 572
17 335
729 48
812 413
945 275
150 545
41 184
75 303
950 407
648 75
495 248
128 488
261 879
601 988
678 965
956 905
296 232
415 217
501 995
959 160
846 871
169 191
898 917
698 180
270 480
504 365
133 343
740 305
908 992
903 512
235 742
322 274
808 606
429 70
22 835
742 175
955 972
783 171
167 109
285 251
136 761
434 445
821 627
717 812
939 795
247 35
260 532
129 221
692 365
680 132
457 138
422 373
182 314
714 218
485 319
90 1
877 187
781 867
922 530
307 926
810 498
387 402
109 465
405 843
780 317
718 114
574 973
196 829
860 380
85 748
829 184
2 652
69 715
331 776
902 784
789 149
205 352
924 524
223 499
781 365
799 654
278 416
390 450
924 895
926 433
700 855
163 486
316 421
540 241
531 261
348 888
998 913
384 358
546 877
23 404
226 699
417 898
1 720
557 645
314 674
346 161
522 10
172 631
126 498
761 46
215 572
256 397
888 530
148 235
821 425
708 567
655 56
111 256
332 992
645 683
350 244
217 317
753 698
240 634
126 358
888 185
841 859
980 681
16 355
565 770
303 85
341 171
634 963
817 462
305 713
676 20
75 756
178 407
905 803
647 862
413 164
867 622
31 831
945 200
486 452
673 156
175 929
291 2
411 453
427 322
187 100
407 764
627 742
734 707
428 908
548 352
584 965
701 910
612 109
93 24
68 923
667 108
301 174
304 315
553 57
729 623
910 255
481 427
972 334
464 914
679 42
171 947
238 445
442 705
499 771
96 203
833 944
677 54
930 509
969 673
707 813
113 572
232 52
154 483
937 982
403 404
739 88
800 741
62 403
422 313
644 608
124 101
480 615
654 363
729 338
563 188
892 845
941 527
14 595
679 165
98 298
395 471
756 276
96 780
990 957
709 844
300 861
231 644
992 573
325 990
663 788
507 3
478 72
62 773
784 362
263 908
405 701
930 264
551 492
751 687
198 243
147 139
981 49
682 51
602 778
705 318
660 760
737 574
661 425
429 524
621 589
38 793
346 627
676 731
146 36
113 13
575 816
158 799
20 100
460 15
784 984
213 364
491 506
65 409
803 744
456 179
217 226
174 765
198 615
192 157
766 642
202 894
862 843
881 157
641 494
221 20
822 844
646 702
811 357
595 275
735 44
668 597
249 583
993 445
683 833
209 95
497 270
320 887
649 770
771 90
296 866
562 101
970 894
794 115
206 33
162 507
723 143
630 340
706 134
324 69
697 788
533 893
499 170
672 417
410 739
854 528
97 198
402 563
908 439
131 8
245 122
654 911
735 931
411 11
104 366
343 344
36 191
991 986
327 949
326 2
465 10
821 716
668 335
540 974
619 842
853 906
663 527
606 917
643 750
303 826
321 576
817 297
428 792
128 894
840 132
596 240
392 820
418 777
590 857
403 582
318 747
110 674
492 147
996 308
158 426
365 360
132 640
446 542
250 617
365 554
645 461
886 727
473 950
826 540
681 676
881 290
39 958
638 710
50 628
535 852
38 823
306 148
589 725
483 449
97 253
347 69
959 602
313 489
949 821
873 253
851 857
501 991
883 547
978 205
898 156
13 889
823 909
342 772
53 749
838 107
4 24
907 244
508 354
886 943
698 136
920 762
405 873
50 636
863 949
96 406
374 770
940 103
466 341
774 367
225 612
961 357
334 907
234 123
959 122
701 935
728 705
203 434
53 30
890 856
141 751
876 656
541 269
639 949
103 56
537 82
263 22
737 58
298 412
175 944
741 370
980 850
339 446
507 253
528 83
524 27
596 786
793 315
600 595
305 208
495 682
80 558
536 738
545 964
874 114
85 502
417 503
1 459
880 34
533 839
59 286
325 758
488 827
216 654
178 671
288 148
325 793
561 454
252 936
531 590
377 514
197 266
399 693
323 463
944 491
594 899
760 964
509 609
756 413
958 50
376 705
423 405
583 633
964 167
746 395
346 524
355 916
361 21
517 538
484 274
490 225
181 199
169 166
555 542
174 449
129 881
980 67
670 500
983 421
888 410
118 274
784 175
308 464
34 802
931 50
980 924
643 261
901 156
279 595
576 219
976 801
254 609
900 918
552 898
81 243
351 20
30 274
486 931
193 359
273 837
733 212
726 527
418 941
386 882
673 182
988 706
30 878
997 346
340 786
340 504
927 975
654 912
374 855
242 497
120 336
488 755
641 516
224 789
678 494
857 154
357 738
577 373
724 805
344 66
320 262
518 139
35 423
108 89
698 9
597 358
193 815
282 960
301 907
741 953
659 624
617 388
363 988
345 787
166 727
531 78
747 523
493 910
189 583
559 803
221 402
712 709
963 946
591 829
98 496
899 757
355 531
603 367
565 987
680 369
638 864
618 104
215 213
850 886
604 332
525 661
420 898
521 824
998 718
639 742
335 514
81 216
281 162
470 721
180 824
303 93
245 32
584 662
380 77
946 85
993 780
585 626
143 391
867 390
709 392
49 762
332 675
199 418
270 956
722 428
98 239
64 811
980 879
676 810
730 521
69 382
585 945
519 518
233 253
72 347
100 309
234 725
68 484
462 165
502 580
879 198
215 540
183 855
548 658
638 315
430 930
60 440
939 5
860 887
711 547
246 394
547 43
477 206
143 810
635 134
569 755
508 334
766 976
806 953
737 468
744 229
595 505
350 758
79 557
633 388
11 556
337 995
688 660
376 531
728 65
813 343
234 960
494 293
745 769
789 263
424 211
414 453
876 635
828 514
907 640
973 226
566 745
264 780
166 674
213 692
91 153
821 30
542 138
151 613
822 139
266 340
833 264
707 889
806 463
797 761
227 166
554 730
937 743
37 622
625 291
982 43
349 751
350 357
590 234
205 294
96 99
763 464
515 232
413 708
328 683
542 841
909 248
782 286
45 707
116 191
156 921
834 261
711 307
768 543
482 935
836 68
775 191
433 363
491 404
455 329
191 953
52 774
759 912
552 79
793 971
636 679
120 256
962 346
223 588
186 710
161 208
329 775
986 535
573 717
389 711
45 565
442 33
813 247
796 186
761 809
47 154
813 327
506 811
775 100
153 56
960 343
695 974
490 565
405 402
969 907
386 816
18 336
234 622
121 681
136 677
270 424
80 437
845 681
527 852
943 324
46 428
912 65
823 358
166 326
614 633
719 256
293 213
630 317
626 930
122 740
881 450
476 864
767 437
566 572
918 774
600 945
258 591
736 552
757 359
757 2
14 594
94 287
728 170
879 929
67 580
245 776
908 262
378 707
190 728
398 992
647 992
788 931
849 72
174 902
704 711
624 586
62 80
285 787
950 234
465 12
657 543
957 143
218 333
391 901
435 294
69 579
62 5
142 565
303 809
949 16
854 560
315 121
995 629
398 305
839 115
880 918
74 233
108 705
629 556
386 749
710 841
264 310
528 417
718 477
332 845
849 250
574 570
941 543
15 244
51 398
785 507
130 45
318 771
956 643
742 444
784 950
2 853
88 303
958 959
221 312
625 928
920 896
794 448
425 163
726 758
670 361
573 221
556 384
867 469
572 926
729 66
152 174
239 144
926 586
678 506
633 692
893 505
158 552
811 968
510 230
686 61
257 834
891 776
733 502
879 364
316 906
853 728
819 120
142 925
239 211
163 941
879 732
707 870
38 60
85 394
212 967
38 849
525 189
625 462
247 561
583 625
298 653
354 865
448 842
153 997
646 57
950 192
853 18
277 820
815 458
590 787
171 718
981 613
328 255
859 987
510 324
470 617
58 697
988 468
415 229
935 139
287 79
565 493
115 259
548 127
425 487
693 108
384 572
788 132
725 55
676 750
744 988
724 93
755 990
303 447
646 667
725 769
914 799
882 344
733 675
787 307
680 337
590 967
934 522
940 206
949 327
535 751
352 610
457 515
753 251
836 545
823 647
238 93
203 245
431 508
118 189
893 398
652 856
333 118
875 366
353 154
702 862
312 48
45 482
540 830
255 776
579 421
713 754
817 692
187 674
797 821
15 588
60 230
640 381
710 55
406 430
165 361
502 948
713 744
703 719
829 306
279 948
146 585
604 682
589 957
966 930
570 928
54 142
276 982
667 301
637 592
832 312
592 556
161 58
22 387
865 748
509 492
409 435
699 35
939 254
517 403
440 271
63 652
649 531
243 205
377 272
609 358
463 243
217 71
565 764
532 945
940 145
89 61
897 150
243 155
860 427
421 23
164 289
935 883
803 141
898 902
60 118
892 768
162 210
652 482
813 75
515 98
374 408
723 578
139 25
182 23
784 780
393 548
742 338
616 15
90 599
450 932
132 1
511 60
291 637
826 935
858 199
223 133
737 859
795 612
473 81
194 355
317 374
457 550
162 141
911 10
553 743
16 58
30 534
924 169
199 602
670 395
258 60
702 706
605 40
334 3
975 430
735 84
295 262
413 639
656 603
12 879
373 753
934 113
657 310
188 15
355 486
685 780
904 393
513 464
882 222
917 165
208 488
776 52
703 182
613 712
371 6
807 190
216 824
199 843
204 241
486 210
13 873
460 666
925 208
872 344
943 291
421 650
285 54
551 187
268 646
623 757
522 108
464 522
597 198
650 934
608 601
456 611
608 541
110 386
881 576
3 35
80 145
484 446
318 225
446 25
583 217
409 777
37 718
852 973
914 53
218 231
252 124
767 332
778 306
777 390
929 372
475 162
778 749
992 390
705 602
475 423
906 252
825 283
385 376
928 95
688 676
685 763
895 307
687 130
923 185
944 228
221 975
661 369
378 110
843 478
354 526
528 181
389 208
686 703
343 758
282 400
649 70
232 64
91 600
530 222
932 315
861 17
833 253
202 827
349 157
831 99
961 976
782 859
928 288
348 710
58 672
171 833
130 398
465 104
810 808
222 205
896 950
284 388
67 714
743 38
166 143
236 385
634 14
129 259
436 727
482 516
707 379
642 135
783 896
979 379
321 799
508 82
512 233
150 290
81 762
658 744
834 817
786 237
407 828
999 611
619 174
993 404
743 468
849 477
916 60
138 250
14 104
999 775
717 455
747 533
900 541
14 927
612 811
973 854
313 446
26 209
54 738
582 5
616 139
173 797
280 25
523 162
598 466
72 409
485 972
709 775
919 708
838 66
849 337
242 930
394 68
774 57
712 115
76 315
633 341
215 278
452 445
61 560
897 383
658 685
234 485
453 477
872 626
810 612
469 835
130 919
801 525
303 859
721 749
244 366
132 815
821 67
503 612
28 126
781 610
183 727
659 459
435 878
771 112
941 602
43 993
702 52
957 663
365 221
830 385
422 990
619 423
192 801
850 778
575 28
758 52
554 239
849 182
57 106
624 573
915 782
598 312
686 874
641 137
719 755
773 931
690 637
566 308
122 992
668 786
172 69
840 390
824 833
128 257
55 152
448 954
152 748
548 418
802 958
810 507
842 998
766 613
99 771
934 82
379 8
415 921
74 226
937 69
89 816
743 645
925 944
871 79
118 453
125 174
860 810
46 867
264 738
813 152
454 402
513 168
288 272
373 280
187 86
231 693
551 847
925 40
169 850
896 481
705 900
470 341
196 454
410 234
82 719
383 804
210 223
960 535
950 214
723 422
135 143
962 102
858 117
332 838
674 570
28 990
765 6
32 547
761 755
328 366
7 955
56 185
44 482
24 226
368 451
979 630
568 142
719 622
261 76
821 434
777 596
214 424
503 377
664 929
453 219
830 253
459 692
866 929
747 331
662 987
321 107
484 644
451 382
356 422
414 529
977 961
506 51
620 498
963 301
135 22
107 768
490 267
334 107
221 902
445 320
604 183
607 995
883 758
826 1
779 746
45 640
334 128
125 119
645 900
782 953
719 582
76 746
756 773
683 501
22 462
54 755
942 426
452 436
720 532
499 791
776 338
119 630
628 413
182 284
490 994
958 735
633 359
614 659
771 847
536 981
890 289
137 661
766 160
371 213
561 814
503 31
246 651
581 536
789 354
137 48
897 883
663 965
502 412
717 568
546 493
482 314
342 344
735 983
368 237
810 531
599 711
853 358
979 941
867 627
946 439
720 269
751 573
505 940
165 340
806 879
47 514
373 374
252 729
906 387
394 807
211 218
451 698
923 690
829 212
8 751
478 940
794 864
954 19
343 898
378 36
839 585
444 383
485 949
909 103
229 803
562 520
229 271
373 376
51 188
163 470
340 846
609 149
495 394
769 216
99 831
106 466
755 865
61 695
72 392
204 544
487 278
177 95
983 148
973 681
503 845
315 19
17 193
110 317
618 1
501 74
327 588
525 255
695 491
630 686
518 664
753 534
161 852
106 309
88 995
927 271
751 101
345 841
837 943
551 775
838 613
506 826
185 451
506 471
939 435
338 884
353 953
116 677
607 108
42 683
297 747
781 908
612 733
369 559
956 23
234 815
498 433
130 553
827 137
904 968
943 811
916 99
963 224
260 328
643 99
494 533
424 388
71 997
826 944
657 159
26 727
455 217
515 209
290 979
566 993
84 20
535 160
172 591
189 35
341 492
670 577
55 884
200 883
762 137
576 372
139 697
877 388
531 212
326 762
291 614
960 646
166 818
807 979
147 926
182 201
252 904
521 171
628 433
736 887
276 69
96 196
526 264
796 982
932 107
722 965
790 881
100 237
690 762
268 369
48 264
341 978
815 215
576 216
591 1
912 710
400 439
476 187
784 886
112 473
72 935
95 896
890 351
727 651
662 192
996 345
948 885
433 761
23 886
73 721
175 647
701 313
125 80
216 492
29 730
938 887
237 784
762 595
74 803
861 494
313 513
337 829
650 153
866 517
950 804
803 939
388 12
225 782
922 942
106 360
511 583
400 641
194 169
836 899
231 875
416 721
4 122
128 698
581 931
192 910
132 898
886 811
497 428
711 659
837 577
68 966
760 92
322 631
607 156
36 73
43 354
345 0
633 229
497 739
192 896
551 319
949 30
461 437
996 653
359 384
554 668
333 678
252 48
529 73
600 626
998 366
356 807
445 411
476 121
184 20
417 737
13 948
893 964
996 627
958 856
999 855
489 673
913 673
153 547
720 740
643 552
35 152
561 415
740 691
301 854
617 744
307 924
651 966
800 270
527 513
764 126
590 391
692 304
655 127
360 380
528 617
863 295
42 782
960 327
90 177
453 627
475 477
950 789
217 602
444 297
513 444
171 24
486 575
452 39
552 367
194 499
114 666
580 56
719 371
216 494
736 964
166 471
110 517
94 153
821 279
513 884
945 952
308 372
689 653
96 59
667 251
904 845
392 970
110 59
191 414
514 795
779 144
67 840
646 867
387 518
974 689
321 655
305 154
504 141
482 468
369 588
225 116
531 147
542 515
475 987
974 454
869 147
599 435
311 108
658 801
773 482
639 762
837 531
314 599
35 52
751 802
875 707
532 620
116 435
535 867
872 280
884 381
25 977
931 564
104 65
532 516
157 783
154 472
975 951
648 228
831 823
275 401
890 522
475 106
699 647
567 206
977 485
721 720
922 256
240 648
240 657
241 244
716 360
538 131
795 928
31 194
358 231
632 666
785 199
770 162
920 36
550 440
345 609
324 138
611 591
668 594
717 359
582 380
11 594
696 438
813 958
753 882
118 602
838 485
588 374
429 144
435 205
841 505
109 488
927 641
197 745
876 820
39 353
776 50
754 614
694 620
661 60
724 365
399 876
430 797
829 999
151 518
480 990
936 166
517 881
986 327
787 711
533 804
611 418
531 598
917 439
724 181
878 351
835 337
211 562
454 891
138 550
813 888
426 514
154 39
277 7
537 639
303 11
391 910
401 156
1 947
1 232
674 841
646 529
672 266
967 381
178 103
489 804
710 327
739 497
357 403
709 614
706 991
618 731
432 249
635 486
101 444
526 843
535 835
694 628
607 190
42 758
527 206
103 918
653 950
643 859
934 279
342 405
419 587
525 563
62 957
847 962
854 808
442 616
904 827
585 733
593 606
189 62
37 377
769 659
587 734
595 918
227 381
284 751
284 503
951 815
820 328
290 934
273 878
172 874
755 544
178 737
660 530
739 957
685 134
101 33
261 246
522 55
955 540
83 727
779 285
558 600
725 761
469 706
139 748
70 201
396 943
134 994
580 988
738 402
659 881
983 459
125 158
788 559
248 713
345 519
398 400
498 487
440 274
615 869
846 335
125 464
928 286
906 422
26 450
140 256
888 114
149 798
419 978
345 594
787 240
151 551
495 926
936 114
641 97
578 28
720 48
327 364
309 846
946 825
857 986
1 841
85 221
218 292
64 372
487 756
862 388
322 645
605 160
730 678
613 936
926 143
66 86
837 457
501 226
453 110
439 396
59 933
468 299
771 301
544 769
674 392
405 993
184 813
308 930
486 668
87 391
31 899
330 445
860 26
138 458
57 786
253 242
395 197
882 499
306 164
601 681
254 974
807 461
998 503
694 978
900 579
258 11
656 796
510 177
623 598
551 447
984 767
264 954
368 768
982 20
991 493
233 362
177 730
597 752
923 70
785 392
753 31
0 816
656 330
645 448
98 795
997 795
274 12
419 169
732 421
63 709
588 532
914 827
721 229
224 822
799 684
661 602
973 596
930 873
414 994
44 475
857 648
911 560
14 218
815 174
879 780
709 678
956 403
798 881
152 321
539 920
126 509
910 526
17 656
355 204
515 465
0 977
515 801
926 885
436 43
503 794
177 849
188 280
783 772
277 999
757 519
87 815
612 255
574 839
838 76
281 200
370 65
199 553
260 398
104 686
710 572
715 774
490 323
439 534
704 277
661 320
510 561
312 810
943 6
804 926
842 265
913 380
723 484
60 670
803 467
408 837
907 73
136 229
109 821
852 915
928 207
740 242
499 135
824 963
71 208
751 973
108 952
729 84
213 426
23 335
27 14
211 831
531 3
328 188
238 390
719 442
819 36
240 212
198 506
849 580
806 818
143 106
251 741
647 622
884 91
797 766
683 296
428 903
910 454
92 884
535 580
954 623
81 22
933 303
968 858
22 880
591 405
429 928
651 736
593 678
268 67
770 425
747 640
625 7
13 225
528 149
803 952
336 253
542 855
821 865
399 197
309 992
496 30
506 255
884 645
756 725
946 814
354 157
308 348
948 196
353 806
171 658
680 168
557 79
263 100
246 643
652 133
560 26
808 365
903 920
977 273
902 923
913 354
859 702
779 364
553 799
887 832
123 971
420 434
315 513
808 474
456 731
851 52
119 165
688 697
785 356
196 98
319 854
317 359
926 685
959 625
969 234
504 735
827 539
364 2
775 574
246 274
662 789
890 798
249 651
0 944
816 228
408 109
659 28
602 497
635 893
944 474
783 390
811 339
756 661
820 367
471 165
815 683
99 516
100 955
963 556
442 142
455 987
700 727
424 758
585 659
145 572
881 939
909 581
501 191
922 16
787 454
228 371
845 715
658 472
418 517
401 132
120 683
151 318
459 164
778 178
770 699
802 427
85 16
817 800
457 935
394 360
883 492
730 711
708 714
657 13
134 315
345 928
245 580
25 24
301 932
993 813
456 664
270 954
401 703
809 542
981 828
114 704
583 174
853 965
381 363
822 225
614 557
163 91
986 223
644 942
122 754
874 923
281 434
871 908
112 203
491 113
591 305
26 941
750 764
457 463
695 555
670 981
622 414
704 898
215 616
460 812
730 99
337 95
794 753
367 281
852 560
318 489
792 190
780 759
332 660
256 267
817 51
968 909
226 1
119 73
722 983
635 909
964 589
492 421
123 241
213 672
448 499
632 664
163 764
633 177
471 968
938 821
84 587
539 24
238 689
663 984
593 465
837 238
878 979
555 30
46 279
274 516
211 500
894 576
715 138
350 88
362 887
547 863
112 849
666 496
210 525
658 426
450 614
33 984
500 22
385 453
170 296
222 176
108 316
645 219
591 678
774 740
727 338
449 845
714 738
284 331
926 704
161 802
638 946
846 489
571 84
882 443
135 827
560 115
792 427
610 259
583 380
308 636
625 6
913 496
468 191
636 935
709 801
808 508
94 261
16 933
690 35
164 458
743 602
937 217
127 442
415 349
908 703
935 737
388 930
642 216
957 340
763 397
513 429
216 32
850 331
96 353
915 311
201 800
474 117
939 954
812 668
197 736
960 472
639 960
846 479
634 154
864 686
296 201
44 238
718 559
133 465
771 381
639 25
455 723
87 718
285 446
833 102
339 511
141 976
447 568
947 457
992 20
820 701
821 565
735 293
868 84
932 407
405 533
967 687
398 187
560 156
835 637
928 501
782 986
674 942
361 908
673 102
513 695
964 411
36 392
859 171
531 105
864 778
7 143
140 125
282 543
64 303
995 528
895 333
173 401
609 145
700 178
720 297
752 183
556 100
390 260
154 158
871 522
301 896
356 205
23 772
879 803
713 786
318 458
553 18
133 480
77 753
404 161
759 367
903 53
57 694
727 241
556 331
552 102
364 987
55 787
916 246
276 589
270 590
778 958
735 203
161 768
749 258
854 521
211 856
656 513
361 546
94 217
536 248
384 450
266 474
368 449
771 764
495 440
533 831
730 948
98 852
36 976
49 751
888 479
178 768
947 973
516 338
367 483
178 229
39 386
777 719
194 639
891 75
6 578
658 933
263 850
246 304
869 65
347 198
24 477
847 449
722 912
748 717
929 910
203 629
965 265
872 58
199 938
105 708
11 322
713 957
331 961
835 687
897 529
674 941
31 33
931 428
328 216
664 917
900 878
350 49
649 366
519 275
949 882
403 974
960 113
480 691
500 457
844 490
181 110
682 895
971 452
186 381
208 134
765 383
570 790
725 474
90 967
972 137
700 136
428 431
695 22
34 501
493 443
292 225
576 695
408 660
968 309
32 562
572 67
9 683
301 955
489 55
385 921
937 38
531 176
359 312
326 211
188 645
657 562
506 346
547 492
223 562
308 275
700 677
719 429
798 236
248 0
27 797
280 988
776 619
708 222
310 704
337 356
529 572
898 687
598 599
711 584
205 358
504 559
516 150
354 630
291 81
620 19
846 162
249 225
640 268
92 59
988 504
801 576
334 279
920 322
607 79
626 92
312 623
799 324
475 414
822 274
952 539
577 331
443 153
670 888
839 160
448 783
930 41
541 386
353 678
800 665
970 344
917 82
119 332
181 396
280 821
85 566
237 465
251 215
825 849
455 725
336 836
831 696
275 209
151 392
974 613
321 49
359 816
852 599
629 845
593 6
122 297
171 290
470 903
154 523
406 102
709 332
442 199
902 998
920 968
26 737
353 952
603 785
739 848
799 255
973 214
954 392
10 250
380 759
871 563
257 947
704 846
497 578
782 652
515 394
772 298
62 853
208 435
318 588
983 27
461 702
876 273
138 556
544 251
886 550
126 494
986 35
660 588
264 145
229 433
646 416
19 329
820 486
497 244
797 990
963 290
876 805
685 656
680 808
848 847
528 38
180 833
330 814
723 521
655 376
416 674
337 870
888 89
110 625
440 382
620 236
173 153
228 283
116 133
545 876
129 579
771 87
876 604
427 192
597 307
229 481
505 594
472 41
977 526
711 591
306 861
147 855
267 441
186 350
247 105
371 596
23 100
222 899
452 593
501 178
558 781
866 978
645 398
963 999
419 179
624 912
842 691
823 654
957 124
631 381
292 79
753 549
978 781
683 812
441 810
71 497
79 842
936 406
215 981
931 210
312 245
287 61
447 418
984 875
790 55
490 745
790 652
538 467
56 215
758 187
837 225
736 224
488 798
843 786
779 620
836 90
605 930
226 174
998 840
69 643
554 148
956 486
692 695
988 69
633 86
423 67
906 612
108 982
895 89
191 800
401 815
264 402
762 531
155 349
267 358
345 700
601 746
457 117
387 765
143 476
816 257
552 87
311 897
187 553
321 160
104 503
827 238
129 987
510 291
918 702
744 255
562 135
539 566
710 641
778 187
875 680
319 690
551 276
536 692
546 47
797 543
783 478
85 825
421 813
221 284
895 396
4 722
229 771
161 837
170 657
822 311
734 963
409 729
691 492
723 543
946 699
950 382
898 21
294 668
985 622
41 666
179 709
765 188
384 343
896 37
245 863
301 777
702 777
447 802
670 413
657 359
931 950
163 134
471 928
999 125
951 598
469 322
229 387
676 624
117 493
703 772
687 714
156 393
268 940
491 147
280 101
711 905
783 447
54 518
382 961
365 784
761 278
277 525
442 422
963 651
759 647
424 150
920 816
752 896
583 656
604 220
137 207
310 636
206 99
647 106
90 650
282 606
328 240
559 195
485 22
269 337
555 666
830 725
410 315
877 43
510 17
871 886
539 317
267 28
189 555
171 361
537 647
322 534
125 622
893 595
32 372
423 770
100 325
963 455
50 368
909 714
357 113
397 485
527 875
883 656
265 777
144 421
662 572
805 886
815 40
76 362
905 858
682 449
963 132
757 57
158 690
364 606
618 277
963 938
364 716
791 360
463 305
837 114
646 504
854 715
385 164
808 428
828 954
119 53
682 388
818 656
330 887
386 406
673 974
268 174
630 108
402 423
953 535
191 951
229 153
820 3
167 847
967 584
210 824
732 570
787 308
934 180
630 908
800 181
563 688
787 126
101 911
409 970
53 571
56 88
601 711
799 918
367 889
953 946
687 934
100 486
508 785
172 40
108 346
849 987
823 976
111 811
175 887
713 180
110 354
194 616
154 808
583 358
770 396
560 378
47 38
652 444
183 739
278 5
121 837
303 302
644 752
927 45
171 986
245 279
813 403
832 984
620 162
577 479
996 279
404 932
475 270
807 577
917 233
124 47
917 903
393 924
4 639
503 862
50 504
423 18
53 278
177 530
22 456
652 471
814 963
394 726
694 199
349 235
991 58
552 637
443 449
673 542
985 787
304 74
400 586
818 820
610 2
764 274
661 563
303 357
938 968
337 668
909 641
691 8
618 484
598 171
320 131
108 983
859 289
314 368
753 468
584 314
866 229
970 580
655 232
358 293
510 459
948 993
141 728
926 470
983 630
100 783
211 351
671 422
786 228
812 847
610 807
254 473
872 230
777 781
970 527
147 187
408 948
965 928
121 205
691 107
641 699
420 346
522 251
400 310
64 387
541 369
638 760
413 535
68 402
331 763
311 539
801 618
607 384
477 462
944 922
781 63
7 731
776 455
585 795
28 424
549 450
404 41
801 125
523 124
566 930
371 486
859 771
179 142
889 936
20 960
454 894
653 115
798 972
495 919
813 448
184 932
85 206
336 241
590 776
184 196
833 60
969 172
142 675
722 507
432 862
279 147
132 723
810 571
725 375
560 685
464 86
977 714
367 709
867 752
589 775
420 822
596 787
275 300
3 560
367 542
551 113
544 668
537 844
869 382
396 155
937 954
934 271
407 425
791 359
653 401
37 320
326 750
125 156
917 24
134 329
937 193
460 109
348 726
205 237
576 395
640 989
10 749
104 517
924 157
53 127
38 746
209 761
462 628
903 663
750 33
520 30
301 455
334 141
705 637
402 484
355 726
610 705
133 132
845 598
949 423
172 506
172 719
89 561
936 92
824 840
886 782
637 324
390 309
987 254
540 614
581 440
215 389
793 261
671 300
638 489
577 128
384 181
348 709
92 53
679 618
916 375
367 585
712 519
642 775
52 965
11 699
700 96
389 744
723 313
914 9
724 97
213 362
648 696
252 373
629 741
35 855
217 687
193 8
422 861
88 362
830 688
496 38
921 870
786 713
646 673
741 716
470 182
35 900
692 701
441 901
430 65
983 192
903 132
40 560
240 945
642 845
653 18
488 471
960 278
415 787
89 198
900 193
946 384
931 943
611 927
127 431
452 442
687 64
159 293
286 501
205 411
490 918
14 662
699 310
834 955
488 771
70 660
3 648
733 301
456 827
504 832
330 683
552 186
65 924
387 690
178 648
965 314
826 149
147 317
576 144
697 703
58 156
792 908
581 600
258 782
740 657
878 798
993 866
55 354
339 665
557 814
410 503
387 206
236 60
479 694
813 700
146 730
148 89
981 904
848 189
112 498
226 604
745 722
330 190
711 5
548 590
431 441
697 318
563 386
362 65
832 800
82 680
419 521
274 356
346 93
902 310
168 3
471 418
926 848
696 593
754 417
240 975
193 122
41 903
189 602
671 449
536 160
633 615
904 800
901 411
345 386
986 305
153 385
719 79
984 936
334 185
299 609
463 853
632 219
10 597
122 760
843 694
204 150
900 973
790 440
992 431
187 834
474 695
115 531
226 321
141 733
616 154
1 452
837 703
328 693
184 818
54 270
768 296
104 117
301 843
653 825
959 3
542 174
181 193
765 106
810 987
262 444
23 685
172 590
830 820
114 972
760 859
699 829
470 29
971 404
574 576
630 823
288 73
19 369
388 394
800 193
41 274
323 149
235 459
341 283
780 895
587 709
653 14
727 270
599 391
525 863
127 600
185 93
40 369
705 607
12 923
783 175
980 264
160 274
50 75
29 520
882 466
222 48
301 64
128 58
258 636
816 953
0 661
202 6
367 946
576 160
670 302
101 784
427 914
204 616
870 63
279 557
542 87
988 781
274 524
259 675
105 403
781 163
826 954
213 618
141 246
