1000 5985 3000
14 7 15 20 7 22 7 13 21 21 22 25 20 6 18 14 7 16 5 24 14 14 12 9 5 13 14 23 20 21 11 13 11 13 21 25 9 9 11 13 20 21 18 17 7 23 6 11 22 19 5 14 8 21 22 24 24 7 11 8 5 19 7 14 7 7 15 8 12 12 9 7 17 18 9 10 24 12 24 23 7 12 8 11 8 6 10 11 22 8 5 23 23 10 14 18 14 14 12 7 10 20 21 11 8 24 15 18 25 13 11 5 10 19 16 13 13 12 15 6 24 19 6 13 24 15 15 14 20 20 5 9 22 25 22 20 17 21 7 23 24 7 7 21 7 7 19 15 7 10 25 20 19 6 9 25 10 24 17 16 12 6 24 16 16 23 16 25 19 23 21 25 7 13 19 24 5 6 10 9 21 23 14 14 20 10 10 13 21 9 5 14 8 8 8 13 23 6 10 18 11 22 21 25 7 6 15 24 10 16 17 13 11 20 6 17 15 20 18 11 7 18 21 20 14 9 24 13 17 22 11 20 11 17 11 16 23 13 23 17 17 21 18 18 22 15 24 10 18 22 22 9 24 7 5 9 5 20 23 23 15 24 5 13 22 19 20 20 16 11 10 9 17 10 5 21 12 24 18 10 22 5 14 12 18 19 18 19 8 15 24 6 18 18 19 14 14 11 6 15 5 9 24 17 14 20 15 10 25 17 25 22 23 15 21 17 21 21 6 23 15 5 15 10 7 10 14 5 22 6 7 23 15 23 15 7 5 25 25 21 16 19 6 6 23 21 17 13 11 9 19 12 5 12 20 9 10 23 16 16 6 22 15 17 24 18 13 16 15 14 23 17 22 11 9 22 23 12 25 14 10 8 22 13 9 11 10 8 17 14 6 18 10 14 5 25 7 6 11 24 15 16 5 12 17 25 20 19 14 6 7 17 21 6 16 12 11 10 22 8 7 16 11 22 19 25 8 20 25 20 6 11 18 24 20 18 9 13 22 17 25 21 23 20 9 8 10 7 22 10 20 21 8 24 17 23 12 12 9 5 16 23 7 5 17 23 14 12 25 6 15 22 13 24 7 12 7 7 12 19 22 7 15 23 24 23 17 22 16 8 14 15 18 22 22 20 22 15 8 5 18 16 23 13 23 8 25 11 16 14 10 19 19 19 23 16 12 19 13 25 14 6 7 9 10 25 8 14 16 11 19 24 15 24 5 9 9 8 16 25 7 10 21 21 7 10 15 23 6 7 21 10 13 8 18 25 7 24 15 6 6 12 11 21 24 25 20 17 16 6 19 15 19 17 10 6 9 16 16 19 17 20 14 20 17 8 18 16 24 8 21 14 16 10 8 11 10 24 21 21 15 5 18 12 10 25 8 6 18 16 6 5 13 14 7 24 15 6 10 6 16 11 10 6 23 23 20 9 7 14 8 22 24 12 16 15 8 11 18 16 25 8 5 23 15 15 21 22 15 22 5 11 18 7 14 10 22 23 17 19 7 20 18 20 24 18 12 17 9 23 11 24 20 5 19 16 9 22 23 15 10 22 20 25 23 15 7 8 22 25 24 9 24 24 17 21 19 17 7 9 24 5 16 6 14 10 17 5 6 21 6 21 21 16 12 19 16 15 12 11 25 18 22 20 24 10 13 10 20 8 5 9 10 7 9 11 10 18 23 16 8 22 23 23 21 20 17 25 14 25 25 14 23 24 11 13 6 21 5 23 14 25 11 8 14 6 15 8 14 20 23 14 19 9 8 25 17 7 22 18 22 19 9 15 21 12 20 8 21 19 6 12 13 16 19 11 18 24 21 10 18 14 12 6 10 8 10 21 22 17 6 18 24 12 11 16 21 13 14 13 5 12 18 8 23 14 10 23 24 16 15 15 20 20 22 8 5 21 21 7 16 25 25 15 14 13 22 19 15 16 22 11 16 9 11 23 22 18 17 14 12 8 8 18 20 10 24 23 22 23 12 24 15 13 5 17 7 5 25 13 23 24 14 10 15 6 5 22 22 6 7 13 18 21 25 13 15 21 9 13 10 6 11 24 8 7 8 9 15 20 7 8 16 6 7 25 25 19 14 19 14 5 8 20 23 16 22 16 5 21 18 13 22 22 20 24 20 13 22 7 10 14 16 22 5 21 12 10 5 7 7 16 19 25 24 23 20 20 18 9 11 19 21 21 5 17 20 15 14 24 19 21 11 15 18 17 20 7 11 21 9 23 22 7 9 7 5 13 14 9 24 6 24 7 22 6 12 18 6 24
3 15 11 16 14 12 19 7 8 7 10 13 8 20 8 8 16 11 6 10 20 7 12 3 17 14 15 10 10 18 16 7 18 19 13 16 8 9 11 17 19 5 9 3 14 11 19 8 12 9 13 13 14 16 7 14 14 9 4 9 6 18 4 15 19 12 16 16 14 20 15 19 20 5 10 15 9 6 14 11 16 18 4 8 17 19 19 20 15 13 15 6 10 18 15 9 20 14 9 20 12 3 8 20 19 20 16 8 15 9 18 19 3 16 14 19 10 13 8 3 9 3 6 8 12 13 20 17 5 4 16 19 17 7 20 12 9 4 7 9 7 20 16 13 19 3 9 16 4 10 15 14 11 10 6 7 4 3 19 9 17 10 9 17 4 3 13 18 20 16 18 13 6 7 12 17 9 7 13 16 18 12 11 3 20 13 3 10 8 4 3 8 20 5 3 9 8 13 10 7 12 8 5 13 3 9 17 14 7 15 5 16 4 10 7 12 16 15 5 17 11 20 20 11 6 11 10 19 19 19 5 3 11 4 18 11 7 11 16 6 13 9 4 20 9 14 18 14 6 7 10 4 3 13 3 12 20 9 14 10 10 19 19 6 14 20 7 12 12 6 6 4 14 5 6 15 11 7 19 6 12 5 9 16 16 9 11 12 10 12 3 12 3 6 14 19 13 8 10 11 20 4 18 7 11 15 17 4 13 18 6 15 9 6 6 6 8 3 17 12 18 10 13 10 17 12 16 11 10 3 7 12 7 11 5 17 8 17 9 10 8 20 11 14 18 10 15 10 16 3 5 7 10 12 13 20 7 5 4 16 6 18 4 5 16 18 18 6 5 12 14 17 3 3 17 15 17 19 17 4 15 14 17 7 17 6 14 17 10 19 6 3 10 6 11 9 10 14 9 20 18 11 16 9 17 15 7 13 14 10 10 5 8 5 14 15 12 14 3 18 11 16 6 20 13 16 7 18 12 14 17 17 19 12 16 20 18 11 5 5 17 12 10 3 10 3 3 18 5 19 7 7 18 15 14 10 6 14 14 10 8 20 3 11 14 10 15 6 16 20 17 16 13 9 11 13 3 17 16 19 16 3 5 18 6 14 15 9 6 18 19 6 13 20 7 8 9 3 7 8 18 12 12 18 7 7 18 10 8 17 18 20 3 12 14 4 12 11 17 18 19 3 14 18 15 7 13 16 7 18 17 8 3 9 14 19 17 7 6 6 11 10 17 12 9 9 12 7 12 17 18 11 16 13 11 3 17 6 4 4 10 17 15 10 19 8 18 18 6 16 3 16 17 16 10 10 18 18 7 16 15 7 11 9 9 15 3 12 16 10 5 20 19 6 3 10 11 14 3 7 17 10 20 20 5 8 20 7 20 13 7 12 5 7 16 4 12 7 14 17 18 9 18 6 3 19 14 17 19 20 20 15 11 13 13 13 7 3 18 5 7 18 9 13 18 20 15 16 5 13 6 20 13 15 3 15 4 16 13 12 13 18 6 8 15 16 9 4 4 15 15 20 7 10 12 6 15 14 18 13 12 6 7 4 8 3 6 19 6 10 20 10 15 11 17 10 12 19 18 20 16 5 8 17 8 5 19 11 7 20 18 20 12 5 9 7 5 10 6 14 13 18 13 3 8 17 4 10 11 4 4 20 8 7 4 6 17 20 9 19 6 13 13 17 17 14 18 18 10 14 13 7 18 3 10 18 9 4 12 19 13 13 17 15 3 20 20 8 10 17 11 14 15 20 16 10 4 10 16 17 8 20 12 6 10 11 19 19 10 4 20 9 13 9 17 19 5 19 18 9 18 8 19 7 17 11 3 12 13 15 4 15 20 18 10 19 12 10 20 18 7 16 12 14 11 8 10 7 7 8 14 11 11 14 6 12 9 20 8 6 6 9 19 9 14 7 8 5 3 18 18 16 5 7 8 10 15 8 16 6 17 17 8 18 3 16 19 14 6 13 9 10 16 5 18 14 14 14 19 15 13 8 16 4 11 20 9 13 7 18 5 6 4 11 16 13 16 15 15 10 17 9 14 16 14 11 11 7 19 10 10 20 15 15 15 19 10 16 12 4 18 8 9 4 3 9 15 15 6 16 9 11 3 20 19 12 3 4 4 7 18 18 14 5 19 8 18 4 18 13 15 9 17 15 18 5 14 7 20 3 11 20 16 4 4 14 18 10 12 7 12 9 4 12 4 20 7 16 4 7 18 15 20 7 3 15 5 3 6 9 10 8 4 3 18 8 11 16 19 16
284 602
526 406
136 725
597 892
166 343
212 21
662 931
872 425
290 992
103 100
553 303
835 631
552 534
818 774
162 839
799 55
468 545
487 261
352 569
689 168
881 590
583 594
119 595
266 708
115 719
945 349
748 169
533 659
92 489
726 369
123 182
8 1
677 541
750 31
80 970
65 655
535 627
295 216
137 695
436 609
744 887
787 543
386 984
137 149
449 608
21 623
801 309
844 702
641 988
650 13
963 730
270 733
940 402
468 742
547 811
779 831
693 581
816 212
490 719
80 171
244 885
232 180
944 993
723 184
957 456
631 954
955 876
946 565
144 867
838 23
850 26
980 953
511 577
322 963
501 318
33 832
386 167
391 718
735 991
419 999
881 987
549 897
692 987
302 415
611 617
341 584
532 788
735 936
134 365
979 288
402 508
955 932
548 19
962 149
734 102
469 92
998 704
694 854
315 135
968 896
990 535
420 305
466 412
287 148
188 606
51 489
36 510
572 475
914 220
916 612
351 465
599 526
918 424
967 942
654 740
314 176
0 40
312 982
199 849
720 31
344 462
482 948
410 482
455 142
89 379
376 622
766 824
848 114
614 818
154 386
742 134
357 485
576 288
146 502
349 544
17 52
194 312
322 754
812 724
258 39
141 985
906 996
548 705
48 685
633 275
940 619
850 857
142 405
773 652
368 37
942 609
698 374
287 525
172 654
495 881
706 13
450 145
191 477
14 254
150 61
247 472
597 605
325 585
827 674
916 116
922 627
532 588
719 818
835 252
926 698
454 892
857 146
592 440
955 706
244 970
778 470
866 867
32 971
846 445
970 702
16 445
313 600
988 321
296 337
844 900
394 167
68 628
552 674
176 279
979 690
115 953
937 698
781 294
507 965
725 818
777 387
784 118
787 832
89 329
880 86
948 171
602 794
881 755
193 787
658 515
381 227
204 290
374 896
240 624
263 478
403 302
411 200
419 920
187 878
843 265
833 92
375 399
799 19
917 842
158 386
191 983
643 103
380 95
14 225
177 212
515 248
10 735
487 432
563 30
861 762
373 506
535 207
948 316
908 221
129 995
570 120
102 884
676 541
400 966
987 706
37 145
159 770
593 136
610 303
768 246
813 471
934 150
637 922
698 14
563 538
446 483
200 60
853 338
709 483
787 963
796 133
844 548
236 557
207 0
299 287
429 930
966 873
853 9
51 238
367 584
361 735
728 872
51 926
209 359
313 542
637 311
972 347
859 926
778 269
582 443
594 947
543 443
596 775
6 160
381 165
686 729
707 572
973 118
549 808
84 509
938 63
562 53
785 236
500 739
891 562
807 476
988 919
695 221
829 730
183 471
374 763
813 188
304 247
522 769
653 329
953 933
514 450
722 731
605 225
556 451
503 679
920 284
827 649
465 507
179 39
690 318
406 665
285 572
347 726
640 0
432 744
103 41
664 988
682 845
262 982
114 513
211 467
189 983
664 94
234 924
898 276
730 409
135 277
81 204
660 591
846 309
511 344
538 311
273 994
876 124
79 971
735 807
642 784
931 943
676 614
256 265
432 248
834 350
409 709
923 366
600 317
531 618
780 392
783 217
679 853
724 173
59 988
107 149
836 331
179 693
217 694
587 76
632 315
432 172
800 608
921 246
934 927
344 359
67 917
480 160
312 648
598 882
370 145
103 159
150 23
704 159
444 773
450 115
630 262
437 587
938 837
95 788
169 124
937 305
933 147
422 810
281 300
959 723
404 966
840 868
174 679
306 791
976 803
208 905
760 116
459 384
753 664
552 251
704 105
505 915
806 433
916 924
63 725
35 396
89 491
248 192
996 376
326 601
759 858
0 50
936 121
640 242
28 302
755 36
415 724
732 541
289 734
807 346
146 216
453 15
518 569
36 489
565 633
94 514
450 594
784 119
68 395
409 450
279 675
945 391
542 442
798 314
641 920
378 230
93 677
859 803
142 146
420 16
138 726
299 631
161 817
983 276
796 744
630 466
950 821
112 468
765 875
660 842
803 682
456 463
17 122
969 631
996 488
590 5
913 209
790 760
449 851
9 853
537 472
707 800
246 767
379 353
960 551
851 443
902 771
261 191
617 21
506 951
950 375
769 674
379 325
336 9
466 617
721 207
104 643
74 537
444 212
573 184
937 438
473 179
303 204
895 910
465 798
99 349
277 177
93 599
333 867
28 211
984 669
437 237
992 724
565 459
109 251
656 883
676 199
504 265
533 790
576 907
730 481
65 36
536 330
446 332
776 945
597 899
270 239
181 527
772 358
401 130
38 187
362 510
658 829
364 27
204 108
998 718
336 599
830 265
325 593
843 777
718 431
747 112
950 602
838 586
611 96
941 723
528 212
547 871
3 415
679 878
484 717
263 814
512 602
350 587
20 529
884 872
683 559
739 321
563 71
149 654
218 522
821 130
458 580
144 882
506 111
758 774
702 500
733 167
733 560
467 228
429 879
475 253
281 918
152 842
853 157
98 705
324 820
768 81
932 265
1 274
681 405
38 368
486 824
266 821
67 534
515 952
823 688
39 700
116 741
775 731
652 46
953 139
241 581
640 838
395 501
267 9
37 691
664 405
539 224
352 564
442 827
438 214
440 220
272 493
831 385
15 724
806 224
413 89
339 337
136 292
919 614
420 994
224 337
57 416
369 619
930 198
532 158
527 357
502 598
300 186
244 556
451 625
866 210
110 69
219 755
896 491
210 764
386 870
417 402
689 384
897 716
641 737
684 418
351 826
647 833
461 487
747 739
813 422
22 882
921 798
520 818
432 733
689 635
155 590
713 321
25 884
302 513
814 830
657 653
54 31
703 119
214 576
206 905
47 740
462 941
981 273
695 878
551 573
559 949
2 437
898 969
904 345
853 506
129 422
891 30
936 742
224 815
45 862
257 358
590 321
999 143
177 605
38 178
929 786
290 971
22 438
604 821
475 326
273 299
285 102
891 945
667 313
518 14
697 984
5 53
176 432
354 3
363 77
373 114
265 391
238 521
784 36
84 764
551 972
246 575
231 838
97 49
114 721
886 995
105 326
352 665
557 637
204 348
697 584
753 292
772 385
47 181
671 150
818 389
620 230
246 666
980 310
833 944
253 460
597 284
493 197
369 567
595 432
236 651
192 15
622 477
382 710
322 17
759 786
533 357
913 15
673 636
830 850
463 676
703 251
905 338
457 348
1 69
24 772
143 638
629 343
657 22
312 234
676 357
446 601
574 912
581 598
141 957
865 556
841 229
241 975
366 458
56 14
935 330
243 454
476 61
841 309
310 420
743 170
487 519
522 30
700 646
105 499
619 656
537 515
652 900
818 516
471 222
84 867
852 722
263 562
16 62
158 360
716 424
117 479
983 168
783 799
472 224
118 423
140 22
496 291
505 411
412 78
474 136
594 78
439 744
197 615
903 363
131 848
316 23
527 177
514 269
147 669
433 159
327 810
257 284
383 941
719 968
997 162
582 16
885 497
6 756
27 566
265 878
897 330
858 926
674 462
498 109
64 786
40 352
363 134
803 862
999 487
25 757
839 829
738 210
585 145
913 49
365 162
262 240
844 809
619 305
719 316
109 286
623 23
867 916
622 779
45 282
61 70
501 150
820 932
589 104
568 503
737 358
16 103
136 323
327 813
294 153
855 637
402 347
277 292
43 501
897 522
860 441
53 837
985 806
571 364
261 268
263 365
811 666
297 814
70 823
990 358
1 783
951 489
723 591
701 838
37 554
45 463
594 623
373 846
819 21
637 19
117 928
456 892
641 848
340 977
918 863
772 443
524 547
659 937
567 548
172 779
82 660
173 566
645 720
576 496
303 698
638 628
295 945
875 269
741 60
424 135
523 575
669 603
429 913
486 737
509 663
753 259
708 523
288 711
335 671
13 536
503 799
650 81
723 421
833 108
197 272
207 147
130 991
849 674
310 439
832 656
167 209
911 928
718 315
843 136
143 218
305 769
735 26
59 824
959 814
164 107
144 451
985 349
747 507
854 610
960 733
878 316
156 900
378 364
225 753
980 14
380 758
283 591
459 405
71 348
910 549
133 82
668 401
166 451
720 98
701 816
337 782
117 530
984 499
826 677
383 292
105 597
859 738
927 336
481 626
330 130
704 509
692 956
205 67
733 528
539 88
635 332
232 783
84 820
97 750
154 131
54 898
670 236
472 309
537 666
221 186
942 944
608 341
719 137
495 943
386 869
785 164
444 423
512 64
265 696
375 485
481 183
138 489
339 727
808 431
499 298
89 404
598 937
553 547
256 515
951 290
64 752
753 986
446 745
23 613
973 9
44 441
267 54
539 989
641 369
756 840
234 689
6 377
968 492
162 754
442 357
559 225
483 83
950 357
637 460
96 658
15 335
657 884
683 744
731 190
872 31
662 879
993 732
516 90
441 776
493 840
629 96
984 586
188 510
794 247
14 799
624 3
867 890
974 159
511 130
743 722
71 466
124 426
674 261
998 693
382 595
863 582
900 952
535 949
76 264
944 280
276 426
740 197
312 656
934 294
242 760
856 374
413 98
773 294
581 327
428 515
855 33
135 599
122 570
633 453
616 250
206 998
307 299
397 80
44 300
994 322
305 784
157 785
152 930
396 455
985 814
780 922
508 814
912 174
709 306
134 519
232 830
814 247
28 283
779 753
633 134
355 221
663 298
159 576
988 639
433 638
12 539
227 620
390 348
273 968
986 899
956 160
633 361
354 725
462 989
469 38
409 649
393 556
500 731
187 345
195 942
851 917
269 923
288 368
401 207
432 829
197 951
688 873
436 411
328 101
38 700
74 822
958 522
229 497
380 236
693 795
400 980
456 372
425 486
247 602
867 689
40 661
684 757
708 138
567 988
307 702
976 136
954 964
290 441
885 415
460 725
314 20
875 617
840 281
440 847
430 852
304 423
701 372
456 519
394 15
305 909
45 172
361 904
767 988
226 327
538 147
267 130
822 928
85 472
564 862
804 602
888 523
801 432
234 582
715 267
512 285
676 385
807 85
232 62
187 393
430 271
444 933
416 539
25 915
860 458
543 816
51 820
348 631
610 546
343 729
515 109
67 768
353 512
287 225
915 720
893 82
854 78
503 409
241 701
58 793
495 356
993 571
345 666
981 872
387 556
422 290
563 144
749 304
470 949
703 669
409 868
432 229
974 653
907 222
202 510
536 108
122 826
983 16
921 799
47 795
473 849
95 474
532 943
62 468
200 849
86 888
677 20
167 148
238 595
119 955
663 910
766 434
914 853
167 357
221 300
662 258
766 286
225 967
86 118
472 369
106 959
265 154
58 304
63 301
39 720
231 981
938 797
544 428
790 863
727 15
764 338
333 291
820 985
718 245
538 523
495 280
878 823
324 340
987 89
89 480
329 356
154 436
229 594
963 883
324 823
565 552
904 473
1 156
907 350
22 994
912 919
933 455
555 384
873 270
152 573
743 346
690 34
315 332
302 132
310 361
327 818
82 192
857 30
307 635
137 375
328 147
688 515
316 114
857 253
929 666
43 983
209 99
836 695
641 18
566 508
151 110
6 204
298 677
14 120
158 46
707 870
930 495
977 73
484 380
663 588
528 103
874 469
958 50
892 240
305 14
715 428
277 377
538 263
473 928
574 466
735 215
466 602
403 904
725 296
838 949
618 238
987 891
816 636
865 23
363 714
168 149
948 73
135 797
260 641
274 520
750 850
689 291
664 792
764 730
269 171
969 764
27 334
66 890
781 723
577 948
525 421
906 496
894 754
809 1
300 842
207 58
732 939
209 801
328 411
923 650
803 271
884 57
128 505
369 447
188 40
669 753
965 982
110 140
354 971
799 778
236 133
990 883
561 34
815 247
226 331
25 397
683 106
373 329
216 247
902 763
476 813
801 499
9 856
994 662
949 223
88 206
732 989
565 850
951 894
286 935
864 387
611 224
661 568
462 683
540 145
536 495
751 298
616 800
561 903
229 342
962 472
234 663
382 963
100 628
626 782
58 511
586 587
548 623
133 298
891 695
972 242
404 615
726 583
414 657
443 828
443 432
115 60
334 843
827 161
167 708
119 614
644 402
715 644
584 536
151 464
801 149
267 742
319 952
413 224
842 909
680 82
895 337
27 912
83 100
694 109
220 679
293 318
402 150
717 180
126 880
757 45
942 975
236 791
233 195
525 247
414 662
319 490
196 633
242 230
63 403
740 366
199 342
898 684
341 821
890 2
858 576
315 785
393 683
335 88
324 184
19 759
974 253
37 278
102 155
218 228
982 831
631 693
802 687
586 843
623 163
156 87
99 322
861 397
410 434
514 697
26 66
110 821
471 654
67 957
909 7
322 534
425 67
38 846
577 419
802 467
983 733
448 461
320 377
452 169
81 71
426 75
523 643
425 48
689 60
802 656
358 427
797 814
836 132
425 3
566 9
240 448
410 674
494 509
801 282
666 88
562 229
116 385
954 234
840 95
714 988
161 778
424 261
624 509
279 299
252 563
260 422
329 78
623 406
966 812
259 885
580 31
405 246
842 822
251 273
111 516
986 476
824 133
933 116
493 410
121 299
279 521
817 512
754 900
560 181
861 275
589 75
187 915
387 481
510 511
776 50
688 292
318 809
123 390
941 406
928 71
573 235
62 258
658 404
685 666
501 719
789 811
486 692
745 776
867 375
859 956
507 37
475 400
386 704
255 94
961 102
358 116
6 959
248 282
44 417
245 737
692 817
362 580
734 908
784 160
852 295
115 610
359 279
587 298
95 846
283 796
398 719
566 32
972 475
984 255
451 851
10 107
471 340
525 611
894 127
434 233
876 498
112 824
208 710
249 693
421 351
943 818
895 101
801 312
672 848
155 768
500 623
543 963
7 615
673 144
500 232
204 224
525 81
849 671
432 68
418 52
309 553
879 272
57 218
182 782
754 222
726 646
498 856
892 403
661 352
28 68
987 788
865 980
382 344
325 498
151 144
700 573
810 375
980 715
414 372
739 819
436 920
229 832
188 569
149 399
344 923
169 621
853 22
564 318
455 126
745 907
274 619
162 469
370 193
523 361
409 611
613 379
997 759
970 353
606 812
399 953
718 468
480 7
877 405
285 613
566 376
590 184
736 398
834 811
482 663
911 986
269 61
549 452
497 179
754 832
646 911
386 388
784 683
946 696
36 340
770 423
712 73
409 645
516 862
171 773
704 463
379 848
902 883
215 929
373 216
408 726
547 55
611 449
64 721
111 225
699 27
669 510
107 81
457 907
753 217
94 80
169 704
392 462
79 675
985 202
69 779
858 297
868 502
694 985
280 656
504 277
569 443
744 790
95 291
202 578
513 565
711 807
686 288
761 63
968 344
497 648
806 844
296 563
573 880
19 739
806 244
53 233
133 170
687 995
240 195
648 748
922 804
342 581
394 413
547 991
711 256
324 947
911 626
660 435
360 297
672 42
429 655
701 112
132 533
426 890
80 967
194 552
841 240
410 850
899 974
591 953
954 94
876 201
25 351
555 62
170 727
681 596
774 12
907 593
149 911
921 296
809 523
656 69
155 72
557 446
538 930
863 699
131 562
749 958
413 319
290 101
479 493
665 584
716 626
524 239
948 344
64 742
764 757
719 21
205 316
917 61
653 529
962 62
95 384
906 687
132 865
90 828
900 315
819 625
903 683
377 78
19 941
674 53
801 577
762 607
473 472
989 335
876 934
209 543
967 644
929 159
528 529
659 188
259 560
420 120
125 92
339 830
540 241
309 752
62 625
259 90
335 529
626 100
494 378
987 398
230 109
506 616
876 827
807 66
553 171
569 322
738 597
839 722
370 634
326 841
147 89
251 468
487 884
259 525
843 236
66 151
794 618
976 346
992 909
118 870
668 7
724 492
682 148
356 343
282 332
464 369
53 814
679 738
65 389
372 319
983 923
615 432
820 184
183 0
612 941
867 198
831 630
573 926
969 491
912 631
743 674
814 184
316 512
335 639
80 976
533 641
430 149
319 175
63 610
522 110
998 929
102 815
680 493
606 782
155 84
553 665
843 941
714 512
849 818
566 812
346 302
102 532
648 436
93 401
495 588
709 692
990 555
830 72
971 874
85 675
55 762
376 561
213 177
257 922
22 547
835 120
267 935
307 341
208 589
771 445
560 493
680 328
48 951
539 363
470 213
4 964
772 301
120 903
451 886
23 50
60 801
857 182
439 616
482 580
93 162
190 721
154 518
937 758
59 981
587 924
812 679
599 331
980 844
923 85
830 642
203 503
687 543
257 102
20 243
188 844
348 369
353 9
312 531
762 195
86 798
200 204
283 368
438 593
188 364
71 463
171 377
908 565
243 587
22 211
249 947
679 751
481 960
20 268
59 701
150 933
241 875
737 153
744 842
310 245
486 71
319 836
428 199
677 869
65 536
72 78
205 498
778 122
95 521
894 809
892 290
190 592
357 916
468 488
353 395
904 30
312 948
669 618
367 793
65 48
308 969
209 385
826 905
710 975
974 97
140 600
72 411
253 886
501 990
549 709
549 27
67 675
249 595
419 254
967 594
116 41
479 758
141 578
798 22
317 812
161 956
857 18
788 738
131 27
694 825
209 638
921 741
591 778
77 169
798 568
80 778
189 332
767 37
398 431
100 496
770 932
933 233
259 124
60 695
466 368
497 160
782 505
852 408
483 463
310 352
601 865
210 63
649 677
136 931
983 802
191 116
316 35
649 792
714 166
283 813
389 319
435 97
208 826
706 350
957 207
453 956
667 167
909 272
442 937
60 419
431 844
439 617
121 507
424 491
361 428
519 524
342 904
825 232
940 103
913 52
41 764
320 979
374 114
678 595
561 397
335 45
333 367
807 635
810 118
17 845
539 262
680 594
959 212
330 666
368 993
276 845
727 302
869 92
381 320
645 644
488 554
402 808
947 175
655 761
431 509
819 748
438 338
829 902
446 778
997 344
88 49
502 374
251 255
947 54
402 373
612 724
862 430
94 988
317 966
293 74
368 534
587 465
928 207
365 587
328 257
323 5
721 313
925 510
672 743
283 238
222 343
219 444
162 67
74 792
620 670
102 857
702 894
629 395
958 358
246 623
16 938
366 350
419 844
701 124
985 510
753 364
270 729
838 623
527 614
619 185
276 380
731 598
143 10
989 127
934 581
381 886
32 93
488 8
746 255
580 694
171 45
121 21
724 411
247 531
993 773
30 910
716 215
768 30
653 56
678 447
302 264
593 417
739 465
400 622
890 797
110 997
276 141
988 116
807 839
615 247
325 554
845 919
256 964
724 796
693 193
625 30
79 196
341 501
750 347
557 790
800 667
435 818
682 949
482 294
444 835
98 989
500 254
103 327
559 270
763 975
52 495
407 110
988 905
523 790
965 494
910 200
497 210
485 615
124 964
12 635
756 699
993 622
135 46
775 871
865 448
892 948
150 627
248 963
500 841
987 992
381 829
231 865
834 700
132 853
139 798
779 634
365 523
452 633
887 117
252 955
4 878
192 631
574 485
117 379
54 83
643 133
51 793
424 64
799 131
600 271
565 936
307 270
471 966
222 592
369 667
970 111
169 540
610 386
656 134
626 248
816 232
538 779
924 784
833 473
472 917
817 220
269 607
954 145
625 297
238 601
175 875
441 893
631 687
295 837
10 286
510 739
176 724
392 451
515 717
674 975
117 997
231 951
800 57
233 466
754 914
405 557
490 914
629 632
763 515
616 965
184 894
532 934
530 617
433 213
797 743
322 247
650 523
863 492
587 97
27 474
885 214
173 647
941 201
449 614
937 320
370 655
309 335
327 632
590 326
78 204
246 739
543 875
808 54
947 346
322 920
115 884
929 852
114 270
802 943
924 986
844 133
522 497
343 323
556 308
771 831
364 155
303 93
768 994
814 772
941 203
401 534
864 812
54 798
732 183
129 765
220 527
374 489
401 515
983 39
326 169
109 757
741 575
27 403
317 202
555 179
462 672
841 587
81 924
158 478
480 824
806 629
436 982
194 68
826 836
487 27
408 784
893 298
964 49
270 507
431 605
58 382
945 317
500 305
455 110
538 841
540 101
42 612
908 218
336 369
97 815
880 672
645 818
304 848
217 82
509 595
403 125
473 125
560 890
681 161
434 796
353 338
695 459
451 226
72 63
414 908
766 471
135 865
307 728
155 749
392 193
540 882
692 629
871 437
332 192
59 440
733 315
839 132
393 962
475 871
727 734
582 790
209 342
983 53
153 606
166 889
88 543
390 60
790 928
556 301
618 518
916 900
819 99
110 813
43 640
397 129
49 293
216 596
464 872
478 474
939 108
40 644
345 661
314 283
452 801
353 934
581 566
936 662
609 727
267 463
321 737
592 126
243 139
707 551
195 595
700 213
930 672
952 757
673 544
960 721
813 165
837 707
699 793
302 122
648 179
411 440
267 513
110 514
279 805
119 935
967 779
922 742
294 810
684 408
822 361
750 621
106 424
51 707
739 352
118 386
633 7
331 260
717 832
967 156
576 197
860 219
55 168
909 931
0 210
165 841
347 920
475 188
362 285
745 770
523 887
668 215
871 390
997 874
983 33
604 544
971 937
861 85
387 686
304 99
627 558
454 875
307 768
869 592
291 561
463 906
103 362
649 725
424 552
166 850
699 16
57 192
381 604
333 886
390 796
837 252
938 184
945 717
240 78
51 946
212 967
946 306
684 456
530 261
195 591
774 173
606 326
873 365
862 982
315 977
213 427
536 118
698 663
509 265
848 296
730 319
120 557
808 98
424 439
85 292
706 726
41 577
586 149
721 113
218 634
612 195
894 744
786 664
339 403
351 182
845 751
198 887
702 395
28 445
586 95
876 237
472 824
845 71
918 356
75 571
197 110
969 314
530 721
656 354
63 170
126 969
483 477
910 69
770 693
382 883
285 978
493 367
349 630
869 830
530 341
725 405
520 940
800 965
965 750
364 690
119 311
695 715
3 691
916 394
718 590
367 678
301 651
262 352
461 271
691 949
683 122
722 254
505 896
970 942
756 293
722 717
921 30
295 20
639 394
229 851
465 222
736 770
369 597
217 177
763 402
7 686
210 772
144 981
867 662
678 593
456 637
85 901
630 948
395 330
241 633
963 863
779 889
858 952
608 634
64 95
670 614
17 971
367 599
69 30
706 872
360 179
896 368
737 947
222 500
505 356
48 331
233 810
984 34
380 971
429 16
774 203
59 100
328 928
836 275
309 425
482 16
256 24
101 226
470 685
9 588
664 777
370 823
271 221
925 525
816 741
892 90
45 74
112 366
238 936
785 196
869 490
379 666
762 900
270 387
152 371
107 467
257 582
516 928
860 751
373 155
380 14
841 639
910 547
134 729
484 608
314 659
522 864
663 886
710 826
306 540
509 110
642 574
608 681
234 763
5 156
383 342
188 770
679 719
59 156
395 313
869 499
880 431
701 218
357 494
796 246
91 865
186 472
136 620
923 647
48 303
900 755
855 980
806 876
509 421
385 763
852 682
429 622
70 533
443 477
232 803
144 523
823 896
417 326
942 608
90 986
992 808
166 440
692 656
837 483
938 923
839 230
51 742
690 521
114 684
787 408
106 803
875 406
798 684
550 296
152 488
540 691
895 922
637 588
79 250
694 588
552 943
767 663
63 460
950 314
568 496
174 79
187 436
342 510
865 974
112 238
400 667
202 172
899 749
841 414
431 209
262 813
926 175
769 975
28 639
801 98
458 722
543 699
297 182
233 584
178 694
24 22
259 375
242 993
627 377
301 879
23 395
982 446
101 310
677 437
11 4
579 940
872 230
389 65
246 565
435 847
728 957
897 805
541 973
695 497
179 822
89 260
523 376
864 156
146 101
828 446
444 354
123 517
780 509
591 68
558 247
131 667
316 566
946 371
494 770
59 963
802 590
430 344
179 830
33 683
498 27
629 571
531 24
284 10
298 157
503 860
69 71
727 196
387 657
767 818
237 429
255 359
296 824
316 181
384 498
256 933
808 602
702 405
608 391
463 516
953 125
322 601
173 682
518 558
228 33
897 454
233 555
307 454
170 233
904 644
693 214
509 307
953 208
50 387
782 153
612 998
427 506
633 788
518 546
163 161
908 253
767 339
377 597
599 59
205 200
736 537
159 692
639 140
650 499
238 96
622 854
19 386
862 19
689 708
499 162
264 595
532 752
934 486
179 698
221 898
778 118
585 188
747 583
424 991
933 556
118 972
672 918
781 923
452 284
30 335
115 350
393 593
685 402
977 19
901 585
447 578
208 629
81 975
294 832
73 292
922 26
671 451
162 894
826 160
199 902
948 859
240 541
729 950
907 401
195 452
449 477
491 279
515 743
609 56
889 765
503 69
974 145
208 833
489 457
517 125
304 271
971 810
466 661
667 929
949 661
122 525
818 403
90 519
687 1
345 136
846 774
443 565
655 658
626 480
480 166
568 526
354 762
417 468
736 225
401 288
694 917
903 756
444 331
916 143
970 158
792 486
279 797
184 522
690 333
332 409
513 616
500 264
380 60
647 154
270 927
676 776
309 26
816 694
876 417
219 743
558 845
444 174
575 420
473 758
493 287
519 48
778 35
411 773
405 685
798 63
359 121
300 283
358 121
373 589
249 437
447 411
586 890
630 268
964 606
377 80
924 313
211 222
12 997
356 175
421 678
184 549
141 144
980 481
396 597
747 388
949 474
68 58
41 758
626 406
798 706
136 445
764 539
724 70
785 139
563 587
150 838
448 832
273 836
900 11
106 381
70 173
680 708
177 640
405 253
235 484
128 64
896 19
924 222
526 149
202 348
44 362
393 584
830 368
149 134
695 533
129 929
127 732
737 455
808 136
994 920
56 981
284 891
400 686
548 537
450 107
473 310
635 729
738 891
541 288
691 279
665 828
250 195
47 848
85 640
423 785
345 854
941 979
848 180
84 60
216 140
285 576
844 402
115 580
737 266
476 202
867 746
761 689
26 911
192 30
833 638
569 37
13 976
303 36
627 183
289 158
670 558
635 293
463 719
499 101
807 963
271 57
813 530
494 257
226 725
209 438
194 135
936 554
991 172
608 625
829 578
155 743
654 498
501 950
192 447
386 755
422 353
225 672
164 530
181 232
883 639
109 744
119 668
312 116
844 435
22 445
207 943
656 770
472 919
414 537
90 289
208 515
543 114
730 299
600 38
101 34
940 163
773 782
528 291
910 102
172 529
566 571
563 294
612 347
665 260
793 227
469 148
224 508
817 732
171 761
303 655
279 525
822 554
751 366
829 210
431 24
542 722
129 311
238 692
814 787
193 260
525 107
731 536
644 712
862 588
963 107
841 813
474 763
937 522
321 997
933 837
892 642
794 858
595 302
414 634
565 610
882 830
893 747
355 817
658 676
153 14
815 200
379 465
283 597
396 59
443 790
523 741
296 358
308 349
602 682
770 303
382 449
47 220
221 929
508 867
947 331
749 485
579 649
501 789
453 856
137 323
314 426
853 72
218 842
916 320
739 489
0 317
884 254
753 565
157 242
909 664
190 203
294 423
393 111
761 353
506 203
492 702
423 700
640 388
663 319
514 954
438 547
507 427
68 178
22 459
208 839
166 434
191 388
166 917
98 61
461 697
399 535
873 543
32 604
754 707
799 214
263 944
565 921
556 396
803 869
832 173
419 78
169 66
387 314
585 11
143 65
611 368
784 939
159 690
652 471
497 793
788 437
270 917
756 372
710 788
742 792
219 973
311 126
657 542
259 546
380 378
307 942
686 615
959 967
586 430
132 925
533 540
57 695
583 177
906 982
212 54
194 697
696 837
41 149
654 52
386 164
541 665
471 464
776 215
899 649
403 527
129 440
202 614
54 697
57 513
725 351
502 144
580 184
662 161
4 984
489 49
234 149
655 537
649 455
116 242
287 311
723 235
897 957
811 714
113 311
46 243
385 202
983 41
378 700
861 845
80 352
877 933
770 976
391 252
680 807
351 419
752 852
789 88
193 585
862 490
307 790
440 11
283 244
103 345
330 603
295 300
402 694
296 907
400 628
839 872
872 223
519 10
553 356
67 637
988 372
811 163
56 991
651 576
693 442
426 407
115 406
959 365
611 776
958 701
125 570
838 528
657 985
334 575
438 125
650 910
614 213
828 274
368 65
26 58
770 216
684 437
916 947
907 765
261 176
856 83
4 773
236 215
662 833
68 756
379 551
40 349
639 690
514 396
440 238
779 713
426 383
270 53
988 859
60 24
289 253
95 273
550 199
599 661
577 545
164 471
529 371
791 194
869 255
884 506
844 832
220 784
461 896
883 494
766 98
134 432
549 466
752 211
272 842
439 103
411 89
661 141
159 632
25 254
848 863
206 568
332 563
266 799
328 777
469 649
408 321
703 393
960 316
602 239
425 723
453 972
280 46
855 181
992 682
158 341
535 355
77 869
198 280
346 381
473 924
97 938
370 448
391 20
453 107
384 635
332 349
760 32
104 69
822 997
763 611
601 68
388 218
763 571
920 400
882 271
910 938
20 540
58 868
657 140
612 653
980 484
312 85
88 592
632 982
620 208
480 235
591 81
505 65
747 672
767 702
950 854
676 694
519 92
499 428
118 69
222 400
364 704
582 690
953 247
724 210
281 330
794 685
866 525
762 231
578 555
721 334
415 782
67 55
67 127
699 305
566 554
788 639
648 945
683 757
790 178
678 801
451 882
908 628
398 634
245 529
622 217
133 349
168 963
436 170
919 500
697 204
933 489
591 26
231 211
285 732
67 772
272 20
825 245
469 616
541 680
588 31
813 648
623 273
604 499
134 369
695 977
697 173
296 131
122 505
7 487
578 736
67 762
680 346
461 972
406 398
525 579
403 886
726 125
946 465
104 773
100 388
521 905
951 629
668 100
695 840
0 683
739 964
507 766
52 222
681 201
555 951
931 864
469 204
928 492
815 23
76 743
367 55
644 884
544 657
616 624
714 280
589 475
975 819
726 357
271 74
738 471
186 556
667 919
439 734
191 339
706 317
792 605
318 337
174 497
237 53
0 379
739 589
735 115
555 214
156 450
300 829
255 147
86 417
711 393
853 180
137 232
801 48
185 135
364 326
385 567
151 212
971 811
295 740
256 360
216 30
260 989
514 950
695 115
854 578
524 220
244 324
488 286
772 219
810 744
577 464
958 527
565 946
360 661
606 967
857 885
142 22
350 419
529 926
834 263
804 287
805 648
300 483
542 480
14 207
740 929
857 850
592 616
742 124
886 427
792 153
898 27
525 736
9 377
438 460
975 4
157 435
394 148
432 825
965 918
12 509
377 186
157 884
659 340
438 444
37 55
996 459
138 307
70 905
895 230
395 855
255 79
909 204
50 241
411 471
849 995
756 397
104 892
839 916
552 871
415 675
182 502
95 704
93 570
561 500
219 569
113 256
813 205
425 790
414 833
567 461
593 49
676 262
153 146
12 679
189 766
904 840
98 324
793 703
392 237
969 172
981 733
519 752
169 825
806 269
562 248
606 909
207 827
261 693
516 204
274 646
671 570
300 352
315 366
385 777
626 559
952 416
795 825
874 613
59 9
544 672
833 156
423 338
854 918
933 428
52 607
286 255
830 327
394 951
865 582
975 639
295 676
697 624
663 434
658 544
272 76
162 440
204 968
753 788
301 585
669 262
698 937
245 817
950 685
166 463
332 19
126 638
90 777
657 648
111 760
783 837
162 609
86 374
116 603
187 754
837 597
459 6
440 138
123 217
4 409
368 335
625 491
133 525
808 189
412 523
878 237
54 504
862 164
39 190
565 158
489 373
339 74
443 378
802 664
916 739
117 828
244 634
688 559
973 432
311 423
880 128
429 713
62 156
5 605
851 446
285 166
746 981
610 709
277 880
549 402
589 999
248 362
21 527
888 475
968 531
272 651
866 228
36 749
148 625
204 794
435 811
109 46
612 147
892 952
858 832
340 45
621 924
995 140
334 835
521 332
283 663
478 794
462 39
742 246
510 827
599 432
82 931
262 701
257 296
951 316
886 842
684 818
583 633
715 608
180 23
325 358
397 511
256 85
923 745
993 441
352 533
25 31
937 941
67 701
92 425
176 268
481 267
84 205
158 884
638 618
196 636
254 840
568 119
558 32
513 823
949 22
65 541
382 975
859 460
649 38
302 112
140 476
142 128
436 812
518 504
614 133
185 292
203 242
135 685
289 997
819 737
282 357
768 518
525 329
625 893
895 85
59 933
25 902
499 106
282 79
329 885
591 659
61 751
711 673
456 848
258 859
129 482
45 393
135 129
173 96
3 971
360 163
540 856
564 566
878 648
606 626
927 108
684 820
856 842
763 151
195 269
746 670
603 10
296 118
659 525
446 324
441 928
894 934
974 118
140 461
149 713
904 194
913 972
431 951
443 529
831 656
910 526
574 43
253 391
5 512
653 515
349 563
986 370
544 394
490 204
697 570
95 872
18 519
150 801
318 84
253 951
857 236
640 420
979 630
475 854
332 359
410 625
598 804
832 974
575 125
868 379
838 325
10 563
762 962
988 420
273 843
138 196
344 816
999 630
859 463
724 308
281 143
729 822
172 749
291 117
510 954
654 611
460 472
104 37
323 854
949 190
902 356
173 202
604 172
648 933
903 208
27 721
447 801
473 358
303 896
371 86
852 967
465 627
32 298
730 83
476 672
75 146
297 434
763 158
681 381
373 481
608 866
262 857
62 941
118 35
793 60
461 524
54 684
586 885
417 543
620 601
713 329
887 285
259 639
126 122
455 516
558 3
143 789
639 791
957 409
741 24
754 550
788 609
364 137
227 946
788 696
526 417
825 216
695 424
118 926
483 546
710 275
262 202
633 224
2 528
388 84
474 983
513 452
789 997
569 203
935 350
119 8
514 806
643 269
387 881
745 574
395 590
30 166
824 104
996 675
514 325
804 923
619 920
275 352
562 935
367 871
825 434
488 345
320 676
481 940
256 741
903 220
785 321
75 441
308 352
867 126
951 721
911 825
271 129
258 975
836 812
731 888
330 679
765 921
142 959
767 111
498 904
496 267
778 286
219 18
976 921
542 452
843 859
618 320
376 140
138 356
485 240
597 287
566 536
132 119
637 159
500 435
747 462
150 407
659 982
348 702
89 72
97 415
683 666
94 200
907 363
812 689
716 21
405 426
490 958
369 470
468 796
788 603
392 369
148 562
736 26
936 325
723 867
797 678
190 179
302 849
861 330
860 81
162 662
255 707
838 456
173 491
895 572
753 661
317 611
691 948
628 550
201 503
789 73
394 560
926 558
961 445
807 569
431 761
301 62
67 180
380 582
741 533
387 608
802 927
434 735
810 756
760 958
449 56
34 829
906 234
779 924
383 649
305 406
21 323
318 398
981 76
413 507
226 299
22 667
627 698
840 861
117 589
115 910
758 734
808 724
141 45
907 846
804 957
660 216
380 223
870 280
408 4
344 531
858 309
949 14
464 299
381 620
994 313
260 922
58 643
608 308
852 510
615 4
561 854
657 68
511 837
972 158
297 731
327 478
540 744
667 749
92 916
347 807
296 362
469 281
977 409
692 455
921 215
297 638
68 17
537 271
214 55
20 502
773 774
127 416
648 616
370 315
491 425
419 269
838 741
206 632
128 51
302 130
380 520
468 111
826 538
676 410
846 811
549 833
834 292
24 940
390 979
130 598
505 790
311 176
897 935
162 966
363 337
553 52
597 70
355 49
71 727
516 130
854 335
550 59
770 643
203 303
977 402
12 353
845 602
484 20
483 915
898 531
435 759
681 579
536 942
733 187
330 150
358 761
368 709
11 512
433 421
906 366
368 806
188 769
492 134
662 451
636 162
974 350
753 858
756 718
153 887
566 527
761 497
712 18
759 956
279 325
832 67
53 791
789 747
85 476
544 255
619 575
398 837
166 210
795 314
325 535
182 929
401 385
988 16
251 744
537 601
150 929
934 952
937 515
485 548
59 638
477 571
47 183
158 3
57 111
205 160
959 442
280 16
92 835
853 847
836 965
935 732
564 810
293 440
77 189
658 223
864 744
465 282
654 68
305 400
143 859
45 880
991 615
986 526
981 180
376 223
462 63
132 905
825 979
280 410
201 814
467 791
619 686
966 493
699 878
761 891
362 26
528 99
509 945
45 659
215 404
543 838
774 586
587 504
46 591
910 378
140 337
108 431
36 545
708 736
398 620
865 896
956 685
89 114
936 687
112 739
882 802
180 329
899 581
644 91
476 10
385 554
853 777
753 397
524 136
485 531
197 991
977 330
965 952
513 620
917 779
931 993
719 531
309 313
391 726
89 865
428 538
276 355
978 316
378 654
67 473
931 678
21 295
130 162
610 279
307 106
793 327
18 88
881 141
56 231
617 77
278 394
198 605
799 597
945 665
438 354
685 453
968 733
693 225
456 931
828 807
108 260
647 788
994 148
315 386
948 756
822 944
788 271
315 355
182 400
471 37
98 486
424 646
886 969
800 603
599 541
42 490
965 852
492 504
547 544
509 30
47 980
889 321
83 8
364 732
318 288
606 949
810 173
776 858
833 797
96 716
748 664
110 336
177 766
562 393
617 295
485 626
163 737
961 450
283 227
535 331
939 871
194 202
46 660
990 967
583 128
760 438
411 576
597 84
604 883
245 243
771 112
600 559
87 471
202 546
983 968
756 643
616 758
166 353
364 65
911 293
358 483
648 752
467 633
708 437
765 787
561 264
171 233
691 699
246 833
356 436
906 917
903 445
613 945
57 272
320 754
114 932
120 602
127 624
473 335
518 744
655 613
948 853
212 278
798 886
310 461
453 808
20 920
357 917
325 617
92 253
329 800
502 202
143 162
433 286
214 266
124 729
30 581
924 475
82 80
664 709
324 79
956 677
716 873
633 346
221 351
822 725
793 441
337 280
748 212
560 849
216 759
18 328
798 147
282 828
355 390
974 319
711 777
289 21
472 624
567 880
545 460
864 169
489 179
82 113
5 106
108 766
639 965
561 3
60 334
188 809
945 979
641 568
827 561
257 3
569 725
940 654
884 81
215 390
512 378
96 176
750 677
378 26
951 116
107 757
545 875
816 796
541 746
464 221
196 777
49 164
909 60
944 835
620 495
499 392
782 439
232 121
535 180
614 645
304 110
608 496
967 254
373 360
320 642
578 222
316 385
618 601
296 54
291 661
969 125
957 987
427 192
141 251
725 420
162 273
612 743
707 350
913 239
330 782
282 566
782 549
79 419
623 874
603 577
991 273
210 826
261 403
797 718
640 336
213 963
165 211
35 824
111 230
220 165
125 730
723 770
261 269
67 717
234 789
816 482
810 921
720 629
465 278
608 559
966 34
635 644
722 814
731 415
872 539
468 3
636 165
873 425
540 998
85 63
560 725
844 201
765 288
448 647
398 84
605 693
95 719
666 409
572 174
496 592
200 612
626 937
929 736
997 230
349 444
129 516
217 328
986 837
261 190
914 515
534 177
307 657
63 942
362 619
198 317
318 702
923 523
24 215
739 74
510 234
623 514
320 729
14 171
863 380
709 898
493 561
534 123
133 265
996 807
980 376
134 847
639 917
985 600
126 851
60 669
615 821
263 163
575 327
908 820
560 119
146 687
176 570
432 251
523 329
928 439
999 819
752 866
396 837
123 523
498 892
761 355
945 221
882 367
647 715
219 291
737 290
846 500
915 295
285 925
30 495
912 267
80 63
505 86
677 514
10 686
494 751
406 712
583 733
996 422
893 515
906 103
381 383
399 485
375 605
465 545
542 238
673 748
759 912
575 411
680 656
554 816
489 783
180 119
703 293
872 778
587 747
186 779
85 557
277 369
271 736
280 834
441 147
841 552
878 337
332 834
60 677
89 838
316 400
146 305
849 833
494 55
469 816
641 594
92 329
867 950
603 975
833 483
828 681
17 979
287 786
875 425
711 549
575 346
446 261
770 816
571 352
315 162
850 572
675 35
957 392
161 307
815 629
276 595
419 587
154 538
312 669
48 134
722 351
691 235
56 466
543 384
879 656
247 270
55 235
770 501
265 726
654 605
174 432
364 701
957 430
672 277
151 388
440 916
645 887
580 170
135 127
461 777
127 209
977 455
664 18
500 755
281 582
458 617
504 924
154 708
975 683
92 536
587 563
848 646
967 646
104 530
973 385
757 573
856 77
199 200
438 972
898 116
735 560
647 48
334 706
957 128
785 435
179 704
579 931
577 820
250 668
837 649
645 811
468 716
122 771
649 563
102 886
786 921
38 469
90 604
896 136
337 445
312 354
276 830
581 262
490 556
178 423
481 223
686 978
621 750
730 583
990 691
802 831
448 408
812 404
843 912
524 659
681 377
9 46
485 407
97 89
715 218
789 594
119 551
452 742
985 369
254 472
388 363
725 766
467 789
112 308
365 581
11 286
166 127
147 902
845 398
91 183
182 877
351 42
252 726
711 621
564 192
829 73
758 426
812 283
112 355
686 362
520 9
201 354
171 627
588 505
888 384
414 779
567 826
715 936
353 905
393 219
277 461
155 999
746 472
994 720
283 284
442 430
424 617
259 623
320 617
278 162
525 22
86 143
883 102
803 303
536 674
109 735
578 29
880 570
770 521
933 722
976 173
406 549
407 56
737 963
311 769
270 799
179 283
321 411
582 951
836 351
699 811
340 447
879 64
262 325
609 620
543 479
64 851
485 852
997 736
667 540
232 706
709 553
712 559
948 404
478 531
855 166
5 471
821 17
742 906
908 254
680 285
108 175
429 137
792 477
807 899
614 230
326 59
895 95
772 451
705 631
484 213
508 14
832 874
670 563
807 382
317 111
257 797
482 605
54 338
334 512
410 586
168 589
420 363
734 779
431 636
960 443
613 586
72 843
394 440
672 904
535 778
474 66
501 937
776 406
561 326
129 396
65 467
671 557
380 389
270 706
996 98
827 954
768 952
777 678
749 566
440 718
75 897
245 26
732 796
471 254
914 641
680 997
803 823
126 69
474 545
339 569
350 818
512 22
766 280
560 285
510 243
62 1
732 924
201 244
330 699
67 555
80 428
910 760
918 945
751 249
318 138
535 504
136 619
747 142
744 770
163 896
436 797
578 701
928 841
979 87
211 862
145 331
18 423
565 64
502 316
862 95
552 314
364 304
13 310
428 143
780 356
490 653
492 325
946 698
712 573
151 578
809 775
391 395
12 22
200 136
496 558
269 252
764 992
631 96
828 845
898 443
866 285
999 39
632 735
902 307
223 692
346 111
317 158
317 940
265 381
334 152
982 919
84 471
48 490
479 750
720 16
815 572
454 324
664 210
665 102
117 340
32 838
574 590
350 616
300 156
66 392
435 853
530 842
813 567
661 323
960 838
763 539
591 819
866 429
277 480
213 415
997 196
725 423
158 510
284 311
312 655
275 824
468 264
358 613
791 467
241 108
269 473
240 64
561 150
997 25
214 84
709 324
808 280
921 938
277 868
708 641
152 163
682 25
997 869
45 94
666 851
364 229
530 858
736 190
710 626
699 628
248 515
42 584
701 609
899 975
252 235
703 575
142 755
590 733
996 357
12 589
871 290
697 751
972 243
129 962
617 336
620 95
239 838
438 792
560 865
538 698
288 374
646 48
421 841
216 842
193 722
103 503
493 494
183 398
283 375
999 621
919 304
86 550
661 649
85 986
897 730
335 284
64 666
811 690
562 434
170 386
631 143
52 367
446 537
983 234
988 579
64 456
465 450
582 761
477 200
66 740
692 866
169 468
611 424
606 846
792 753
613 726
204 75
290 821
225 165
926 273
484 62
487 938
440 790
998 852
573 290
100 856
318 429
420 631
779 955
24 657
53 185
490 808
216 580
138 650
497 694
704 545
877 635
61 39
922 941
337 374
548 173
674 841
163 310
635 770
44 429
388 900
363 415
482 491
909 763
337 965
450 186
596 498
544 430
610 44
238 250
757 933
286 744
861 427
767 173
413 240
850 793
95 398
320 401
135 827
603 28
814 890
990 570
707 919
404 888
274 553
172 62
55 445
58 148
588 713
513 846
983 266
973 304
234 893
221 944
527 991
396 260
778 343
25 862
503 578
779 928
796 854
89 549
589 330
691 409
315 469
876 546
223 30
628 155
332 344
738 901
368 619
275 678
505 319
939 105
327 875
726 869
64 230
669 722
606 599
768 409
787 738
58 555
14 748
478 818
394 168
350 478
923 170
690 81
534 629
824 218
233 575
290 65
419 344
433 78
837 596
474 840
464 625
892 14
434 892
85 270
99 859
598 501
627 840
371 885
248 688
474 175
472 903
53 494
888 158
447 584
20 611
183 62
685 16
172 945
428 198
936 30
509 582
775 421
164 897
755 594
883 192
611 64
241 214
962 334
496 781
307 822
280 86
849 126
327 636
922 611
624 303
426 276
802 28
565 933
3 155
596 164
536 668
400 202
737 327
255 129
562 530
364 114
267 998
231 849
709 244
809 144
619 242
626 419
741 396
874 729
167 369
258 760
764 571
97 292
982 321
500 497
684 915
737 221
437 926
517 39
229 929
905 9
626 664
639 355
398 308
812 369
668 225
296 575
550 955
348 100
864 321
806 20
926 869
67 519
503 651
336 818
527 126
811 536
308 985
866 802
115 378
280 413
504 645
87 591
520 18
20 2
557 240
950 559
658 106
216 870
698 761
473 564
285 317
752 832
2 599
903 162
970 354
220 102
56 450
935 4
438 941
487 621
154 476
837 633
998 672
38 144
863 121
382 88
126 76
603 139
339 438
496 946
890 590
618 835
508 474
340 258
509 816
219 518
714 301
336 99
381 103
230 795
740 14
141 212
848 997
699 641
676 440
992 163
801 72
55 191
325 479
272 918
284 768
452 925
508 810
548 903
466 700
862 600
751 340
397 829
932 780
265 360
153 989
521 355
98 148
610 305
276 838
803 658
273 77
961 935
594 20
913 259
309 656
549 647
18 715
874 450
15 91
736 394
930 252
128 701
981 526
160 623
201 990
113 47
829 843
4 517
803 397
748 825
24 186
8 335
585 642
215 999
673 630
201 202
802 772
295 577
555 91
893 424
841 777
747 508
810 0
748 965
335 225
144 280
27 286
553 271
894 60
690 352
384 941
345 782
59 568
644 777
766 417
777 866
859 611
783 510
831 643
144 788
290 348
400 448
43 263
296 191
602 932
542 293
603 544
633 893
846 298
851 322
493 958
834 495
596 935
686 780
913 77
650 927
804 828
318 331
77 696
160 897
297 511
92 13
122 370
686 898
514 667
173 799
750 23
760 676
290 757
547 581
816 901
557 434
27 567
956 133
648 985
695 48
792 489
884 598
919 437
292 151
254 165
410 855
994 524
14 90
363 668
613 360
880 339
615 866
483 406
679 559
426 796
328 571
798 577
145 277
309 765
924 416
322 62
378 80
322 626
985 291
14 847
301 544
180 60
219 180
149 463
853 397
306 77
768 83
195 297
156 580
25 59
916 121
618 136
755 591
204 577
161 421
30 279
155 685
366 954
608 846
185 732
620 206
530 667
618 509
448 780
363 353
215 325
531 439
387 616
844 643
964 63
888 66
580 512
325 21
396 195
935 843
288 365
344 735
490 837
512 875
736 512
961 583
944 676
899 287
133 416
251 559
902 291
319 251
149 768
644 107
972 602
612 695
351 84
493 95
913 741
812 499
703 206
861 56
600 301
341 751
572 245
387 585
654 666
681 679
616 310
700 812
108 769
503 317
569 909
399 892
979 574
664 351
640 720
765 5
12 593
242 49
129 410
316 220
953 455
663 116
136 288
459 392
137 915
507 802
939 959
250 190
916 248
104 734
506 327
967 868
187 929
99 17
767 435
241 941
640 560
37 451
8 38
310 645
564 847
490 174
326 844
559 469
487 216
664 702
687 525
822 273
859 405
911 988
267 823
902 928
407 256
632 522
225 494
288 388
612 345
650 458
862 221
625 814
750 567
934 871
468 47
92 899
850 626
486 165
773 188
694 796
846 831
96 862
41 760
188 564
864 583
336 831
417 72
935 304
372 945
739 105
719 627
152 218
588 40
321 279
15 294
41 615
86 423
71 874
758 903
901 48
615 605
897 146
25 716
251 732
549 32
88 883
930 576
258 534
227 323
324 65
120 851
980 228
732 880
217 349
864 909
928 953
779 33
452 531
573 735
659 518
696 862
185 516
630 548
14 85
836 860
385 68
474 926
572 339
707 506
403 903
427 932
757 828
12 460
259 799
62 418
784 415
661 974
174 726
752 818
670 901
970 400
738 830
703 906
101 916
720 696
36 25
131 485
973 89
966 161
277 173
256 4
940 223
573 625
941 100
954 477
852 316
983 764
8 465
577 571
8 476
681 108
397 356
555 452
591 650
590 764
125 201
621 195
806 986
534 136
846 12
569 796
297 696
403 301
587 942
120 501
227 134
212 102
504 942
699 64
750 836
469 862
943 923
458 760
887 6
913 265
28 863
836 321
112 766
455 444
10 589
400 721
997 801
955 289
739 38
953 284
963 874
878 873
122 379
640 341
353 536
28 84
630 767
715 424
22 378
93 923
664 47
645 57
183 432
517 175
983 508
124 314
578 840
875 38
618 641
409 7
436 681
49 260
517 653
355 537
424 257
806 111
526 533
986 106
80 240
748 642
543 296
489 164
864 546
643 61
357 39
194 231
153 879
909 385
508 933
174 707
502 876
822 358
848 295
308 640
117 735
339 721
684 58
499 710
289 634
180 252
660 184
553 80
444 85
999 521
518 913
681 736
188 500
315 680
512 167
311 661
405 89
932 952
947 24
624 244
447 207
927 808
905 950
901 978
827 247
271 872
327 83
947 805
649 357
102 824
13 288
64 90
260 626
966 270
321 758
996 739
242 685
931 6
167 385
603 680
210 793
966 113
565 445
7 710
281 551
750 965
252 626
439 673
610 990
302 349
52 691
311 527
908 981
300 56
341 957
344 67
83 720
437 766
442 233
749 416
293 466
376 429
943 417
41 277
566 696
74 303
94 788
117 427
486 15
180 508
558 78
90 497
920 781
78 737
693 707
110 799
665 331
582 128
435 702
232 46
535 814
806 375
532 430
81 238
621 854
645 235
292 410
406 151
590 650
325 487
715 818
858 987
42 902
736 198
783 358
619 743
27 761
947 927
955 692
469 165
530 776
341 61
811 628
424 203
718 128
255 513
803 377
818 916
947 2
741 227
730 427
803 776
547 475
501 807
780 884
678 102
160 486
485 251
245 124
965 117
657 194
493 683
43 785
835 33
861 941
437 261
182 917
226 484
723 330
891 477
127 608
798 402
488 329
240 487
293 727
672 951
741 524
655 736
936 178
707 725
63 23
642 992
962 420
51 899
565 716
435 59
589 704
628 787
34 530
832 943
712 514
158 977
823 446
232 163
109 819
542 955
847 737
485 255
131 973
918 550
833 690
414 895
159 460
274 327
800 995
293 848
490 252
832 112
265 752
626 838
573 218
41 119
965 702
968 239
281 283
497 601
256 159
561 664
573 86
551 676
575 255
480 535
945 750
539 533
46 697
190 284
818 767
422 607
14 536
376 766
98 658
787 810
814 962
375 488
686 168
150 203
422 916
875 121
836 608
898 214
633 843
569 75
349 58
794 471
229 360
14 809
896 534
520 798
308 26
822 501
685 543
41 798
987 32
721 158
51 487
62 282
596 763
668 768
447 706
735 874
183 345
804 966
16 762
516 161
405 948
493 312
69 982
656 606
597 503
984 475
645 292
785 82
903 591
96 170
311 15
842 479
974 141
649 441
110 168
946 315
6 218
738 755
957 408
863 567
86 288
453 702
899 834
488 255
392 719
340 509
58 778
799 298
339 107
515 760
902 606
929 677
198 230
4 911
136 124
586 650
317 490
175 78
349 267
326 185
279 88
221 793
198 694
472 939
796 321
89 29
365 717
888 851
438 419
519 829
512 290
161 302
526 899
455 929
914 217
815 223
91 157
66 778
828 490
554 825
500 508
7 18
115 828
385 987
315 690
817 26
121 4
136 281
221 716
722 723
182 901
632 689
420 49
642 67
964 679
228 920
131 730
360 389
829 17
68 145
690 220
145 401
689 807
883 486
414 208
633 852
809 709
556 159
568 705
658 618
872 912
232 716
145 789
437 216
214 937
636 181
220 321
295 70
435 786
374 367
36 396
412 427
13 918
849 302
412 608
916 425
62 502
834 367
584 366
666 42
244 729
130 928
628 410
44 203
212 599
975 616
67 469
854 625
668 953
884 463
426 688
283 962
17 747
560 724
255 988
770 791
214 571
624 701
974 770
478 74
180 186
437 967
155 971
474 900
513 239
577 210
603 912
644 675
9 880
288 282
65 359
884 953
475 264
113 860
657 837
733 252
986 458
606 40
361 117
503 446
96 742
937 863
494 277
794 953
196 158
844 678
60 828
748 149
461 193
402 563
35 316
215 463
791 50
474 592
404 500
675 368
79 698
840 607
763 645
454 766
26 596
955 861
68 991
112 730
298 482
624 968
419 520
124 27
442 899
797 550
766 649
255 168
966 86
194 988
542 892
638 531
868 451
355 47
75 377
274 500
750 569
665 982
151 621
911 870
12 330
204 480
734 63
582 244
763 447
461 88
64 833
215 85
860 812
312 442
318 66
303 246
763 764
848 893
689 91
645 765
974 450
903 699
999 403
28 266
219 706
641 171
209 400
983 864
74 239
109 842
979 923
561 363
621 121
456 785
328 677
149 625
255 16
844 681
979 0
281 254
838 209
66 934
733 674
382 580
41 870
682 483
134 31
507 334
424 136
625 636
202 664
5 864
867 549
927 620
129 769
58 174
790 26
356 470
69 298
346 501
908 122
171 121
218 991
910 477
619 585
985 213
148 102
131 459
300 869
393 146
587 824
702 594
914 182
108 5
468 411
28 110
293 521
955 559
151 177
111 265
902 800
821 187
428 602
38 157
940 303
135 224
847 545
240 196
61 45
797 9
312 396
501 448
567 14
311 218
282 89
30 118
118 350
290 331
519 973
473 534
134 619
843 660
