1000 5987 3000
8 13 13 20 10 22 22 15 24 10 12 6 17 20 6 20 7 12 12 20 8 16 23 11 17 24 15 12 12 24 9 10 22 8 17 23 13 13 11 12 10 14 13 19 10 24 20 24 14 5 6 12 17 7 24 16 24 22 18 20 19 6 13 20 20 24 19 23 5 6 6 9 14 24 17 21 5 21 19 25 19 5 22 12 12 20 16 7 11 5 8 17 9 11 13 19 5 14 14 19 7 23 24 24 5 20 21 9 21 24 18 5 13 22 11 25 17 9 10 8 6 24 20 9 16 18 12 8 14 8 5 15 10 9 23 20 23 19 11 25 11 16 21 9 7 14 15 25 9 14 11 7 13 16 15 22 15 16 11 23 5 14 22 19 7 19 9 8 9 7 19 18 25 6 15 18 6 21 13 7 22 25 22 13 21 22 15 23 25 11 10 16 5 7 10 13 20 10 14 8 14 7 13 24 9 20 5 14 7 23 24 14 13 19 6 18 11 12 24 14 10 17 5 15 8 18 14 16 6 18 20 5 20 9 17 12 22 15 22 13 6 11 9 20 22 10 15 25 6 24 20 15 23 13 25 14 22 5 12 25 9 22 15 6 19 19 11 8 17 7 6 5 17 11 21 14 21 21 20 24 20 24 14 21 7 7 5 10 9 18 7 6 21 19 23 8 5 6 21 22 16 5 5 20 8 17 19 9 9 17 25 19 6 20 18 5 19 16 22 20 14 9 17 11 15 14 7 8 20 22 5 9 11 7 14 17 15 14 24 12 7 11 15 22 24 23 20 13 22 14 21 18 22 13 9 9 6 11 18 11 15 16 17 19 14 5 18 19 10 15 23 7 24 20 25 18 11 14 5 22 17 8 10 6 21 7 24 23 19 13 20 13 17 17 5 21 22 17 24 23 20 16 20 24 11 6 17 7 9 5 21 23 22 5 8 25 5 20 5 21 25 19 17 14 10 20 10 15 19 16 17 18 5 24 17 6 18 17 20 7 7 5 24 12 15 25 5 22 22 11 5 10 14 23 10 22 15 7 20 5 6 8 8 7 14 19 9 25 21 21 20 13 12 17 24 11 9 10 13 7 18 19 11 15 8 14 19 21 10 16 17 13 23 15 7 12 21 24 13 20 21 10 20 12 17 6 25 18 19 13 9 6 18 11 12 14 21 20 22 10 8 5 13 9 14 7 23 23 7 7 20 20 16 8 8 18 23 24 24 15 6 12 16 11 24 11 14 18 12 12 7 5 7 9 13 12 13 7 10 15 17 14 8 21 12 6 19 22 9 6 21 13 8 20 8 12 13 6 19 25 10 16 22 16 14 6 22 8 10 12 14 13 8 15 13 10 11 25 17 14 18 25 20 14 23 17 12 20 16 8 16 10 15 15 17 14 12 14 19 16 8 24 15 25 9 20 12 14 20 14 24 11 9 5 21 7 24 6 17 6 13 7 15 19 12 10 17 24 7 9 8 22 16 19 15 5 13 9 10 7 11 15 11 24 20 5 24 5 19 13 11 18 20 11 8 25 23 12 7 12 23 20 20 8 8 11 8 7 8 12 16 13 15 5 22 13 20 17 13 10 10 12 13 10 10 10 24 21 9 21 13 13 19 13 24 7 13 6 25 14 9 11 14 16 17 16 9 18 10 5 9 21 6 10 22 5 12 23 8 24 19 14 7 15 8 21 9 19 13 9 18 12 10 7 18 7 21 7 11 23 21 18 9 11 5 12 21 6 9 20 18 23 19 13 16 18 6 15 15 7 25 10 10 6 15 11 20 25 23 25 7 11 24 12 25 21 13 5 24 14 11 10 6 13 19 7 19 23 7 9 21 13 19 9 8 8 18 14 13 11 25 12 15 7 12 9 12 13 14 9 12 10 10 16 25 19 10 5 22 7 21 15 24 25 8 17 25 17 17 22 22 21 19 22 11 22 13 20 14 16 10 25 13 24 18 21 18 22 10 19 17 7 22 18 8 20 8 17 6 10 5 14 23 22 7 13 15 22 17 20 24 25 9 23 23 22 22 12 6 14 14 19 15 16 7 8 13 25 18 7 8 7 13 7 11 16 9 10 23 14 13 6 8 8 25 23 8 8 21 5 18 17 5 19 7 10 23 10 9 8 20 24 5 14 9 7 22 20 10 5 13 16 16 7 21 13 25 15 10 7 21 11 12 25 11 8 13 14 21 6 23 23 18 16 10 20 5 8 8 22 10 18 11 12 19 17 10 14 9 17 19 6 11 18 17 18 6 23 10 14
3 11 18 7 17 4 9 12 14 19 20 15 13 10 16 20 17 15 16 20 19 16 13 4 11 18 7 16 5 14 13 15 9 10 19 14 8 19 4 12 19 9 13 4 13 19 15 4 13 9 15 3 7 6 20 19 12 6 16 19 4 13 15 4 17 13 17 4 9 14 17 14 16 12 4 3 3 5 20 6 13 15 13 4 20 9 7 13 14 20 12 13 19 20 4 3 4 13 19 13 10 19 15 5 6 8 12 12 5 5 17 5 14 12 9 19 15 6 7 14 16 10 15 16 16 15 5 15 16 7 19 20 13 18 19 17 9 10 3 20 11 19 14 20 8 14 16 3 19 14 20 11 9 20 14 15 5 19 5 7 20 15 18 19 13 11 20 8 15 13 13 11 17 19 17 12 8 13 8 15 4 20 8 7 19 13 10 3 17 4 11 7 17 8 11 10 13 12 17 13 10 7 5 10 12 4 16 19 13 4 7 7 14 15 13 14 7 8 8 18 11 19 6 16 19 15 19 15 11 16 19 15 10 4 20 17 8 19 14 11 18 17 20 10 4 4 16 19 17 14 12 7 7 12 11 12 17 18 4 13 10 18 18 4 8 11 3 7 9 13 14 17 7 14 13 13 7 5 14 16 6 20 15 5 8 18 3 11 9 11 19 11 5 18 12 20 7 13 9 3 20 3 14 8 9 7 15 10 6 10 14 17 19 4 8 7 19 13 11 11 9 9 9 9 6 3 18 10 7 4 5 3 9 4 9 4 10 6 17 12 10 17 14 17 16 15 11 19 12 17 18 16 18 7 11 15 5 11 15 9 6 7 10 16 3 18 20 11 5 19 8 17 5 11 6 9 14 19 17 18 9 12 20 9 18 18 20 10 5 14 19 3 9 6 18 7 3 13 19 4 17 12 18 10 19 20 5 9 3 10 19 12 14 15 12 10 15 20 9 17 10 7 10 5 5 11 10 13 10 20 10 5 3 11 10 7 5 4 16 12 18 7 16 16 3 9 18 13 15 19 7 5 6 10 3 18 5 13 10 11 16 18 14 14 10 18 9 9 6 4 17 5 12 5 5 17 3 10 3 3 7 17 17 12 7 6 7 19 3 10 18 13 16 15 17 3 17 3 5 10 8 6 3 17 10 10 10 14 18 9 13 19 12 14 4 19 8 12 7 9 15 3 14 6 14 14 11 16 15 8 7 9 19 17 4 6 19 17 9 11 8 4 16 17 8 3 7 10 8 13 3 4 6 9 5 6 3 4 12 3 12 10 9 7 12 12 13 6 18 6 12 6 11 7 6 4 15 12 18 7 16 7 14 19 13 18 17 20 17 5 6 18 5 15 11 7 7 15 16 3 20 20 6 5 19 9 16 4 7 14 17 5 7 14 6 18 7 3 12 20 19 16 4 13 17 19 14 8 20 4 14 10 12 9 13 9 14 4 4 13 18 19 9 18 20 17 7 7 7 20 20 12 4 20 10 20 3 8 7 19 7 10 15 14 8 4 10 16 13 19 6 20 8 3 20 9 19 4 14 17 16 10 6 4 7 9 10 20 13 11 12 19 19 6 20 10 19 8 7 15 7 14 12 4 9 18 17 17 17 20 3 10 6 15 4 6 14 13 13 6 9 18 14 19 3 19 11 9 8 8 11 14 20 12 6 20 3 5 15 9 19 3 7 13 5 3 12 20 5 13 8 5 9 16 11 8 11 12 9 19 12 13 18 11 16 10 19 20 19 4 7 6 9 20 17 9 15 5 17 20 19 6 14 17 10 13 12 19 12 3 15 18 7 6 4 8 17 19 8 8 16 17 3 4 5 6 12 17 14 6 11 8 8 3 17 18 19 20 19 10 11 14 8 18 19 5 14 18 5 16 10 3 18 8 20 10 7 13 16 17 10 12 13 17 13 18 4 8 9 12 10 3 18 16 4 3 11 16 20 5 18 6 15 20 10 11 13 5 18 16 3 15 6 5 11 13 6 5 8 18 20 5 13 13 9 7 14 6 11 9 11 8 13 7 15 16 14 19 8 19 9 5 6 14 15 17 11 20 15 12 8 11 3 8 5 14 9 11 6 9 13 15 19 16 11 13 11 8 17 9 3 5 8 13 20 6 11 3 3 19 18 8 3 19 13 13 11 12 11 16 3 12 20 19 3 5 19 9 6 12 5 12 18 17 19 15 3 9 5 20 10 3 5 7 10 7 5 20 11 18 4 6 18 8 9 13 5 15 13 19 5 11 5 14 20 20 15 14 15 6
933 743
997 586
447 540
511 160
819 870
371 500
485 683
181 735
56 643
794 538
184 764
277 122
708 266
124 89
689 787
87 802
515 593
184 138
199 78
519 544
412 603
652 35
891 711
636 600
665 74
403 904
313 581
800 579
863 856
196 767
275 104
733 360
716 755
496 833
711 781
955 31
905 813
599 205
814 521
636 649
14 40
449 442
757 103
343 748
198 254
705 912
896 994
864 16
97 145
441 989
379 898
186 603
440 665
472 383
979 590
443 238
311 146
906 851
48 528
947 73
414 615
821 792
284 432
784 655
496 761
577 48
427 348
905 665
803 127
771 625
542 914
64 885
947 880
899 129
702 859
482 758
451 147
903 541
729 116
532 725
637 364
924 153
504 614
239 634
724 347
539 549
686 111
652 817
794 477
183 448
654 60
4 210
248 580
125 396
52 589
310 596
943 133
583 61
560 327
342 83
537 157
389 425
412 978
632 229
587 231
305 632
702 804
914 68
3 171
763 920
390 111
848 920
424 266
526 230
407 207
389 753
923 212
190 361
682 63
242 542
471 0
891 976
191 69
391 901
385 448
126 428
267 686
69 376
531 937
617 579
373 383
497 622
405 118
603 943
528 881
967 566
819 728
712 864
166 529
447 689
183 650
326 205
730 607
134 28
790 742
908 803
452 783
300 701
125 935
596 133
533 260
735 869
670 832
510 330
69 208
472 304
716 71
48 945
168 697
76 736
159 700
317 805
623 340
429 494
845 441
576 382
673 199
135 642
560 2
857 175
720 70
330 501
55 27
250 809
338 188
97 674
579 650
930 495
898 672
186 435
503 571
73 84
771 486
788 78
403 615
952 86
547 745
509 361
319 282
837 982
679 238
497 330
686 117
904 483
833 651
288 659
918 736
655 29
383 530
463 969
774 224
110 783
402 663
820 615
421 12
187 991
441 489
839 377
246 685
581 569
47 436
362 340
455 350
538 215
70 328
393 687
385 719
219 269
779 530
415 57
674 406
713 57
120 201
136 633
735 494
326 788
974 531
655 35
103 354
53 836
573 179
656 973
994 176
576 854
724 158
313 441
32 502
863 527
318 732
294 888
884 192
717 937
353 906
95 52
309 55
196 279
896 873
839 694
243 46
36 346
705 550
340 779
981 588
561 750
963 39
417 121
53 748
680 583
248 199
528 729
292 682
249 880
884 266
332 143
356 698
641 464
965 324
528 407
371 905
692 300
259 304
595 564
738 171
471 595
344 259
390 274
274 957
848 312
931 167
928 422
998 547
750 993
538 482
22 142
180 396
7 543
788 603
380 536
936 282
859 632
885 90
410 317
547 408
92 822
329 607
105 566
345 318
854 453
624 291
706 643
524 323
748 49
308 544
424 971
642 927
151 982
556 30
39 473
260 99
390 169
502 166
515 141
435 407
910 200
850 394
300 645
720 497
857 256
951 604
354 698
729 718
7 731
703 414
841 451
731 29
864 126
366 740
425 405
33 854
962 261
847 850
255 47
90 425
893 75
59 575
183 366
614 219
904 114
537 762
178 24
266 576
469 262
844 394
519 701
949 725
274 986
183 12
640 168
661 273
55 733
575 551
104 178
493 172
283 501
345 195
997 487
235 376
936 732
438 144
966 415
706 520
437 963
913 739
94 324
697 901
853 326
694 930
464 65
71 768
738 227
7 531
591 766
530 582
118 956
591 173
531 812
311 143
524 914
923 222
255 663
435 438
322 537
278 304
527 468
286 671
202 377
218 507
146 165
582 708
800 604
107 63
82 693
354 369
713 873
80 272
194 406
792 112
121 732
605 128
498 715
893 775
501 605
346 418
417 737
283 860
205 877
128 982
211 172
194 42
521 161
401 761
121 646
911 913
129 554
786 741
654 71
22 624
797 919
165 131
198 326
674 371
599 521
875 484
42 447
863 850
701 216
844 423
731 795
97 257
778 155
708 510
233 988
642 43
887 443
548 500
871 146
567 904
584 645
131 90
102 914
352 871
523 671
683 871
915 623
926 101
600 14
554 755
38 498
560 207
452 570
450 383
686 461
111 524
987 534
953 400
346 589
163 377
490 410
964 531
512 881
692 3
68 29
948 672
824 827
632 364
836 692
145 213
181 227
915 996
519 356
985 552
93 328
532 135
344 506
190 608
501 505
534 770
472 67
764 79
715 317
118 196
697 161
539 708
781 887
324 46
593 3
505 436
129 932
918 408
676 174
731 407
847 263
781 864
581 530
752 759
23 931
256 560
575 130
399 805
936 592
636 288
24 547
95 296
912 724
297 99
660 380
357 456
56 526
574 992
397 862
459 60
298 960
686 254
514 5
593 970
778 217
250 768
197 709
317 372
562 427
547 994
837 651
335 384
221 510
495 5
813 7
67 344
409 318
171 887
252 808
231 294
699 517
768 140
690 960
147 195
642 681
113 266
168 166
950 823
256 669
270 650
994 364
324 681
92 680
620 466
982 209
235 125
68 140
953 711
920 569
139 294
17 570
466 762
149 487
666 319
820 289
272 449
755 154
58 407
241 202
370 355
543 248
859 715
443 313
368 836
156 838
138 785
147 25
78 378
599 454
312 515
527 410
813 762
594 332
55 403
46 556
384 883
105 330
707 9
138 86
712 292
473 885
928 960
302 0
94 10
884 763
346 792
390 193
482 548
694 281
780 573
575 705
66 30
549 201
880 693
867 889
813 389
307 15
435 198
204 55
693 839
666 298
445 896
40 893
503 661
444 826
421 542
969 541
112 181
880 102
805 181
952 422
631 859
644 537
118 694
418 655
458 77
998 500
805 136
817 52
609 934
419 116
301 780
41 110
995 31
254 485
654 161
674 36
129 359
168 659
562 157
754 79
260 11
434 659
459 580
248 970
380 885
93 882
265 289
784 255
397 573
565 5
792 658
232 506
467 514
103 771
217 118
705 778
36 720
171 329
474 275
99 31
574 811
321 305
27 194
41 73
728 532
305 440
419 855
216 477
4 974
677 535
517 490
68 777
864 913
501 503
705 396
761 498
837 247
585 274
548 175
880 144
142 893
286 948
707 833
924 433
171 907
288 103
452 520
635 92
776 803
494 565
165 82
994 562
923 496
493 460
982 221
784 123
272 86
829 741
679 765
636 11
600 102
679 445
244 111
953 7
797 28
708 162
923 697
437 149
992 360
4 444
285 792
500 976
256 387
118 967
178 980
772 486
818 106
629 990
773 90
490 444
535 45
342 233
512 491
897 570
141 949
619 145
835 162
266 62
545 389
975 258
197 412
427 632
534 86
309 786
379 296
516 342
209 646
787 584
230 421
959 128
771 933
67 974
274 656
561 126
387 842
282 974
192 230
440 68
325 170
452 453
971 412
731 590
919 661
7 716
272 465
315 700
389 528
166 780
733 80
367 104
138 513
778 601
362 401
108 304
839 282
150 736
904 823
673 714
371 948
839 648
339 673
480 999
295 340
578 741
428 613
966 700
532 965
83 182
430 441
654 931
439 458
961 183
394 698
47 196
567 350
59 12
358 743
880 674
125 834
137 520
134 18
514 113
241 94
646 188
347 87
520 419
628 83
136 623
6 679
258 170
907 857
851 301
628 815
40 827
641 710
841 30
315 740
984 468
673 917
146 447
215 770
329 661
340 420
429 188
41 583
431 103
742 430
152 921
64 891
914 184
642 291
440 491
47 320
917 511
760 86
339 63
924 841
187 34
706 497
969 592
370 909
836 31
580 567
35 288
599 447
301 752
302 76
404 827
10 252
410 667
69 189
475 335
698 684
186 450
658 124
176 741
276 156
803 503
670 534
826 783
679 932
633 922
298 155
308 291
38 161
727 770
419 434
986 941
730 46
86 988
372 79
474 262
28 536
759 644
991 21
183 854
84 676
359 371
490 668
826 354
641 709
749 430
515 899
483 800
769 903
502 925
524 510
361 954
361 649
107 608
607 715
285 647
634 898
821 208
260 649
61 481
62 199
433 934
927 372
5 60
735 78
168 861
209 288
938 49
725 520
428 546
761 524
880 631
773 810
964 457
612 238
142 335
904 768
275 871
212 352
21 822
242 831
73 215
85 913
396 412
265 558
191 678
446 610
4 827
905 343
372 165
150 277
637 531
650 532
613 17
463 382
985 379
192 859
404 409
472 746
122 162
63 980
429 469
428 594
662 888
56 257
799 588
987 37
676 561
71 776
193 66
294 98
715 344
651 873
415 220
999 661
472 354
850 187
218 823
850 705
286 480
227 529
398 977
117 268
73 932
118 91
995 754
996 72
328 771
178 392
921 25
653 649
969 801
545 852
340 652
609 562
332 964
579 456
948 129
650 317
486 301
489 946
934 300
486 215
855 722
988 33
149 586
89 426
312 274
297 491
673 633
210 661
140 332
665 440
19 786
754 650
381 746
415 308
929 23
379 714
739 584
120 676
715 511
497 920
707 214
630 697
616 533
722 565
453 367
666 344
624 588
955 763
289 80
50 781
831 885
831 475
589 463
924 552
175 127
942 220
630 959
570 485
728 717
271 559
379 439
926 57
874 639
980 113
976 868
243 105
161 590
189 647
142 214
780 262
699 886
45 714
675 852
122 642
587 205
353 948
368 686
864 800
555 908
365 781
649 856
912 129
439 870
497 676
98 282
8 658
28 952
145 440
344 574
521 955
17 896
208 750
8 187
823 478
280 325
857 219
142 849
854 95
488 569
661 154
814 456
473 318
990 766
64 950
867 276
657 703
354 773
123 211
774 586
268 445
877 92
975 708
36 669
287 993
129 21
588 716
400 863
164 859
672 100
324 474
305 214
292 353
230 800
519 456
326 746
5 614
639 685
631 790
379 536
880 295
87 6
712 299
40 340
536 568
43 631
106 295
937 340
847 877
803 821
727 755
87 525
463 7
732 350
536 255
956 215
685 85
116 359
388 369
669 697
571 803
97 279
481 957
179 900
580 960
197 239
887 957
474 932
316 327
833 262
248 650
439 818
826 606
389 141
456 693
51 142
621 246
937 590
84 407
588 546
171 546
335 212
206 20
148 14
903 644
467 854
849 754
146 474
356 744
842 954
964 39
741 225
726 465
212 660
730 368
156 776
464 120
727 34
655 829
584 612
687 906
299 549
462 610
967 81
270 214
361 226
41 965
51 345
424 839
597 688
692 834
606 998
538 388
251 668
676 306
711 573
737 894
996 384
740 802
626 726
54 758
432 527
537 766
116 593
706 595
173 398
411 494
189 401
293 813
921 675
928 116
227 478
962 542
170 88
150 553
757 596
197 66
265 30
946 317
142 297
368 833
44 687
877 681
300 111
332 36
446 214
866 319
684 567
815 724
4 97
694 374
151 458
926 509
997 166
248 439
62 917
315 232
21 207
633 744
946 410
926 37
363 411
561 823
390 866
596 436
245 240
773 83
868 770
423 77
24 99
239 569
603 338
557 96
137 820
826 473
368 779
408 947
996 39
876 495
979 539
46 826
3 786
556 851
251 250
13 955
327 293
391 930
270 363
607 984
788 996
959 969
438 428
944 388
54 924
332 409
356 272
925 862
234 281
990 487
987 952
222 415
95 645
189 454
234 964
322 757
395 942
753 163
722 564
598 174
138 680
854 488
187 358
572 403
666 876
343 812
100 849
0 5
774 504
827 652
816 326
863 802
254 257
792 10
186 977
572 919
953 493
418 140
726 643
833 643
817 380
719 733
330 92
57 641
720 303
572 61
808 925
686 699
930 425
148 468
527 972
510 768
310 140
747 948
958 718
777 598
236 361
994 163
129 182
569 277
635 515
323 968
130 994
135 373
598 682
525 697
618 577
794 213
498 626
935 257
424 376
976 263
493 90
862 393
78 264
59 957
183 532
803 239
135 991
481 610
90 364
267 195
56 134
26 44
524 419
847 883
533 250
560 358
786 39
51 671
882 142
298 547
423 395
23 460
327 281
728 582
310 88
725 10
488 267
54 958
178 270
539 785
302 850
875 625
596 309
313 877
795 932
214 818
619 515
277 458
366 311
374 107
370 218
945 887
906 476
659 449
185 777
848 949
66 904
175 731
611 73
57 622
271 753
461 529
180 850
439 456
28 741
419 817
407 615
4 356
358 86
30 348
933 250
364 660
744 954
588 825
148 725
748 887
276 708
147 187
281 519
430 972
740 312
855 75
369 563
812 189
224 720
507 932
680 22
874 441
485 505
378 599
535 406
495 471
965 779
304 446
871 537
880 912
729 546
975 50
186 556
480 89
146 35
500 907
426 50
513 606
380 793
515 764
445 633
891 642
82 338
366 594
17 287
639 691
734 469
469 92
663 603
120 648
409 76
415 171
824 232
461 299
674 180
195 48
986 255
216 795
966 454
104 750
381 650
411 73
489 151
946 314
665 942
784 989
464 474
678 733
616 947
569 249
371 402
603 717
654 250
81 111
178 604
126 766
654 580
282 994
696 700
980 120
630 690
212 932
242 896
659 516
70 731
705 81
989 112
842 592
887 801
448 841
878 967
192 863
324 173
939 54
939 441
432 289
604 575
646 881
498 32
726 717
5 875
166 67
724 575
431 152
911 821
971 271
882 751
756 743
47 21
794 263
675 568
609 591
420 38
177 74
101 803
80 249
867 741
499 139
877 195
655 777
280 402
533 321
258 203
164 477
2 62
984 63
90 853
475 267
728 292
201 331
851 284
62 473
435 714
675 206
436 783
401 134
693 14
84 63
828 573
111 879
552 649
309 374
5 95
312 391
801 926
451 655
684 245
318 701
707 984
482 24
216 242
756 991
596 58
729 351
897 584
17 946
77 252
341 688
379 140
356 796
347 93
21 889
824 638
111 548
906 263
816 177
691 264
257 39
677 327
434 38
466 766
763 245
486 660
481 849
875 896
80 531
176 480
296 66
724 315
912 369
297 731
447 818
285 579
86 494
455 110
881 862
242 306
718 31
285 796
787 393
518 81
988 199
835 322
241 341
748 166
191 824
520 239
813 260
240 232
783 601
283 753
57 445
577 973
467 280
255 976
647 904
710 299
622 172
825 886
231 338
765 172
796 473
808 912
925 47
534 873
168 228
958 267
117 188
687 651
499 94
917 961
763 840
738 548
640 890
148 347
227 884
514 491
295 229
928 417
986 94
264 221
338 719
636 580
354 809
143 510
416 314
411 993
142 337
704 802
662 66
774 939
607 97
21 49
581 39
989 728
137 437
582 448
946 979
363 18
905 597
301 186
162 685
88 627
727 485
86 751
116 775
61 930
278 489
624 58
69 487
416 558
143 905
958 295
319 329
313 86
985 760
393 590
714 143
987 683
126 880
398 784
666 208
158 665
647 487
324 811
943 768
399 826
230 797
358 768
395 371
214 144
947 647
51 861
744 937
865 882
625 193
481 589
329 754
644 548
680 839
171 110
555 409
709 247
756 405
207 523
739 551
43 846
823 928
723 882
524 431
712 566
355 867
564 284
385 685
749 724
713 447
266 935
640 275
438 229
191 627
432 161
764 655
149 69
220 594
660 680
527 804
621 8
989 970
587 147
196 188
969 913
163 105
290 507
656 242
282 14
900 560
21 379
828 69
299 71
547 951
779 917
258 148
335 619
809 99
220 959
407 526
485 186
557 569
415 455
745 308
849 609
777 676
583 124
635 363
304 688
633 267
83 824
917 605
965 413
476 612
23 350
444 780
142 171
564 8
67 604
183 189
507 536
771 4
656 117
332 460
343 89
20 675
253 232
647 949
534 636
189 605
803 959
325 596
999 414
809 486
163 719
519 443
93 787
599 193
692 656
132 376
764 133
920 219
603 245
149 777
751 926
546 931
783 517
139 357
22 668
785 369
590 663
692 664
370 278
702 19
675 452
490 340
73 623
857 706
100 294
180 959
670 342
17 967
663 125
133 733
157 796
352 510
322 543
816 181
48 40
438 706
201 477
414 225
738 451
326 461
446 38
154 56
497 977
216 823
991 806
140 254
655 830
100 989
32 817
656 210
121 740
15 262
834 695
381 903
80 990
325 666
460 24
132 351
738 807
32 484
444 563
333 236
861 657
720 50
260 827
647 849
863 818
283 866
389 755
717 164
504 117
734 540
842 236
867 552
666 983
686 423
923 546
100 749
854 235
576 775
927 714
780 91
783 336
588 660
397 582
190 980
578 781
71 780
296 135
986 939
462 824
805 460
698 165
390 461
773 561
566 607
842 289
583 331
513 907
802 826
724 948
811 590
135 563
425 491
637 752
863 704
196 85
590 45
493 794
542 476
802 472
670 66
25 116
720 525
134 624
997 367
784 583
873 598
122 500
652 143
728 581
322 263
474 354
290 940
255 834
259 881
433 300
720 946
453 883
152 321
306 120
698 196
494 172
675 738
638 666
459 981
465 103
145 623
971 760
524 660
578 506
661 98
598 142
251 305
701 785
130 220
249 444
287 64
196 366
991 516
344 305
408 877
649 119
229 850
519 172
750 668
375 236
748 245
622 739
611 880
979 453
733 841
726 778
273 815
128 913
609 80
670 334
72 104
14 210
226 977
88 800
65 139
506 461
768 250
873 396
789 220
696 359
86 313
908 827
958 354
316 526
82 201
186 895
484 106
32 760
762 37
828 178
856 519
160 377
771 719
482 997
922 177
676 732
539 429
71 900
15 277
29 240
534 791
373 475
56 158
627 699
120 743
928 290
273 527
71 235
177 52
95 912
43 478
527 727
259 662
938 196
642 64
76 307
332 846
652 236
202 864
170 637
462 42
72 382
830 690
849 92
486 466
155 675
333 701
999 665
190 20
780 192
173 476
599 224
400 288
190 506
606 512
74 987
314 465
213 939
607 738
716 85
418 611
605 508
549 526
630 396
61 738
414 832
861 752
801 10
399 37
802 773
336 222
486 473
405 252
728 430
214 824
297 984
531 350
70 930
890 510
513 634
375 469
758 749
659 248
573 450
715 536
271 962
832 865
956 734
431 42
312 825
658 720
588 426
427 606
571 148
821 3
312 856
41 982
166 582
569 944
307 690
527 636
198 118
198 949
359 22
315 443
916 165
142 588
15 365
87 120
339 568
710 716
342 538
52 2
220 607
860 592
906 479
585 834
63 584
192 176
307 232
762 344
448 30
501 206
580 268
855 794
33 872
162 354
772 71
234 692
532 938
248 872
739 952
139 516
392 682
116 714
149 295
497 449
38 696
199 517
76 10
765 684
142 525
875 498
618 556
409 669
338 128
983 462
61 120
922 969
628 448
136 98
263 300
408 142
817 280
393 965
348 303
148 738
79 903
839 811
730 224
289 82
874 369
418 246
73 741
696 388
544 845
811 581
338 634
256 457
334 945
565 460
938 301
297 141
836 758
642 915
716 29
921 942
525 140
894 488
876 200
712 671
715 424
563 883
65 815
578 486
331 763
414 643
949 614
285 732
263 787
815 315
403 405
591 160
656 968
182 736
220 331
795 372
286 432
25 662
618 172
521 168
890 241
331 336
164 507
569 256
801 385
337 209
554 830
498 182
617 64
549 399
711 919
105 928
72 662
299 521
520 274
713 226
100 942
784 161
307 540
275 935
627 129
867 29
440 650
802 228
818 409
805 377
564 756
58 435
439 454
93 841
259 879
978 154
819 459
818 165
20 436
0 87
901 383
462 736
653 576
881 110
251 258
829 173
475 984
502 73
909 208
377 647
720 113
99 353
850 378
871 643
84 362
227 523
967 203
16 696
263 149
708 235
749 726
675 31
58 496
614 437
573 92
140 404
271 187
668 127
466 665
579 455
82 771
801 678
552 306
223 889
164 603
986 30
279 496
206 72
93 229
705 409
595 547
304 353
590 583
889 271
279 313
318 306
186 803
430 493
640 712
230 868
810 246
450 937
968 479
402 465
872 720
847 983
101 710
736 114
167 244
469 357
679 853
734 313
162 936
278 50
923 144
581 660
265 124
336 187
350 93
151 631
493 712
52 450
252 601
464 857
255 279
366 649
632 649
806 819
709 58
604 408
921 453
904 880
312 244
317 452
913 81
705 189
434 415
394 869
868 378
301 990
787 625
101 372
307 996
290 979
928 774
834 807
328 976
781 604
374 930
162 437
294 810
253 522
551 111
255 45
716 322
940 520
959 504
141 980
276 956
342 458
767 523
856 433
988 985
425 151
913 455
393 869
225 465
700 166
349 880
663 532
732 536
387 705
206 399
483 291
786 113
300 327
396 709
257 210
348 999
117 421
315 449
229 144
797 444
437 407
725 516
614 362
664 561
14 48
422 918
106 78
450 548
870 458
745 846
737 447
557 985
107 6
329 615
419 573
779 934
733 443
660 751
595 681
898 912
25 90
998 770
510 272
841 676
357 804
118 575
645 74
649 20
682 412
127 386
504 507
344 902
946 274
227 58
504 45
742 723
826 142
488 334
713 252
472 698
593 257
724 931
480 555
725 432
615 424
63 381
296 309
300 445
865 301
915 66
795 316
790 427
326 409
166 138
158 639
246 783
987 129
152 746
452 42
448 412
80 321
941 993
802 878
135 809
203 796
157 437
787 440
581 974
431 41
717 69
318 570
695 247
34 347
812 230
523 883
303 495
784 106
333 211
460 7
607 793
279 249
857 298
390 804
596 296
378 349
395 807
162 128
387 477
610 22
707 874
163 144
322 679
408 758
739 782
503 987
402 688
40 507
692 814
39 468
535 345
568 186
524 655
438 422
526 530
857 870
875 105
979 433
209 894
415 69
949 217
341 719
413 138
164 447
279 45
153 232
44 650
664 228
212 81
444 803
350 742
448 244
389 445
861 279
972 102
295 727
345 865
605 538
650 266
595 562
474 483
182 665
969 169
916 879
301 31
415 469
379 104
960 672
349 902
77 730
512 105
340 751
482 633
724 691
171 598
216 437
974 280
299 21
529 4
679 693
66 960
558 622
553 459
412 499
640 47
127 226
632 646
497 955
447 34
230 160
464 385
116 596
866 517
702 73
485 517
888 264
308 980
657 298
774 358
870 941
736 294
322 26
56 47
786 606
803 428
780 413
53 41
96 361
825 786
76 723
892 751
586 461
888 980
760 960
363 132
844 837
836 610
669 804
173 181
316 35
932 834
0 809
524 605
552 836
254 348
211 339
109 640
300 181
686 834
773 747
173 620
423 484
640 746
322 366
168 413
870 838
644 247
617 597
37 138
790 349
405 862
843 551
704 812
457 382
452 755
196 807
28 748
619 493
589 724
169 572
821 813
177 189
145 148
273 672
338 67
131 518
968 629
651 55
62 582
395 709
716 360
122 528
31 947
417 675
785 378
796 553
749 18
539 407
105 643
782 207
351 824
676 383
1 871
686 863
152 207
630 367
137 529
633 926
39 29
456 956
896 830
691 117
177 78
957 991
478 152
12 873
41 293
441 409
571 994
604 799
731 183
674 845
974 917
118 342
888 93
530 301
582 302
130 483
540 278
538 337
896 302
100 515
48 132
207 418
836 624
323 630
963 931
591 125
732 787
775 339
411 646
578 38
275 687
3 393
88 853
811 69
568 690
88 897
239 877
796 131
428 987
43 583
100 78
759 484
484 383
711 662
477 224
807 538
695 112
724 752
460 976
172 617
954 279
961 236
181 637
178 486
152 336
90 775
994 368
549 265
676 206
25 280
558 694
164 94
226 666
219 752
84 464
760 511
459 921
717 70
273 960
646 497
994 208
230 86
689 681
850 397
667 987
484 61
410 965
766 780
957 841
409 552
602 75
351 158
717 204
854 986
287 810
708 753
791 532
192 662
92 100
555 379
929 802
977 916
898 590
943 931
893 271
74 329
305 263
598 528
67 913
929 216
52 138
186 332
13 17
232 612
729 773
754 417
219 462
130 300
947 845
668 349
221 781
44 368
370 399
576 392
102 261
624 316
47 554
567 55
485 501
451 236
372 290
829 540
882 16
347 144
861 550
745 590
735 954
303 110
901 521
423 355
196 517
392 19
324 545
892 351
362 866
376 678
921 792
957 725
837 379
356 719
101 572
577 510
832 552
898 970
305 513
460 661
268 666
484 680
511 260
398 637
702 21
27 170
934 792
368 978
885 527
828 823
585 278
912 592
666 875
575 312
911 169
844 889
426 491
131 422
567 827
624 952
606 277
560 774
46 957
107 66
924 6
273 53
190 50
149 48
68 590
621 634
931 939
534 753
942 990
935 465
677 666
601 579
958 463
732 229
575 310
658 66
382 333
718 110
558 503
948 727
418 887
742 375
714 788
567 73
788 497
556 949
890 89
699 148
462 630
111 245
595 376
746 456
310 391
123 590
227 255
473 881
502 100
777 490
40 349
868 845
886 896
756 483
341 414
618 659
669 797
715 373
413 224
572 583
930 18
648 685
989 189
299 90
31 658
842 700
271 470
231 103
492 955
974 253
560 909
729 741
970 356
760 998
616 523
342 595
242 570
220 208
496 423
205 624
514 681
998 98
313 480
273 571
962 683
801 2
645 9
603 616
180 306
207 519
132 32
301 606
919 942
624 34
192 404
788 839
872 915
116 855
856 769
93 990
987 158
381 910
921 333
908 531
936 327
344 705
335 101
18 513
728 93
64 113
869 904
94 118
884 660
683 361
494 428
657 541
240 97
307 669
255 992
267 725
569 545
585 340
814 252
282 537
459 316
736 667
87 299
751 367
112 804
395 288
344 307
48 693
893 763
93 508
8 91
865 870
176 522
787 183
477 641
661 633
392 563
231 651
621 547
636 176
999 662
403 154
63 886
200 298
348 222
798 208
751 455
652 636
261 71
880 379
862 364
379 319
909 442
135 218
241 703
328 993
335 362
899 729
929 613
657 394
677 524
435 945
458 323
348 347
747 780
410 902
140 566
756 570
691 893
494 418
847 684
187 254
404 145
893 688
955 757
302 493
525 40
172 699
677 887
686 395
798 999
238 809
275 933
664 648
454 671
610 894
155 194
421 834
123 108
122 564
350 118
390 491
68 24
292 958
337 819
726 6
731 946
578 954
463 188
633 271
989 33
176 990
961 344
819 911
368 180
239 546
818 868
37 337
299 904
862 289
889 474
617 389
172 851
80 517
767 816
453 970
685 841
806 127
98 2
474 263
920 305
539 748
797 289
52 180
474 568
634 775
651 775
65 644
286 926
402 712
377 41
196 319
333 99
825 95
561 724
394 664
398 82
595 379
357 213
915 732
164 776
966 274
49 260
790 148
962 983
683 304
270 886
433 85
432 369
993 7
407 776
314 687
765 802
648 485
205 992
692 864
649 999
596 797
439 192
867 155
104 802
846 55
537 701
621 765
672 295
472 21
938 551
63 716
984 594
994 233
267 0
432 258
198 50
357 211
800 218
550 751
219 211
917 79
937 377
513 766
601 513
732 120
942 701
844 698
643 631
417 361
70 979
275 185
961 585
129 894
975 523
394 837
781 429
433 122
32 216
10 729
414 77
115 616
748 930
297 337
637 969
567 952
952 977
595 322
751 278
28 111
878 27
575 179
591 85
604 57
297 146
93 660
533 145
207 820
100 86
635 643
957 79
656 900
642 758
735 917
990 389
47 383
362 58
10 221
701 595
661 368
125 669
71 584
385 414
466 585
341 255
159 962
614 905
510 96
32 771
502 9
109 31
764 915
720 797
349 255
995 653
314 841
625 504
650 19
416 64
528 707
484 657
558 329
218 220
841 133
481 352
906 264
491 665
901 8
696 850
276 382
353 929
948 322
211 112
200 649
905 978
766 909
413 683
845 885
429 407
770 606
141 806
613 166
378 666
616 925
481 728
995 474
890 289
369 349
404 417
464 711
247 353
389 961
211 722
611 214
40 311
922 896
8 571
739 820
431 281
812 579
773 736
12 655
542 564
420 743
854 927
366 823
560 147
986 909
514 789
623 175
919 562
426 512
821 933
636 329
494 704
663 79
250 158
509 867
581 126
244 745
228 83
572 477
358 269
507 775
553 469
68 401
295 212
976 839
532 67
357 428
477 640
976 500
432 988
2 167
919 129
317 249
231 383
793 781
842 169
675 246
380 38
135 57
402 653
753 286
73 144
918 265
658 671
426 0
70 609
517 864
521 107
623 4
145 296
858 260
554 491
942 435
572 8
975 758
204 130
947 166
484 233
630 986
553 489
929 446
634 668
821 901
364 901
92 752
693 333
45 892
283 303
970 987
87 938
853 915
19 723
768 720
448 268
756 734
486 725
685 14
191 710
336 585
932 275
734 873
147 973
876 46
909 188
426 248
743 732
722 446
233 245
240 780
452 18
533 583
703 44
551 844
257 467
422 543
389 81
658 50
334 247
599 484
793 945
498 796
239 35
255 434
640 22
345 636
48 923
639 404
128 147
793 913
528 376
386 450
586 370
127 380
232 344
148 330
817 136
235 146
148 833
913 600
202 180
290 397
942 675
547 110
908 979
568 187
162 944
673 111
801 422
665 332
8 903
804 115
279 156
286 750
670 412
205 159
528 923
170 340
752 49
171 406
343 813
492 21
608 412
610 81
596 101
346 849
453 357
927 166
510 976
603 927
777 14
513 213
380 947
221 733
754 934
111 770
331 300
286 920
620 291
448 523
46 819
966 736
338 156
255 106
168 532
863 180
377 787
908 839
833 905
690 270
359 942
691 763
539 861
664 510
945 534
141 950
351 928
1 399
369 572
155 242
606 354
851 934
501 575
27 653
17 64
587 974
522 948
604 736
148 510
7 143
278 36
729 92
909 806
36 357
54 608
328 231
138 102
701 212
910 481
424 55
362 571
205 248
30 945
834 555
251 324
608 686
425 72
220 590
327 282
43 964
276 267
537 957
365 820
827 349
839 232
168 179
157 80
44 678
522 51
251 699
865 498
696 344
889 173
558 459
819 520
171 287
929 751
247 825
583 37
379 66
823 321
797 926
666 517
650 583
126 118
456 744
389 638
561 52
52 266
760 749
138 643
320 652
912 62
895 908
87 591
113 421
674 155
8 539
431 921
218 390
282 449
138 198
956 331
520 683
197 487
549 184
991 254
599 824
46 197
417 968
809 617
345 893
345 12
95 77
840 24
422 831
877 182
442 358
296 851
47 36
926 590
819 149
407 64
172 446
606 343
841 628
19 502
27 905
26 850
273 205
449 380
117 785
799 906
742 67
254 260
512 295
22 181
261 143
230 684
417 446
437 21
461 937
997 12
867 546
707 212
159 873
454 99
801 489
54 146
178 126
852 109
575 806
478 235
253 719
221 774
318 386
469 34
793 340
271 475
425 995
688 298
366 454
241 359
916 373
18 967
316 303
463 32
968 829
0 469
33 655
344 553
3 32
479 899
339 463
377 904
867 385
709 191
761 644
557 229
276 800
187 685
537 756
188 416
452 416
199 69
110 691
88 188
637 513
19 873
443 83
34 58
366 230
594 276
808 913
875 221
175 924
61 545
795 125
6 703
425 337
517 736
450 320
714 858
890 855
653 6
963 244
234 174
168 530
783 953
286 909
772 100
168 797
311 493
764 762
808 485
241 413
370 16
147 160
522 174
412 921
575 937
474 752
993 978
793 474
320 514
727 233
960 679
753 62
177 988
306 34
657 534
263 67
142 333
257 196
71 632
276 948
648 148
996 897
706 1
20 476
268 736
723 964
566 583
819 642
819 166
256 540
527 68
494 95
262 733
984 624
811 201
716 682
572 4
761 121
863 104
929 990
51 178
586 816
983 49
516 151
568 543
404 872
952 779
276 549
798 724
756 513
971 692
141 641
878 214
337 21
279 890
120 915
10 13
473 759
179 276
697 12
573 603
895 315
698 872
197 922
32 415
920 855
449 887
63 359
466 194
448 496
613 673
964 494
136 78
259 914
6 446
694 142
986 224
579 399
421 395
911 457
195 733
490 895
577 699
826 30
98 667
335 219
493 687
546 652
915 453
329 900
950 936
528 307
116 206
308 594
861 821
483 128
956 59
944 364
791 197
594 620
569 477
536 416
723 454
662 141
996 485
423 749
852 280
247 450
900 742
407 241
279 658
547 368
877 456
475 692
12 357
336 803
302 722
407 66
172 835
270 117
816 648
156 639
472 89
38 7
5 560
274 710
720 24
547 59
34 981
641 803
18 749
114 617
395 16
576 803
417 702
546 767
276 75
865 5
414 661
964 989
464 467
937 47
907 38
850 247
242 131
72 818
970 443
739 321
828 235
681 834
66 781
799 558
48 32
520 34
529 496
587 28
661 163
775 305
918 921
206 186
750 397
401 379
384 951
865 694
237 61
709 887
210 773
837 532
475 458
112 255
280 104
493 75
516 396
951 231
120 984
775 841
885 207
321 516
233 965
777 953
810 59
7 539
633 139
137 766
510 566
826 181
349 777
833 432
741 232
807 831
273 359
627 355
141 446
739 747
265 733
242 384
771 988
190 393
561 860
321 51
55 915
416 949
531 226
374 398
539 857
860 555
858 534
169 157
500 251
685 184
183 551
502 472
926 315
902 894
761 505
678 967
90 265
602 232
467 43
78 327
84 525
954 734
330 91
296 602
781 989
178 615
381 821
854 593
668 469
453 177
407 527
334 767
603 981
797 346
4 6
222 890
561 50
496 658
773 22
367 100
807 416
551 834
965 417
941 995
424 657
764 672
806 348
197 581
311 742
153 330
441 262
380 355
936 859
695 606
377 409
168 612
82 798
249 241
250 27
347 320
127 703
233 630
662 244
335 356
175 80
855 249
168 56
857 240
370 657
295 681
815 242
984 508
332 591
21 227
514 589
436 531
444 643
596 14
346 158
353 456
982 591
406 103
316 104
982 158
318 512
81 250
468 507
100 854
968 430
325 492
298 574
444 835
771 873
781 502
433 106
934 767
215 184
472 305
919 249
167 918
890 942
472 504
84 614
207 155
17 873
577 673
142 758
839 179
351 861
715 956
999 630
438 620
25 678
867 732
251 586
782 97
499 93
774 264
468 900
444 690
361 744
851 416
347 91
449 612
152 331
390 770
804 604
834 191
760 661
77 450
629 211
753 516
476 716
871 745
650 151
465 74
322 481
773 141
406 511
390 478
553 167
929 779
172 609
71 943
121 908
766 542
504 976
877 953
549 547
446 403
173 994
939 778
404 662
786 634
386 303
600 569
170 210
123 945
12 875
137 279
766 110
150 99
998 227
147 760
717 251
142 458
66 159
762 226
239 531
309 470
926 809
994 222
496 716
687 827
39 320
388 393
119 912
557 497
956 569
220 699
183 665
499 246
280 956
330 372
54 227
128 219
25 95
602 540
365 945
895 201
267 186
352 991
841 795
303 275
804 315
841 201
763 487
35 765
288 846
502 184
36 382
336 38
586 161
145 850
237 503
380 476
238 176
201 848
393 973
240 585
180 114
208 644
715 332
313 973
717 666
378 357
342 923
621 717
684 271
738 102
134 313
38 824
238 686
38 527
32 51
632 257
501 382
860 31
408 324
38 330
917 123
788 600
891 198
726 526
912 367
363 400
622 351
892 222
511 36
214 971
396 180
26 208
927 854
557 888
496 9
234 48
8 820
632 322
551 59
834 921
798 320
615 680
127 982
528 51
214 739
476 18
868 336
965 156
282 742
752 393
278 541
888 424
454 757
354 938
233 19
48 595
774 219
123 956
344 529
375 155
828 416
257 303
235 569
523 808
822 734
63 10
844 587
992 460
767 372
902 816
337 188
105 455
208 215
614 386
505 941
89 155
47 392
463 86
966 59
104 133
861 538
27 92
315 807
409 683
679 841
555 89
972 17
187 151
61 245
86 681
447 880
416 130
185 39
664 783
796 787
962 905
534 671
99 491
21 601
446 303
813 773
618 103
935 971
74 840
567 798
133 765
510 271
364 606
357 336
578 575
872 256
803 606
664 200
363 416
631 274
513 367
925 121
340 285
556 549
992 923
724 794
331 769
207 843
189 347
553 789
406 557
491 504
423 992
167 963
464 704
560 666
158 685
786 266
776 206
58 248
326 98
393 168
188 467
116 328
419 717
882 607
679 237
891 400
178 520
289 869
405 334
47 398
534 641
625 954
173 901
44 466
109 140
745 411
909 593
165 25
870 536
82 529
108 995
599 918
30 424
805 986
144 325
632 48
13 480
814 592
530 859
864 135
360 996
810 166
910 897
804 922
731 955
901 79
814 475
784 536
925 842
495 809
720 22
449 798
414 105
441 970
502 180
1 386
526 127
110 280
822 66
241 400
123 623
118 833
859 605
53 588
99 383
464 825
951 94
482 115
512 64
637 484
29 709
890 201
980 52
335 55
807 727
367 238
572 304
655 232
371 901
480 323
898 824
958 817
678 409
816 984
853 952
292 867
332 748
338 28
717 572
216 77
390 363
653 190
447 520
462 494
450 239
788 781
202 659
594 208
976 638
241 739
345 334
639 15
296 13
40 267
420 378
768 473
207 106
950 903
570 323
780 125
428 894
243 990
951 530
134 215
713 315
779 1
584 921
945 19
364 71
773 341
607 204
8 966
667 354
605 780
744 647
703 239
997 620
752 727
593 254
516 677
252 119
748 353
723 529
826 563
433 615
65 886
570 724
287 376
568 278
314 890
636 320
521 29
593 875
927 219
129 306
967 248
106 880
2 688
211 500
321 319
582 849
399 251
961 513
196 123
557 988
269 974
157 938
987 500
719 104
518 752
39 539
116 49
77 397
544 590
700 898
438 879
39 601
29 0
410 677
957 913
286 353
436 788
538 431
528 636
432 999
981 952
271 404
949 387
226 37
565 289
360 969
523 363
770 502
287 95
336 401
796 797
677 110
642 292
474 303
273 722
701 70
412 163
603 467
349 38
714 395
834 891
461 525
918 656
937 892
189 904
27 113
350 323
137 768
930 187
876 864
584 681
742 762
58 392
33 353
984 417
601 948
914 838
878 571
592 863
100 584
745 642
469 940
692 576
359 621
294 499
738 252
207 750
205 404
722 911
777 13
496 933
48 342
786 446
641 761
503 117
650 848
706 444
112 463
401 309
935 818
165 592
315 455
49 113
920 447
752 829
873 764
735 875
209 685
569 261
814 55
817 281
487 134
43 3
704 937
761 570
503 508
60 924
115 856
326 487
785 622
125 365
697 817
492 208
858 4
321 871
210 73
81 974
798 551
355 733
506 491
467 310
972 757
768 999
808 371
700 380
227 823
15 296
837 372
109 503
722 676
587 598
826 865
314 253
618 789
958 632
690 663
270 789
326 230
70 965
638 856
274 732
401 188
42 598
875 270
922 667
539 566
813 907
659 987
360 602
226 792
808 710
948 74
714 534
739 180
607 350
647 943
287 783
564 496
882 994
672 563
703 457
831 968
635 519
237 986
334 579
237 734
136 323
141 934
57 319
624 187
510 655
603 848
702 834
669 165
995 256
30 17
185 438
475 956
677 355
399 802
964 183
755 853
107 800
892 791
621 905
914 161
350 975
753 414
120 28
760 237
720 133
582 575
459 186
862 98
178 710
449 713
975 852
822 974
217 451
82 621
527 835
993 722
767 829
385 573
553 426
126 707
299 114
602 777
842 113
593 827
926 403
887 25
920 647
187 659
203 365
742 80
230 844
266 863
809 405
493 734
483 608
392 603
409 164
690 636
657 101
193 503
29 556
221 209
725 898
837 286
579 808
707 821
907 807
602 179
951 84
119 474
118 102
646 755
882 181
166 666
911 517
239 631
124 623
446 221
181 3
826 255
24 335
814 241
838 515
726 253
987 581
109 911
414 737
986 416
284 943
428 337
670 504
635 695
274 535
839 296
359 556
256 954
458 286
551 595
703 905
162 512
73 383
806 49
879 775
750 90
69 107
450 646
576 473
84 952
156 297
747 558
254 909
297 962
947 451
777 583
236 632
821 837
927 502
634 904
40 498
546 826
573 964
760 314
551 125
872 182
854 98
241 769
245 262
563 161
440 924
239 377
710 626
583 739
960 322
981 584
690 471
361 281
0 284
504 828
819 768
239 751
122 317
867 317
412 579
528 355
746 520
101 514
147 665
688 862
657 691
389 384
277 306
534 663
725 269
885 516
195 314
122 463
897 166
983 819
518 217
19 571
293 969
304 452
976 836
539 821
152 459
455 905
11 431
800 386
320 844
566 729
257 189
83 764
581 491
82 678
916 195
165 762
657 93
218 55
625 959
551 784
328 513
952 836
617 634
580 679
607 155
257 570
219 371
302 689
901 990
130 149
474 539
441 408
835 928
437 831
308 243
616 689
27 68
785 790
660 581
964 525
533 978
766 839
109 836
845 751
94 612
62 53
864 999
983 153
416 615
373 181
828 975
952 187
481 795
168 444
230 2
468 845
391 586
475 383
596 930
19 540
298 470
303 880
703 673
544 814
31 108
214 705
668 876
934 723
638 94
667 710
549 51
838 418
191 467
317 107
805 733
630 282
551 730
35 129
650 217
997 25
425 201
965 382
977 818
23 319
384 615
162 493
691 523
345 411
229 179
985 335
664 100
150 309
78 941
598 940
204 707
491 201
380 685
590 782
923 763
540 309
647 526
86 269
639 28
369 654
290 806
55 487
149 274
733 676
619 606
265 826
944 971
538 912
141 50
198 567
525 45
62 458
657 592
981 16
923 150
236 493
649 691
665 84
370 987
868 334
476 811
923 743
391 71
288 121
168 361
190 754
539 414
678 418
422 145
812 874
387 598
321 172
362 302
597 498
857 390
431 51
962 195
762 86
507 710
875 393
759 353
274 679
839 91
691 840
839 149
907 729
877 233
347 815
166 800
524 639
635 575
714 219
484 525
552 257
548 775
389 25
93 536
900 752
559 739
591 554
599 408
885 483
541 64
836 310
944 335
103 353
745 823
798 446
120 139
729 385
572 436
455 571
307 611
202 725
779 933
270 477
964 650
519 226
363 181
117 275
290 665
729 597
453 230
369 393
61 994
394 304
586 190
975 248
840 55
808 165
682 884
526 496
921 687
823 256
571 827
259 873
549 798
742 73
308 169
800 252
189 701
970 330
862 342
797 234
755 685
650 829
726 393
526 601
48 748
51 692
740 365
771 561
871 80
901 231
242 5
24 981
600 892
905 530
646 932
236 534
732 70
952 846
128 764
258 631
518 972
358 314
95 291
104 645
211 162
484 736
698 477
750 553
59 896
759 748
311 424
438 11
606 781
868 465
607 938
691 211
422 822
867 46
689 625
961 355
748 203
51 560
247 801
125 318
68 567
675 815
339 140
152 74
596 804
857 586
197 280
873 991
709 376
575 728
89 98
109 969
812 51
23 772
93 685
667 795
742 709
671 841
314 956
582 318
240 279
286 754
381 863
247 457
750 979
477 950
747 651
98 493
804 317
646 905
334 724
988 542
755 541
256 146
623 254
197 393
476 571
382 150
705 137
427 14
205 828
894 249
949 383
11 578
181 812
610 431
751 233
466 296
375 444
119 772
106 192
913 662
918 311
740 154
140 886
393 643
46 403
183 546
877 830
187 905
805 628
11 959
390 242
638 154
35 457
568 816
429 379
795 436
266 516
737 374
708 239
791 74
585 749
968 743
32 556
961 113
647 615
960 581
286 207
9 931
878 58
745 315
850 658
164 416
666 659
278 937
999 191
61 304
619 178
176 711
681 29
207 11
466 586
993 247
824 367
658 519
127 722
124 871
283 811
897 154
158 851
780 824
104 264
934 619
557 458
343 885
607 428
308 606
735 314
67 97
577 767
719 693
518 157
435 402
862 630
257 332
163 925
95 113
228 93
531 999
274 581
350 45
719 225
188 444
954 818
296 550
458 180
650 275
33 867
490 348
901 899
519 690
436 427
468 292
466 229
106 665
572 37
213 20
600 751
511 226
178 199
747 943
877 509
953 143
88 102
540 160
689 198
144 21
731 554
21 472
415 164
546 664
332 732
899 822
569 57
293 668
403 433
67 960
784 113
977 718
839 111
248 653
965 697
804 73
991 855
978 82
667 299
142 179
654 867
998 716
30 286
264 237
95 826
685 70
521 995
124 719
532 805
865 697
156 677
235 625
129 377
71 720
13 790
976 426
906 764
576 614
154 396
474 364
542 803
921 873
771 413
138 617
191 1
763 773
787 953
357 790
597 185
258 967
742 368
654 648
22 302
790 803
402 699
529 757
751 994
886 412
623 355
911 697
510 724
491 825
794 142
966 72
346 630
622 717
964 632
382 580
92 662
578 475
916 611
373 451
340 795
347 831
734 314
469 277
646 753
259 692
630 620
324 120
444 424
632 715
373 994
720 696
690 711
427 638
264 128
727 319
764 862
149 950
489 995
754 591
939 453
197 246
610 147
145 312
206 329
425 558
846 15
11 888
409 967
846 7
496 961
775 407
601 165
543 981
346 707
641 97
955 617
36 740
862 113
945 550
645 268
410 992
851 970
746 863
298 69
865 566
952 501
41 482
250 230
722 175
676 898
254 836
535 125
759 14
986 910
72 183
840 750
551 97
19 969
805 440
412 315
691 463
128 322
554 619
164 674
891 613
220 583
340 909
882 169
204 728
750 454
431 355
359 719
538 186
720 738
566 382
355 730
746 409
42 965
349 562
682 509
425 979
124 195
650 154
265 817
710 870
876 745
403 828
474 286
906 208
269 656
690 444
447 162
381 971
500 253
225 674
769 24
35 872
684 674
386 486
732 22
118 683
73 314
247 319
525 913
904 4
209 849
55 788
198 174
835 204
976 902
637 894
859 695
939 825
480 68
849 347
340 613
733 68
837 421
795 215
707 160
561 953
706 572
55 894
662 671
799 305
180 787
722 295
275 424
666 739
15 772
96 51
209 561
50 623
117 631
380 472
368 366
891 8
808 714
500 292
658 990
456 635
689 306
908 597
814 710
454 618
54 985
117 185
660 994
211 659
201 294
882 513
682 33
338 410
319 50
391 536
694 936
748 533
397 508
379 292
744 19
873 1
90 586
502 74
563 896
825 282
225 86
850 811
135 486
521 261
134 513
469 881
906 563
150 608
490 862
951 947
951 926
628 711
590 653
436 127
291 489
323 64
124 655
94 541
410 66
850 177
8 22
397 216
83 931
322 851
303 764
108 143
581 71
657 895
480 495
877 474
532 241
437 276
870 600
927 726
187 592
396 530
423 596
556 894
680 463
557 752
439 314
489 865
614 304
261 63
839 24
824 778
266 36
599 275
424 121
637 833
675 728
63 160
129 565
833 674
650 527
372 231
430 117
212 636
598 855
421 250
0 781
151 824
27 532
637 850
689 206
304 823
901 965
264 847
639 336
916 262
557 503
460 173
416 806
923 755
154 976
434 938
616 965
793 112
819 795
350 523
255 947
204 444
695 369
136 614
198 737
712 432
682 845
967 390
587 568
369 706
68 22
681 937
549 231
721 664
864 716
411 762
422 157
428 390
325 200
186 961
573 446
43 444
616 721
317 120
176 599
34 434
417 768
294 837
349 302
161 679
225 928
968 676
306 132
50 205
69 924
279 864
85 498
28 29
556 719
489 359
632 95
260 144
342 581
17 768
323 873
248 583
697 881
11 419
712 536
554 312
26 287
864 410
483 200
902 647
355 514
126 52
484 398
10 431
946 717
41 167
118 783
824 148
168 812
130 675
688 913
897 137
833 174
967 310
962 92
180 786
22 85
799 781
921 264
459 228
303 784
622 961
141 762
401 470
925 754
241 853
858 743
415 160
116 324
886 538
596 967
803 555
308 272
820 303
746 429
499 66
586 866
544 826
448 73
576 61
633 336
957 127
730 465
408 966
671 3
861 1
558 598
815 950
727 275
434 211
809 699
379 604
329 720
179 137
192 27
735 780
273 153
415 208
713 417
767 172
242 671
934 715
954 698
130 267
97 60
401 900
880 897
838 254
424 785
829 337
854 347
867 634
872 165
954 931
780 663
232 352
794 642
486 227
139 202
921 196
662 925
306 510
641 516
293 400
627 995
559 752
915 74
563 220
322 466
133 865
230 133
937 697
429 710
723 81
689 717
189 386
51 463
712 528
978 132
472 924
274 440
917 508
782 179
173 164
747 846
954 276
890 619
802 470
934 286
627 921
519 161
362 188
504 312
871 494
684 913
409 387
333 364
807 227
119 348
795 382
273 935
80 916
507 877
517 956
209 171
100 941
852 944
533 479
535 764
131 989
649 861
157 382
732 783
696 191
196 507
913 257
279 335
429 438
425 329
714 809
350 701
977 5
719 510
1 660
876 441
64 759
536 378
471 626
818 458
576 97
144 535
427 951
340 381
950 9
233 132
820 400
272 338
610 314
623 652
130 272
264 642
318 497
150 279
808 906
765 605
381 317
175 535
245 703
866 366
176 877
153 881
662 381
958 71
617 91
376 231
441 875
900 74
295 688
534 462
394 777
762 320
386 375
131 246
8 986
111 367
283 639
489 506
619 80
197 597
861 429
441 974
475 377
357 119
794 76
607 538
898 6
882 816
515 479
39 776
642 510
668 805
970 220
421 324
160 642
955 169
761 301
899 281
506 667
821 265
635 811
151 300
571 231
711 947
527 900
24 575
994 469
399 780
81 445
100 148
912 304
671 60
549 822
324 168
712 338
857 665
843 796
230 439
312 809
593 502
285 274
691 49
561 492
12 0
862 40
758 216
580 36
298 838
591 406
351 248
529 92
199 478
973 996
251 396
449 405
218 500
589 629
869 602
744 69
941 6
304 871
675 767
721 240
189 93
628 238
871 692
176 467
821 479
320 171
645 64
603 692
282 31
244 515
188 543
486 681
562 871
71 96
737 715
190 431
688 239
883 388
682 82
369 737
441 415
31 388
859 531
247 327
942 385
159 361
680 815
254 56
433 174
895 36
995 955
810 743
665 687
179 394
140 946
45 729
27 174
327 910
389 189
451 211
588 857
76 70
362 447
871 767
754 110
651 440
433 718
734 887
530 101
864 441
758 929
707 505
556 763
436 380
422 975
328 349
659 777
14 577
826 531
806 746
942 369
958 772
7 618
776 991
733 651
644 364
47 677
176 637
981 410
780 763
721 464
360 708
785 856
493 598
755 111
988 499
229 437
954 653
897 692
421 383
99 384
40 605
836 407
424 142
790 627
445 396
325 940
81 882
738 944
286 361
29 195
484 624
493 813
275 336
942 27
686 298
539 603
378 802
422 695
669 778
395 869
580 939
51 2
380 987
122 472
625 18
433 486
586 812
675 184
451 308
909 30
323 984
688 909
670 630
272 771
275 615
711 161
739 962
212 18
11 676
602 847
119 889
971 518
385 280
704 734
499 408
970 564
682 159
230 802
580 853
571 233
565 951
662 802
584 15
357 163
904 727
726 692
148 916
913 492
534 228
333 184
788 664
606 113
111 918
436 728
67 789
326 311
274 972
108 923
167 53
335 245
473 844
325 246
815 343
121 655
362 29
551 412
492 403
232 362
999 450
907 819
98 810
963 747
383 222
315 70
648 661
365 227
443 25
546 867
319 8
891 404
769 278
756 654
309 93
778 455
732 380
56 373
808 1
550 791
392 711
808 63
24 861
720 55
662 215
602 881
699 204
649 934
107 443
728 179
800 844
941 946
498 630
626 28
900 104
222 71
281 942
902 61
44 611
306 697
544 203
294 839
393 192
61 206
347 691
831 706
902 949
772 501
103 444
190 738
236 585
788 391
204 705
454 672
895 427
210 913
133 374
115 164
824 84
560 657
575 396
125 41
301 937
599 180
112 373
711 275
184 870
787 52
825 649
393 450
425 255
474 572
509 315
335 118
291 893
265 924
573 54
272 732
546 807
969 216
501 103
858 759
400 679
784 991
11 370
180 285
702 87
94 453
461 956
204 381
692 625
205 547
1 6
58 973
524 184
809 91
572 295
286 294
525 760
425 930
172 72
798 146
5 277
273 671
657 871
972 270
643 442
633 592
158 82
364 261
65 736
303 148
939 646
190 432
155 685
437 958
789 459
337 876
277 589
478 952
504 763
333 437
282 452
63 458
197 901
236 698
802 145
925 145
971 926
752 464
434 19
798 958
563 861
186 898
663 984
317 954
867 329
582 589
899 682
929 955
912 116
42 877
48 635
573 708
607 454
103 580
774 991
791 50
810 133
855 933
968 881
243 613
683 774
500 440
649 916
311 282
658 739
393 714
20 73
795 826
710 78
245 351
585 666
282 27
316 739
77 445
642 828
256 80
750 760
652 432
186 17
5 613
785 247
966 73
641 110
897 685
94 841
663 478
823 718
609 543
272 697
410 943
110 3
412 233
856 30
576 316
409 544
809 241
603 549
835 93
392 382
691 177
885 669
466 547
17 791
362 997
997 662
600 963
722 824
152 646
191 327
9 10
764 464
682 667
444 435
544 968
598 650
185 908
322 438
140 720
482 273
764 916
610 571
546 354
445 959
397 647
47 703
724 429
949 923
586 568
515 592
156 490
446 327
410 797
600 285
32 161
958 588
257 60
679 65
410 655
99 770
347 927
314 214
494 979
70 516
545 940
392 420
196 489
924 18
941 886
219 660
724 481
845 629
751 674
143 608
858 178
226 326
687 700
214 868
169 497
729 995
292 658
603 356
260 544
36 682
579 849
696 89
872 637
80 569
179 414
292 583
463 604
598 98
713 502
583 86
49 722
203 640
295 628
450 131
706 483
266 222
465 667
670 760
700 668
773 895
177 102
911 465
231 639
318 694
342 795
416 959
136 356
176 905
612 816
159 790
920 336
108 744
984 811
185 676
556 443
479 982
22 416
592 911
850 486
403 920
91 490
628 850
651 106
590 758
948 834
891 758
19 784
216 874
138 243
188 885
103 394
66 175
985 319
261 437
805 777
817 264
470 613
499 201
486 47
195 913
263 99
296 766
733 832
113 452
16 157
346 580
395 282
694 999
929 113
775 27
330 522
658 45
688 929
58 707
929 181
425 546
553 721
68 981
181 909
574 673
3 763
541 752
929 586
225 159
35 480
960 905
811 608
734 893
552 147
568 127
334 986
184 636
508 216
684 314
714 801
65 686
786 426
634 933
288 990
939 90
498 185
946 176
551 914
673 382
31 605
358 156
52 90
460 582
245 887
102 777
