1000 5985 3000
13 20 17 12 16 12 18 19 6 16 14 16 20 18 20 11 7 19 14 14 12 11 15 21 15 21 17 7 6 11 13 17 12 6 23 10 8 8 21 20 9 24 10 25 24 16 20 18 9 24 10 22 5 23 18 22 25 12 10 25 14 8 6 19 22 20 18 12 19 18 15 15 16 12 12 6 11 8 6 19 22 5 19 18 20 13 9 5 25 5 6 8 20 21 5 5 25 14 22 6 13 21 18 9 24 11 15 13 22 14 25 21 10 14 9 15 12 23 9 5 21 21 25 6 22 8 14 23 14 20 8 25 21 19 16 19 12 25 23 17 11 18 18 19 24 22 22 9 13 15 16 15 6 17 14 5 20 9 10 8 15 13 7 18 19 8 22 23 15 8 23 12 5 17 24 13 17 22 10 11 18 23 23 17 7 11 21 14 12 13 20 16 24 19 14 22 25 12 19 23 23 21 24 10 5 25 7 13 18 5 9 9 10 18 7 7 17 11 19 6 21 25 25 15 17 8 17 5 21 25 16 23 8 15 20 23 25 15 12 16 18 5 23 7 20 5 9 12 19 9 17 20 5 5 5 21 12 8 14 18 10 21 6 19 19 23 25 24 10 12 19 12 24 8 12 9 12 17 7 13 18 21 24 14 9 19 20 20 13 8 8 5 14 19 5 5 6 12 18 20 25 21 22 5 5 14 12 7 6 5 25 19 23 14 13 15 22 24 10 6 17 19 9 9 23 6 5 17 18 24 19 15 17 12 21 15 8 22 13 6 25 5 10 20 8 16 16 6 6 24 9 17 23 24 5 6 14 16 13 13 9 10 14 21 9 18 17 10 7 11 22 21 23 16 11 21 20 18 25 16 19 11 16 14 23 10 9 20 14 8 21 14 9 16 20 25 23 22 16 14 16 14 5 9 22 19 19 16 17 8 22 11 13 6 10 17 23 20 20 18 11 24 6 6 18 6 25 20 15 25 15 19 13 8 21 15 16 23 10 15 22 23 9 6 23 18 7 19 8 17 11 14 23 12 12 10 11 10 22 13 13 17 19 19 25 24 5 15 15 24 19 23 14 19 23 12 21 10 13 18 11 25 10 21 7 19 6 10 22 18 17 7 17 11 24 22 17 16 25 11 14 17 25 23 13 22 16 10 22 25 14 7 25 18 14 22 6 19 14 9 9 9 11 23 8 22 14 14 16 17 24 13 19 15 16 13 7 6 13 8 17 8 20 5 15 14 16 19 14 7 20 20 13 7 7 25 21 9 12 19 14 6 6 20 14 5 5 11 7 22 20 11 6 15 14 7 16 20 25 11 9 19 18 25 8 8 23 17 16 16 9 13 5 6 15 6 19 15 18 20 11 12 5 10 14 10 12 23 13 8 23 11 14 20 21 10 11 7 22 13 22 11 18 18 6 24 7 5 14 20 22 8 21 15 20 19 21 22 5 21 17 6 14 6 8 5 8 6 7 5 14 6 13 7 9 8 22 25 15 16 23 6 16 9 13 16 23 22 10 10 22 24 18 5 13 12 20 17 10 25 7 5 19 24 15 23 13 9 22 18 7 6 6 7 22 25 15 17 19 8 25 21 20 5 9 5 13 15 10 19 21 23 23 16 18 16 24 19 12 21 13 16 25 25 18 11 23 5 20 13 15 22 10 14 25 8 24 11 5 10 15 5 24 22 12 18 15 21 21 14 5 7 17 17 15 5 21 19 9 15 22 5 11 12 13 19 7 16 25 14 7 21 19 16 12 16 22 16 5 24 20 11 11 23 9 11 16 19 25 12 7 11 14 5 8 13 6 9 17 22 17 6 21 8 14 24 5 9 9 8 16 14 7 7 11 18 6 14 18 10 6 7 13 12 24 9 14 20 15 8 6 25 21 10 6 16 19 22 11 21 8 18 13 5 14 19 22 17 16 24 15 22 12 15 24 12 22 6 23 21 17 20 6 24 8 10 20 25 10 12 14 13 7 23 14 13 5 24 5 14 24 24 15 6 17 14 8 11 16 17 8 6 8 7 13 22 19 14 10 23 19 24 9 20 19 14 8 8 21 19 25 5 25 24 16 19 10 24 23 8 18 11 10 15 23 15 25 17 8 12 9 19 19 8 6 5 12 10 24 15 15 24 6 18 8 9 25 23 10 17 15 25 16 13 19 12 11 17 9 24 14 20 13 5 24 7 24 9 16 6 25 13 24 5 6 9 11 24 21 5 15 24 13 23 23 7 13 24 18 17 16 24 24 20 5 25 10 23 10 7
3 11 5 17 13 16 12 16 17 10 10 19 3 5 16 18 8 10 6 10 4 15 6 15 9 18 16 18 8 3 3 16 9 13 19 5 7 5 10 14 12 3 4 11 17 6 15 11 7 16 13 18 6 16 9 13 3 4 6 14 16 10 4 20 9 17 15 14 9 18 17 3 7 17 20 10 7 6 3 19 4 19 20 19 20 11 8 3 14 6 14 19 13 11 13 18 10 13 15 17 3 5 16 9 9 13 4 8 17 6 12 15 12 14 14 19 14 5 4 15 8 20 13 3 16 16 12 13 18 6 6 6 18 20 7 4 9 17 15 18 4 14 11 9 19 4 9 12 9 4 9 20 13 9 12 16 8 5 12 16 13 13 4 6 12 6 16 19 15 20 13 18 7 16 4 14 15 11 12 9 17 17 12 17 5 10 13 11 8 9 13 3 20 7 16 18 11 12 5 7 7 13 13 5 6 4 8 9 14 9 8 20 19 20 12 10 17 11 5 5 17 20 13 8 17 5 12 16 18 19 3 18 16 16 18 6 5 20 14 19 10 4 6 16 6 3 16 4 17 6 11 6 18 18 8 14 18 3 7 17 11 9 7 20 8 12 19 5 7 18 10 17 10 10 7 16 15 9 13 3 17 12 10 16 3 15 18 8 12 16 11 11 13 4 15 5 19 11 19 17 12 10 6 7 7 12 4 8 13 19 15 17 18 16 16 12 11 11 3 16 10 7 7 9 3 19 4 4 13 16 8 20 10 4 7 9 17 7 16 18 19 5 5 4 9 16 20 6 8 8 6 14 14 6 20 20 14 10 4 11 15 15 3 8 7 20 18 14 16 17 19 11 4 14 4 12 16 8 15 8 14 5 9 16 9 15 5 10 20 8 5 14 17 20 14 13 11 19 5 18 5 15 17 11 10 8 5 6 20 14 13 13 17 6 5 8 20 19 18 11 12 4 3 9 5 17 13 18 3 20 12 13 18 20 17 6 13 20 10 19 20 6 19 10 15 15 18 11 8 13 6 9 6 5 11 3 5 15 18 8 18 16 9 16 3 14 8 4 16 4 11 9 8 11 9 10 19 8 17 7 13 17 15 11 11 20 16 10 9 6 18 5 6 17 4 14 3 13 16 13 18 4 11 19 13 5 5 13 3 7 18 18 5 3 9 6 16 5 9 8 19 8 8 15 17 11 15 6 16 3 11 18 16 4 10 11 7 4 9 10 14 4 16 16 6 14 5 11 5 17 7 11 10 17 5 11 12 17 7 19 9 9 10 6 12 8 4 5 10 9 7 5 10 15 5 13 17 8 6 5 14 3 11 17 20 17 13 3 8 5 17 15 3 9 4 12 14 6 7 3 7 9 9 3 13 14 11 15 11 7 6 8 11 15 5 11 14 6 20 5 6 14 6 8 19 16 20 17 15 12 18 3 5 3 4 14 9 5 7 19 20 13 12 10 16 17 15 11 7 3 16 14 12 19 7 7 8 11 19 8 13 17 15 5 11 17 19 13 3 13 6 13 18 16 14 9 14 4 12 18 8 7 18 16 3 16 11 5 4 16 18 16 17 9 13 6 9 20 12 17 4 7 15 9 20 4 4 16 3 16 4 13 3 9 16 4 4 13 18 20 18 12 5 10 8 10 20 18 3 9 6 5 20 18 11 18 10 6 3 14 5 3 9 9 4 8 4 17 13 17 5 13 19 4 19 5 6 18 12 7 20 12 16 14 20 8 13 6 3 12 5 10 19 7 11 9 17 10 18 9 16 5 11 5 14 5 19 17 18 7 20 13 8 4 5 4 12 10 12 5 7 20 8 12 5 19 15 20 15 11 11 7 18 13 20 14 15 15 11 14 11 7 14 10 17 8 20 7 17 18 3 17 15 7 13 19 19 7 6 15 17 13 5 14 14 17 7 6 11 14 19 7 6 13 16 7 12 9 18 5 15 16 8 10 7 10 14 13 17 5 9 5 8 15 13 15 11 19 18 18 10 9 7 19 19 10 5 19 6 6 8 4 6 3 10 6 5 13 20 8 12 11 18 5 14 11 3 3 7 15 4 11 12 14 3 14 8 17 11 7 15 7 13 17 16 7 4 4 12 10 6 19 16 7 20 9 17 18 4 4 6 17 10 17 14 11 14 20 20 9 20 19 5 3 13 6 3 16 16 15 6 12 13 5 18 14 15 15 5 13 14 5 13 18 20 11 10 19 16 10 17 18 14 3 9 16 7 6 10 10 9 14 13 20 20 13 14 8 11 19
775 158
673 386
115 138
640 824
52 122
535 307
32 716
901 134
665 284
147 527
674 349
727 677
222 239
618 776
899 142
894 437
710 287
702 505
762 491
458 827
970 298
888 235
279 908
693 130
472 543
113 702
140 610
263 191
746 725
173 703
484 672
891 873
935 487
942 276
388 301
476 833
45 135
706 614
52 731
203 651
805 869
148 551
460 530
666 92
683 846
614 389
712 115
712 182
527 798
935 315
591 824
544 28
664 556
934 474
12 349
175 235
247 588
152 479
719 942
672 215
803 677
531 460
649 818
720 237
950 681
689 172
535 149
21 950
864 662
703 701
823 97
355 567
439 192
223 3
812 9
813 740
524 200
965 136
606 687
21 628
779 697
952 321
827 647
929 42
134 437
877 296
262 116
566 448
701 435
411 671
279 896
830 781
15 624
95 228
435 827
646 68
120 749
662 780
855 904
968 255
523 928
23 487
439 99
406 166
749 841
470 123
224 231
916 167
138 328
175 148
50 188
133 604
523 924
117 234
173 924
521 438
581 28
255 714
51 822
553 876
798 232
193 413
227 171
555 259
611 498
631 953
820 319
599 155
115 106
835 775
523 681
646 299
692 567
979 316
214 129
397 387
505 811
241 77
202 995
768 986
188 21
444 742
531 730
643 474
18 645
93 29
456 596
437 689
33 710
387 690
187 731
393 954
193 882
108 115
144 870
584 953
427 137
653 245
896 708
455 56
140 817
784 795
486 552
213 958
33 864
216 613
304 582
415 667
871 753
441 420
85 717
785 70
822 197
681 230
742 229
66 384
358 573
897 513
984 389
991 56
283 970
564 153
979 777
809 889
90 869
617 973
68 2
96 152
57 906
384 746
696 84
336 52
31 88
856 809
509 775
751 720
752 730
160 709
722 637
791 726
40 228
195 165
469 8
161 901
530 97
609 529
161 346
337 625
868 366
827 801
375 790
554 115
187 59
121 246
219 252
720 204
381 596
423 39
465 884
462 586
923 115
375 17
321 556
538 968
903 501
626 415
417 574
214 617
878 757
291 778
757 11
852 126
124 848
993 113
495 33
70 796
980 317
881 791
621 1
590 774
702 243
614 515
744 166
336 206
580 253
327 948
40 881
370 237
348 680
133 870
265 315
757 307
746 168
887 482
509 706
857 165
585 793
51 808
451 876
951 876
791 848
837 176
800 237
142 265
661 672
515 977
152 204
278 914
310 432
266 694
352 411
57 476
661 787
948 240
165 117
708 50
269 975
651 767
335 575
360 21
281 477
826 78
680 895
928 452
564 60
314 119
548 718
96 2
547 554
235 491
161 504
774 415
507 766
644 315
812 31
222 323
494 530
319 684
648 458
202 797
477 699
263 925
225 262
541 528
579 627
557 205
824 88
165 871
329 88
297 341
906 263
299 274
116 366
856 107
807 468
676 776
645 198
275 39
258 641
166 113
91 678
473 41
629 9
156 94
680 616
27 720
242 911
143 642
76 721
577 477
128 430
702 237
356 100
353 567
220 55
298 599
50 132
411 238
83 331
30 903
11 582
229 135
372 850
669 238
702 182
851 313
35 976
939 657
900 567
744 631
2 789
877 218
964 420
299 207
333 507
881 66
673 742
131 828
821 648
130 779
554 350
874 803
422 95
864 744
454 542
298 303
408 71
86 523
703 33
14 285
824 267
700 769
359 572
247 450
380 182
367 866
906 896
810 775
463 852
719 564
606 296
825 980
327 693
289 267
136 173
603 14
277 376
840 316
624 283
273 458
399 762
275 96
594 988
763 600
453 359
612 483
326 599
237 448
696 471
504 853
864 95
128 640
20 973
879 494
377 418
964 429
176 971
205 102
348 708
965 456
934 613
985 567
512 743
742 934
201 203
821 138
659 685
278 395
785 463
552 960
152 395
222 75
909 820
878 179
928 734
194 890
357 428
485 1
173 808
506 361
338 647
311 601
80 281
816 130
256 525
418 895
939 43
84 949
878 0
896 307
515 26
658 569
258 877
40 819
864 66
145 69
903 140
26 68
663 485
640 214
945 436
539 847
96 180
743 12
480 521
671 144
755 403
326 992
854 40
881 178
541 390
963 324
416 86
27 390
467 585
354 196
773 825
802 350
923 117
343 551
275 620
101 649
211 802
915 449
836 466
667 13
361 384
777 70
193 867
750 450
855 945
154 88
742 497
309 310
838 851
577 490
955 85
968 896
723 958
562 445
732 83
413 785
631 381
39 799
854 473
702 848
283 120
348 261
276 727
330 987
445 425
644 396
974 532
853 394
536 529
303 697
135 19
898 43
389 914
184 314
598 173
912 902
668 427
185 962
0 855
184 570
844 222
648 27
675 644
15 491
596 246
364 187
107 86
70 723
629 762
448 871
263 893
328 106
580 693
971 288
121 619
666 292
724 113
338 264
690 332
758 816
827 775
260 205
463 299
367 290
619 949
570 763
810 334
789 885
62 2
331 362
375 894
799 263
405 591
652 746
605 40
201 374
562 325
34 379
79 647
121 32
458 126
918 813
410 952
709 255
884 220
153 439
65 512
544 594
809 569
450 822
954 245
658 224
748 459
568 933
707 530
432 551
835 207
512 714
668 401
184 899
733 483
603 498
880 534
100 937
330 461
552 558
490 70
171 566
876 40
899 819
177 678
460 413
811 108
19 211
541 367
417 682
355 108
566 941
756 589
500 251
293 911
593 529
696 279
764 209
980 962
808 18
972 236
102 903
871 497
882 887
706 495
225 425
806 574
623 128
173 43
968 799
927 458
246 296
254 165
874 880
927 731
63 458
634 658
452 85
162 577
435 116
412 327
270 622
236 172
509 862
557 457
241 245
414 588
4 914
694 629
872 361
943 729
729 697
50 215
16 309
711 83
417 197
627 618
311 608
616 424
320 703
579 140
414 204
808 840
287 900
564 295
699 68
793 395
83 271
513 865
479 754
15 329
961 381
435 534
973 323
882 549
393 417
422 83
152 281
40 341
31 715
260 92
319 104
3 445
347 846
398 745
347 629
729 666
785 882
533 890
799 995
338 241
901 931
279 976
116 936
556 779
930 32
594 459
938 434
65 869
728 971
437 699
724 858
303 947
964 43
129 503
934 592
285 890
382 853
644 912
343 927
542 464
923 900
519 29
824 126
233 787
826 953
379 285
661 580
150 719
396 21
755 276
955 12
735 15
236 570
436 726
258 866
299 37
286 483
741 392
415 295
411 97
310 830
333 620
828 44
443 37
203 76
155 523
92 354
892 816
897 265
439 554
343 802
805 713
870 555
42 776
169 474
993 223
997 790
872 14
946 523
473 603
132 63
444 149
35 294
162 451
384 9
807 467
670 113
272 668
627 399
791 891
531 56
759 738
460 631
407 704
185 61
434 494
363 725
219 333
874 107
28 595
737 453
924 675
798 951
646 933
207 237
785 879
860 729
660 19
284 659
81 256
533 149
253 448
291 692
976 870
718 282
621 294
252 388
371 4
110 685
885 204
213 863
129 192
170 50
559 15
154 531
491 520
975 430
117 658
245 852
928 316
527 820
841 536
75 481
618 505
413 402
931 25
822 268
8 309
356 608
635 640
127 557
487 175
574 995
958 575
707 164
845 53
469 567
335 457
590 378
90 147
311 49
213 43
554 813
394 706
642 64
777 300
534 123
449 808
900 419
529 399
798 98
127 31
356 538
859 179
554 389
590 669
274 849
118 636
179 953
524 726
79 512
408 746
164 348
646 923
137 153
682 743
960 89
637 727
227 907
623 119
228 270
838 544
10 588
797 466
496 370
627 548
96 23
314 807
423 442
465 541
158 305
643 282
525 13
662 960
111 452
492 370
259 871
32 528
192 937
929 695
554 946
291 903
810 996
503 86
229 553
352 309
404 93
577 84
100 255
161 408
522 914
71 768
361 425
131 101
195 909
225 757
836 229
66 506
21 32
388 706
586 973
187 427
271 385
148 496
367 459
374 714
176 239
873 871
973 958
301 419
314 380
954 765
19 669
701 967
759 544
660 731
258 486
531 499
125 607
923 562
296 569
632 113
413 963
454 978
628 464
430 497
67 172
329 971
840 822
596 871
524 887
713 31
321 690
675 964
447 983
932 252
328 398
907 541
990 186
850 635
805 500
910 182
634 919
785 630
549 100
533 222
146 696
575 531
82 538
858 468
377 673
912 149
222 554
512 300
414 579
279 351
399 830
781 586
497 334
128 700
601 871
792 334
100 304
897 356
324 209
994 689
942 109
636 617
68 929
538 296
586 876
113 376
281 885
684 123
586 245
78 686
249 240
152 841
601 33
644 306
766 711
887 563
893 428
761 409
124 732
445 838
691 148
489 471
389 890
242 111
526 735
941 640
528 830
515 370
91 18
387 152
147 25
223 184
657 686
283 653
898 941
643 657
492 972
212 486
931 621
691 52
200 253
334 216
945 542
447 261
513 662
199 591
609 946
61 469
32 242
567 64
856 173
355 627
451 507
129 475
128 987
946 255
999 978
199 293
77 478
855 525
322 746
169 223
29 363
418 906
321 154
776 858
593 983
56 485
357 544
617 588
741 333
251 863
683 338
561 553
5 202
169 295
335 682
830 972
611 735
602 301
43 460
492 147
767 248
685 521
232 246
372 122
329 380
45 373
874 60
200 583
895 255
713 299
71 454
188 787
745 912
40 132
209 834
585 744
647 297
355 304
427 147
722 154
239 344
794 492
91 8
619 846
153 922
803 484
784 105
763 34
964 209
392 456
586 947
207 586
959 945
720 119
466 945
655 544
518 146
347 175
865 409
68 461
162 845
255 163
771 536
472 856
358 978
487 693
543 676
160 465
236 33
620 779
656 811
492 504
209 55
603 654
599 842
815 247
263 270
78 30
439 931
489 515
509 999
222 795
382 1
28 573
282 880
602 518
702 975
109 972
509 588
602 991
161 297
147 740
451 322
980 562
962 785
910 662
989 158
126 856
815 469
546 471
856 344
163 686
648 136
678 959
630 816
498 125
457 744
889 263
57 984
207 317
393 390
378 614
79 471
471 878
717 53
868 149
98 243
940 510
254 406
678 19
429 168
819 600
837 578
628 712
756 861
147 649
723 670
454 38
768 985
32 902
922 321
8 670
396 227
500 725
837 779
916 267
89 16
878 431
37 553
429 32
544 144
152 516
393 768
676 931
141 173
948 739
236 863
854 835
787 499
880 824
177 752
780 75
327 151
148 362
398 435
838 483
730 650
624 360
247 0
176 714
302 409
553 726
716 303
313 338
562 981
237 664
258 639
380 617
124 610
545 788
70 324
714 216
885 368
278 311
555 586
959 589
933 66
740 209
0 216
948 3
31 516
13 906
574 508
703 439
265 173
793 249
651 523
212 58
246 264
464 812
476 539
132 512
457 155
617 59
306 928
292 245
834 245
166 353
723 955
642 487
681 834
863 739
54 428
104 25
881 481
108 158
666 164
747 579
786 475
480 143
416 765
397 93
603 152
841 895
109 66
912 239
148 844
641 559
510 455
782 392
20 996
978 85
470 175
211 38
41 896
611 258
732 917
898 529
912 505
802 668
297 636
23 33
653 687
250 817
536 14
914 723
857 157
596 213
240 641
297 62
119 744
586 721
209 426
570 73
330 488
124 580
746 86
182 897
262 928
135 887
246 189
179 718
607 146
769 147
298 308
28 884
976 789
984 494
935 486
872 70
121 870
83 962
165 731
337 759
808 510
681 617
880 138
750 346
854 255
571 28
828 467
35 681
615 61
636 816
875 170
234 622
637 826
88 747
334 432
648 517
485 812
783 932
980 335
649 572
650 175
507 743
472 450
340 432
858 881
848 840
364 804
34 847
553 170
193 957
829 887
921 781
726 593
341 438
471 443
980 558
21 537
284 13
700 691
623 734
129 466
239 869
495 250
713 958
363 222
667 668
802 925
416 486
240 522
260 275
984 87
350 344
927 886
515 234
303 491
504 626
793 962
939 415
936 939
963 24
95 175
369 909
237 22
3 678
866 153
248 768
707 815
574 461
550 152
702 86
858 995
833 212
568 256
905 220
623 899
179 885
221 953
459 85
790 563
32 686
714 878
970 748
1 734
305 530
259 513
746 172
312 359
165 738
721 213
874 516
464 590
688 849
502 532
375 182
934 26
384 147
439 111
637 262
953 3
990 440
482 711
109 779
468 980
364 158
469 970
19 414
436 16
159 802
906 88
332 685
711 994
682 438
735 376
375 355
988 430
77 46
68 184
874 909
584 401
806 714
196 832
186 299
850 441
813 423
481 425
103 379
581 719
228 443
217 439
889 905
914 768
730 223
944 85
92 406
867 776
686 460
273 512
34 390
969 512
771 927
806 400
297 874
943 108
181 333
887 137
607 999
476 537
350 6
328 655
665 495
164 830
967 442
181 21
157 583
715 270
482 820
882 608
105 771
392 435
923 448
393 75
919 229
267 544
593 571
293 938
927 199
225 567
84 188
80 425
997 30
208 172
473 345
294 600
478 408
598 591
197 945
929 823
922 237
616 835
688 99
873 717
779 486
815 580
179 132
491 870
115 823
728 620
500 865
447 425
432 502
958 734
699 47
938 765
50 142
79 287
372 92
642 294
433 958
554 335
46 106
198 558
969 564
648 130
470 676
197 368
753 756
598 621
761 127
223 245
903 189
16 285
891 564
84 942
147 334
225 205
888 674
594 499
980 930
623 240
954 354
528 862
75 571
374 12
521 94
292 405
833 177
958 924
511 646
409 203
818 361
488 322
278 943
168 79
945 145
339 560
261 984
579 302
753 456
626 635
948 920
967 173
284 402
253 350
22 46
700 781
312 488
879 803
68 761
988 490
202 186
940 267
265 781
442 985
851 982
439 391
612 760
154 71
2 661
626 81
539 598
309 109
438 670
936 741
633 292
502 179
43 950
249 856
573 9
0 40
8 718
781 530
982 205
921 743
301 422
925 19
273 375
253 473
169 132
690 155
700 961
999 469
569 765
672 524
333 512
634 439
596 134
457 748
743 72
184 680
948 829
164 741
802 101
606 517
713 446
56 852
20 32
388 718
287 930
268 937
992 588
737 145
323 210
160 477
878 44
721 652
450 187
82 216
61 113
344 780
406 767
243 215
469 593
832 276
352 740
161 309
169 410
597 656
703 3
534 542
173 392
729 642
841 781
399 293
281 517
493 290
386 618
576 166
721 208
817 709
817 669
886 618
185 198
718 425
155 696
782 294
26 359
571 825
425 666
87 214
366 337
331 674
293 182
958 902
215 510
682 152
655 778
472 711
738 381
694 545
150 554
431 643
663 438
518 451
336 811
714 845
161 687
758 856
464 478
445 590
43 425
22 184
793 537
717 933
28 212
458 454
392 621
499 520
295 317
498 423
881 749
335 74
443 450
427 454
433 392
36 3
902 857
215 277
486 438
39 609
869 607
942 330
772 277
467 948
996 357
990 224
589 536
627 562
560 640
584 849
562 850
715 398
488 127
218 22
762 351
709 787
850 817
115 79
705 510
956 128
575 674
192 261
548 95
52 503
894 8
119 171
334 297
442 846
659 347
767 428
714 836
488 870
852 367
851 144
630 837
73 523
468 777
135 933
272 561
373 157
478 178
939 60
697 902
896 748
202 965
861 245
8 172
971 739
496 18
556 567
61 889
116 927
333 581
404 268
687 635
822 461
384 869
316 13
414 382
721 320
128 918
526 17
131 57
566 430
208 138
137 553
225 121
961 133
231 529
918 468
977 383
721 835
733 810
625 609
832 430
478 985
616 429
798 693
187 34
650 868
464 740
13 206
957 921
568 106
838 114
297 650
768 979
472 755
289 347
272 396
329 331
14 628
696 176
729 373
458 828
41 928
34 906
667 507
385 817
217 47
125 111
545 958
307 175
823 543
38 624
881 899
935 915
565 21
854 692
31 143
66 219
462 444
761 455
503 418
452 410
476 201
644 726
482 128
801 472
728 469
927 541
797 410
46 530
104 797
545 734
264 627
688 77
148 344
575 579
420 102
98 150
575 393
826 645
874 857
507 179
454 440
231 869
541 45
931 375
505 95
784 656
976 922
399 441
722 943
572 859
134 891
689 705
510 83
220 566
682 645
690 789
931 769
876 985
921 450
924 790
690 360
587 226
231 479
374 960
187 872
645 896
374 846
440 368
152 947
72 47
288 27
4 948
781 404
745 309
213 259
478 771
588 863
432 769
950 531
235 117
251 176
905 758
428 752
37 990
966 386
445 958
225 485
163 236
319 587
414 457
779 626
898 948
395 489
603 784
213 399
850 215
56 963
677 501
348 397
165 690
32 575
58 918
982 639
833 113
191 432
257 805
567 406
404 874
112 988
56 379
900 150
745 246
631 568
469 15
921 705
606 374
499 992
767 330
244 656
53 491
606 352
341 474
483 326
908 127
714 530
136 640
195 666
857 993
785 979
722 485
595 727
322 378
951 585
459 644
655 874
963 123
255 324
373 644
548 533
977 384
734 985
644 408
33 848
429 971
276 294
590 355
353 176
635 236
506 65
298 884
337 820
569 151
11 547
111 803
958 265
698 956
724 760
628 229
822 331
37 307
466 837
89 499
175 0
261 347
328 230
431 686
290 848
210 64
845 645
972 133
472 871
89 950
117 270
369 532
582 598
747 641
730 763
568 6
604 111
684 50
731 659
23 101
858 512
337 669
934 253
651 275
822 382
447 286
652 319
656 114
5 873
844 501
194 707
115 785
223 674
822 23
673 286
80 835
674 178
265 916
278 249
856 593
541 879
166 649
302 253
326 450
463 802
987 821
654 493
313 69
132 390
677 356
263 462
708 119
831 7
511 135
662 668
668 1
895 67
389 737
778 49
47 580
730 511
886 968
870 812
370 981
390 79
758 42
831 454
851 506
791 834
311 412
955 61
790 396
708 894
874 490
438 850
747 567
961 677
172 390
530 569
775 45
333 164
78 463
62 57
813 107
993 903
229 31
459 141
649 115
821 13
951 880
892 465
888 561
561 855
576 69
402 247
707 644
339 389
499 912
808 459
421 857
334 868
209 145
666 888
545 186
652 225
503 144
262 132
733 352
195 217
661 779
164 249
116 525
866 936
762 458
258 316
163 178
665 725
164 536
7 544
25 875
914 861
808 145
862 907
17 115
807 901
935 398
212 256
525 890
750 79
510 806
260 950
741 404
290 345
492 850
815 837
675 642
736 806
954 368
407 125
348 546
819 780
294 22
276 20
367 782
242 234
393 999
704 675
579 192
921 438
255 45
371 769
512 592
715 897
923 75
668 982
400 752
658 838
401 951
692 338
645 773
78 323
875 646
456 947
267 662
359 935
250 182
629 16
574 200
525 801
266 552
373 991
369 386
675 231
336 57
924 920
8 215
593 359
811 654
386 839
207 57
131 94
832 602
651 274
541 51
565 680
38 537
774 37
252 640
661 135
617 329
914 407
803 335
65 404
299 12
247 405
129 514
282 818
931 557
343 879
395 858
967 469
553 399
872 364
786 80
493 67
499 595
282 886
471 148
1 379
595 822
46 622
184 446
471 17
427 570
762 758
705 78
263 998
333 854
884 357
686 267
858 877
235 249
649 75
338 75
950 320
634 841
850 250
61 525
371 458
256 935
695 961
570 204
896 49
707 36
895 406
887 284
57 301
61 562
301 946
632 121
547 796
357 332
236 906
242 675
666 971
745 51
441 871
874 318
81 600
405 438
577 602
516 575
833 54
194 0
959 500
316 333
315 914
467 415
992 741
431 786
80 784
778 553
813 30
346 234
993 701
348 874
774 361
295 901
508 613
477 630
709 917
525 558
397 354
275 877
399 157
196 827
628 748
716 318
529 125
677 221
709 264
642 884
857 278
341 975
594 763
56 287
566 969
875 342
653 241
349 772
642 414
728 457
630 201
938 661
343 908
328 191
517 721
486 888
545 90
743 628
545 956
67 358
784 923
117 220
433 966
276 53
819 1
686 514
6 11
122 119
88 649
524 25
125 451
762 345
576 332
185 377
873 985
171 450
928 375
146 927
816 136
359 255
320 301
436 749
112 15
446 130
391 46
355 141
950 628
650 973
434 875
929 295
736 110
292 414
754 541
587 128
549 943
147 137
891 663
89 299
679 695
797 291
884 636
165 885
968 426
128 557
404 109
754 699
345 496
596 716
380 932
751 180
832 762
680 451
553 89
969 473
425 627
689 613
1 954
882 888
460 909
805 82
262 293
193 30
463 243
253 640
557 695
26 124
531 550
98 778
967 151
526 2
461 998
788 218
589 891
195 446
392 231
61 516
936 712
872 990
658 57
388 816
311 665
422 510
751 936
559 365
511 477
17 99
898 951
211 373
20 770
525 295
975 786
222 593
226 848
111 347
714 576
582 274
441 940
203 869
795 448
677 877
301 446
473 201
496 201
988 486
324 992
114 924
424 696
229 13
465 769
362 906
285 280
300 739
169 897
417 457
924 691
168 241
827 709
253 387
44 171
206 884
38 42
970 688
582 501
828 888
331 688
677 590
428 140
629 401
426 69
113 978
131 329
873 49
194 45
946 582
418 945
76 668
609 990
680 697
708 895
111 246
878 847
949 418
916 656
519 200
578 736
93 914
864 810
815 656
190 145
490 11
953 242
388 989
74 416
413 333
901 983
338 239
434 392
990 245
894 571
292 977
524 265
448 781
390 239
499 533
276 297
222 990
324 674
171 276
765 485
6 439
357 282
609 168
558 33
38 871
88 516
952 541
952 867
679 81
743 330
76 320
266 951
313 362
856 160
723 479
927 210
441 113
142 976
685 885
600 637
18 463
7 194
59 194
644 186
633 588
254 294
323 275
925 125
622 159
348 858
195 890
82 425
378 346
923 836
757 814
387 874
641 271
116 453
433 35
240 417
754 804
677 112
284 203
598 818
581 109
443 585
778 831
825 498
429 897
319 21
253 752
952 103
862 495
37 383
317 245
869 84
274 824
111 222
670 152
699 497
695 928
13 602
192 556
946 560
544 885
631 55
204 565
123 706
711 677
617 368
752 789
318 429
439 283
599 368
252 913
287 536
536 270
981 576
190 507
737 410
925 806
699 143
593 985
586 157
449 159
466 430
85 2
696 341
113 5
180 658
418 630
281 240
755 879
185 483
994 175
306 312
589 706
97 362
261 891
934 151
205 969
193 560
611 368
569 442
1 200
566 876
13 868
343 420
200 266
638 694
365 850
462 342
793 512
749 297
287 875
660 241
910 652
456 60
750 880
997 349
567 648
676 491
831 229
54 616
157 590
739 637
569 137
160 261
459 7
690 430
131 859
78 984
932 994
235 751
933 600
623 423
412 717
583 23
816 300
892 8
176 843
348 560
747 995
804 341
433 7
827 459
231 369
813 910
182 946
581 634
727 561
629 408
654 820
800 871
732 560
342 559
507 390
952 291
180 865
513 682
65 935
742 898
451 509
516 754
312 302
6 302
567 571
48 754
737 513
528 926
979 413
870 825
183 310
927 218
278 683
312 406
908 580
195 104
612 498
181 599
724 837
808 171
361 731
198 75
372 969
166 197
124 597
351 108
651 713
540 704
346 403
21 620
521 662
858 147
430 60
923 884
687 212
715 548
141 494
586 797
411 795
204 420
630 399
370 838
447 607
369 249
126 261
771 194
114 911
739 906
463 276
654 548
46 213
365 642
318 570
792 521
906 922
443 356
950 109
837 246
825 11
499 255
527 826
123 240
404 499
898 792
474 422
659 220
635 290
669 156
789 983
562 440
519 998
66 732
838 411
628 655
642 672
706 952
992 65
800 436
352 920
906 760
341 599
437 275
333 572
233 828
431 943
176 965
818 16
662 943
877 166
226 263
27 996
24 696
926 458
316 783
864 197
437 17
121 312
27 510
39 247
27 586
472 378
121 976
322 411
234 701
97 666
585 170
627 95
357 977
935 369
253 0
58 582
351 576
936 706
408 320
766 32
344 251
744 97
405 509
424 36
271 543
587 898
240 677
885 909
350 463
371 741
305 476
159 300
914 314
401 922
413 294
723 604
420 3
402 656
388 716
805 384
116 328
942 294
52 252
834 327
589 465
693 669
171 916
565 19
479 921
289 761
858 501
761 168
734 386
598 594
68 712
645 187
961 696
27 787
482 765
561 668
82 624
687 953
802 304
325 498
19 129
283 760
409 469
360 90
81 426
273 565
61 721
299 128
86 3
73 570
593 357
600 140
445 501
454 90
580 960
181 70
224 901
807 533
428 237
413 656
328 154
268 709
204 261
123 848
587 219
785 464
567 905
49 534
694 169
36 303
335 468
955 145
620 67
850 301
846 709
869 535
597 719
174 641
138 770
769 997
775 123
906 208
416 69
504 317
325 851
22 860
640 729
581 227
12 877
470 301
223 180
355 263
130 355
681 976
314 253
847 8
641 360
686 795
821 865
450 422
151 690
952 133
650 690
702 173
960 956
159 403
382 114
536 793
700 808
448 76
986 830
9 491
884 673
691 399
175 620
718 531
984 917
258 802
231 742
312 597
147 141
409 731
444 24
768 627
766 449
616 870
46 215
523 280
87 669
295 146
652 489
823 640
467 312
909 716
917 136
977 246
800 1
653 851
960 488
493 628
289 436
607 583
281 481
415 180
527 28
817 341
38 575
622 566
849 211
500 992
987 319
360 982
499 85
295 15
530 619
393 472
803 828
863 460
150 663
731 132
633 353
158 111
104 372
75 42
241 556
877 379
954 14
358 353
564 318
240 578
146 609
495 54
235 575
498 848
80 286
21 70
99 55
343 971
757 89
706 981
759 593
229 120
24 129
178 292
649 36
840 864
503 75
199 389
770 761
170 216
393 497
1 306
243 921
560 159
968 423
70 123
742 284
658 68
418 186
52 14
576 288
278 952
670 530
741 379
860 605
58 844
762 99
707 740
25 334
712 433
640 152
816 104
798 409
324 672
872 617
245 503
728 200
739 438
169 497
324 690
793 485
397 596
804 646
842 681
366 34
582 615
720 916
363 296
934 495
601 490
624 887
413 962
793 312
82 34
915 467
581 573
280 441
683 446
272 23
261 83
367 697
540 55
967 779
788 613
189 872
505 507
563 301
180 398
940 150
905 715
661 341
841 740
744 935
797 481
522 450
485 308
214 836
283 826
711 92
809 718
315 31
22 341
29 404
721 847
49 726
935 641
93 559
36 244
359 300
786 810
884 608
81 995
253 534
377 441
529 4
77 245
963 491
331 618
703 209
328 96
131 643
911 13
273 688
115 75
340 256
465 90
404 786
69 241
206 454
451 78
448 815
87 356
325 118
220 416
587 125
984 876
107 873
97 417
841 340
475 353
915 587
156 901
117 538
819 666
889 721
393 930
269 601
700 445
700 730
501 76
446 829
259 729
373 533
556 104
961 514
709 701
755 818
864 407
139 381
385 253
113 764
365 736
790 554
40 962
853 467
603 53
145 635
6 989
302 301
391 567
598 421
91 344
200 570
976 280
228 196
790 670
324 350
636 15
962 414
866 154
898 560
790 153
772 283
577 356
476 650
911 251
295 405
631 316
384 250
64 850
601 920
655 86
28 160
203 857
388 217
647 500
277 640
797 948
154 223
178 929
462 159
762 645
929 206
108 449
861 363
839 178
839 216
928 563
696 941
182 211
322 496
733 661
226 175
136 496
968 340
636 267
782 247
855 985
808 116
824 180
830 494
356 739
532 864
697 682
955 547
60 400
328 339
340 147
486 711
511 484
309 9
805 471
446 217
248 426
153 656
294 681
971 924
661 981
441 148
894 843
604 79
461 747
945 739
851 834
434 114
231 945
782 851
61 105
470 135
906 273
366 90
170 729
983 106
904 206
2 174
109 326
961 631
421 967
429 548
299 156
646 282
93 8
170 120
894 451
99 637
202 612
508 506
113 149
989 779
873 438
504 607
561 111
181 722
204 235
600 118
732 902
262 469
205 757
752 110
391 645
532 48
250 767
645 845
356 195
165 864
343 688
419 696
287 418
83 638
463 40
656 764
737 333
123 437
648 5
635 99
144 204
280 33
229 676
272 825
657 578
201 806
871 651
530 333
360 748
876 784
840 714
189 356
318 241
363 556
436 656
515 295
108 637
66 108
123 909
715 242
745 126
250 191
409 805
766 68
310 44
542 489
696 70
777 645
229 999
399 155
576 895
922 375
38 33
30 537
578 654
980 41
843 812
737 359
20 426
768 381
373 181
469 947
822 732
795 671
976 801
477 244
990 757
772 370
600 760
725 153
437 44
712 687
224 601
188 152
35 392
646 857
142 175
271 301
2 221
610 567
521 558
467 673
152 297
705 965
191 312
234 837
581 666
355 920
550 464
649 392
766 47
496 179
743 102
423 439
25 243
891 399
951 177
399 797
544 657
961 980
347 808
723 941
319 582
177 263
187 814
947 206
46 406
493 249
207 550
903 995
329 101
980 727
691 328
871 299
259 329
968 583
576 820
593 278
921 754
1 766
260 228
365 303
970 64
63 725
951 792
297 499
621 983
29 915
387 315
285 883
27 823
398 210
828 570
504 239
142 80
730 499
570 321
959 336
566 418
133 819
517 934
97 725
938 619
200 678
205 888
520 935
288 861
288 978
592 124
317 735
762 780
596 979
423 612
574 797
961 346
905 982
114 716
347 476
792 236
888 98
433 794
908 513
123 411
901 21
371 857
26 518
83 910
973 869
722 453
130 395
166 274
30 57
914 475
36 510
436 632
145 308
195 785
308 430
568 584
848 351
288 325
905 247
270 314
330 528
390 234
415 610
461 78
784 451
477 637
871 90
481 713
160 153
139 309
791 709
953 572
124 709
806 10
990 654
647 632
538 782
56 278
998 120
240 754
560 626
803 204
962 291
606 912
80 424
643 440
253 574
367 492
801 573
421 491
805 480
18 205
72 617
299 405
272 903
897 682
37 264
427 967
448 575
534 196
220 567
576 568
367 415
672 475
602 830
926 362
517 957
495 55
71 264
754 947
854 649
818 358
7 121
344 592
757 17
749 962
186 265
895 933
927 880
749 502
284 155
654 230
232 293
540 529
77 807
559 513
363 881
990 161
848 548
32 974
136 317
932 945
515 780
895 742
603 552
17 30
652 985
961 218
600 541
884 989
529 24
239 298
176 347
214 600
744 380
321 531
833 44
521 481
779 286
616 933
278 781
55 102
835 149
361 714
436 465
336 721
453 823
795 945
173 110
372 386
849 630
384 218
13 765
456 51
972 690
675 106
794 92
701 547
283 778
857 95
62 783
360 755
967 463
213 322
440 657
197 905
487 346
397 227
70 377
62 467
66 208
862 843
693 761
609 803
125 691
683 891
568 920
713 482
173 175
521 450
368 367
827 268
104 816
146 699
597 31
247 435
749 745
516 587
339 872
691 693
187 383
186 600
67 445
100 325
33 624
7 346
737 881
541 159
310 318
112 359
222 797
111 969
127 975
343 534
501 861
131 134
69 109
354 739
712 512
744 983
118 314
909 187
547 497
88 101
716 713
675 53
894 183
98 368
896 968
878 915
742 763
449 601
561 971
443 620
525 766
691 651
992 505
877 340
848 463
666 106
780 459
413 493
408 227
132 839
96 356
520 161
142 611
173 366
231 417
31 735
312 144
538 725
352 656
654 104
498 964
381 274
126 423
191 190
956 960
563 602
445 905
596 693
368 118
816 118
983 201
578 773
680 352
559 727
731 156
878 363
914 88
939 559
999 684
377 689
833 253
514 808
650 736
59 256
34 440
93 884
588 277
580 223
449 60
534 959
642 548
744 200
343 592
453 603
168 400
854 893
901 204
377 912
784 864
387 352
271 165
752 473
894 363
705 215
914 903
254 457
340 99
944 152
559 203
427 370
832 600
811 578
279 445
962 986
822 499
290 893
39 449
622 144
653 125
244 963
158 183
458 265
566 5
244 978
245 204
847 11
925 878
459 363
293 181
683 816
277 999
716 11
817 49
841 983
459 424
208 436
898 145
801 275
894 920
897 37
514 118
952 771
421 384
718 56
893 164
399 872
554 964
366 176
396 600
112 780
737 668
645 838
97 148
35 864
410 359
429 38
318 433
943 873
253 8
506 183
538 643
82 774
711 640
932 854
805 871
714 59
766 979
479 218
244 801
271 541
989 806
176 724
901 371
548 667
437 449
438 490
694 571
984 927
876 738
307 562
45 41
56 279
805 285
684 827
0 170
263 289
740 599
795 807
984 813
798 945
620 942
55 460
731 381
979 856
23 157
420 902
700 220
476 851
850 685
49 500
665 103
479 187
723 782
358 286
741 783
848 366
437 793
228 483
888 482
942 681
73 23
958 470
152 534
179 921
480 809
942 251
648 711
527 880
25 85
956 181
236 967
457 316
592 673
149 124
666 41
18 919
667 122
729 986
874 545
734 388
941 862
984 742
740 595
446 530
381 862
521 476
836 532
734 258
777 263
709 575
531 139
425 996
484 690
461 563
231 772
381 766
595 606
532 283
804 315
346 656
353 912
207 430
741 564
85 241
682 465
124 755
588 922
996 907
359 397
785 37
332 580
753 821
866 777
5 624
97 793
430 392
346 242
954 540
684 626
535 500
959 304
568 536
741 113
851 924
19 348
165 949
24 114
164 450
73 424
330 849
715 558
560 457
640 831
788 520
995 81
377 81
137 814
915 900
170 972
210 537
409 348
856 488
23 693
349 933
856 523
428 379
678 192
829 965
949 386
411 644
354 116
375 66
634 548
948 328
129 150
230 119
410 522
380 138
322 291
353 206
806 457
622 64
744 777
579 698
692 802
587 636
222 966
692 858
622 816
46 409
392 763
547 142
839 411
993 172
193 887
741 991
412 583
836 508
304 781
780 493
931 709
682 541
621 221
319 687
332 331
584 353
405 273
455 725
339 129
687 779
690 625
202 645
750 427
236 406
343 273
578 563
917 203
899 247
504 172
911 637
725 377
32 376
823 314
111 204
677 619
566 890
24 592
775 957
846 389
796 122
171 444
627 589
847 315
89 138
787 400
602 927
8 884
998 991
21 601
250 917
411 806
423 234
516 159
938 971
675 407
345 215
162 932
998 367
92 449
534 268
658 333
594 100
126 30
456 547
459 816
894 140
903 429
547 490
977 930
229 82
630 879
54 300
866 402
762 511
376 875
864 571
219 573
176 942
796 979
923 370
247 342
360 3
805 840
406 3
362 804
82 294
452 442
86 807
699 868
829 322
63 418
937 625
288 372
670 872
788 806
236 413
789 6
777 847
460 142
856 601
921 142
454 307
100 831
785 735
878 504
690 827
798 22
626 555
60 857
634 602
838 727
478 271
194 22
538 2
481 784
808 912
993 525
293 930
515 561
438 957
938 722
329 310
287 970
20 313
530 701
473 443
281 331
58 393
145 995
433 297
831 600
103 712
597 178
147 286
608 181
727 647
8 746
44 331
610 891
310 679
678 288
893 684
329 285
357 53
484 43
451 631
275 341
30 807
949 402
922 111
758 981
622 227
912 858
599 115
879 845
814 167
709 682
102 635
160 944
190 17
42 838
359 995
887 539
147 291
836 332
935 422
347 789
57 912
442 367
595 784
943 30
526 588
412 908
995 310
871 257
411 288
168 578
213 642
755 629
885 550
714 848
740 214
635 656
225 480
474 177
552 572
403 652
234 38
133 584
564 478
393 737
241 78
292 947
903 233
867 568
443 354
380 854
755 439
149 780
333 245
104 688
781 386
143 314
656 786
306 264
10 644
686 923
425 46
496 530
726 297
829 94
229 232
139 45
497 446
771 463
470 7
809 684
198 105
687 488
124 774
689 148
55 200
789 157
931 323
773 577
775 39
779 150
70 109
365 119
808 280
105 188
757 944
841 777
219 696
740 356
778 130
953 513
555 945
976 15
77 373
967 784
279 132
330 34
874 77
463 955
121 348
54 648
589 198
750 101
35 193
909 521
555 139
817 520
31 720
565 20
132 265
845 715
341 232
139 736
122 410
752 764
512 242
860 444
437 68
213 32
319 778
276 172
946 314
70 229
879 621
309 991
390 161
976 647
973 930
947 39
469 273
576 422
248 360
892 727
628 751
699 716
797 449
734 499
168 925
874 580
642 772
739 489
295 485
187 777
744 271
508 929
243 620
350 255
463 714
300 527
483 717
745 19
816 385
794 71
955 718
487 368
494 991
377 22
450 839
779 52
138 783
806 846
373 5
470 89
944 665
991 887
112 615
964 678
780 337
549 148
948 383
101 940
438 921
829 566
642 402
621 281
889 110
926 253
281 259
281 176
504 66
76 759
257 112
899 111
949 219
612 28
615 166
215 211
563 666
714 410
176 766
328 48
701 640
16 93
507 132
742 820
172 647
559 400
36 416
200 202
909 34
736 443
87 664
247 37
401 574
766 658
433 150
43 740
537 672
640 375
298 930
554 204
203 420
651 607
315 705
966 179
193 561
695 143
757 316
990 924
941 660
297 107
474 739
360 426
660 674
648 646
155 535
312 688
281 916
223 209
878 872
399 320
993 134
317 244
388 596
706 35
690 521
846 928
994 465
331 570
148 888
870 548
331 844
926 281
403 799
170 204
91 677
556 885
564 573
106 23
720 664
46 642
989 360
697 313
850 312
355 852
975 481
460 625
47 210
80 451
711 870
758 731
169 101
667 343
852 300
310 105
494 701
991 245
386 929
571 303
67 78
415 132
394 39
634 770
81 605
475 250
386 775
835 491
878 348
310 816
315 809
158 993
249 681
868 920
125 989
590 786
706 339
593 191
576 26
794 781
604 188
129 519
347 129
976 609
854 899
384 309
324 565
565 987
41 20
135 965
178 881
608 452
758 69
948 142
745 795
944 829
22 66
135 692
223 291
940 939
820 545
339 112
712 786
518 427
988 325
247 763
308 760
622 358
339 664
431 229
402 255
355 463
332 587
41 556
198 404
932 848
341 251
458 29
317 348
962 241
389 241
940 981
104 150
349 610
546 369
850 523
36 957
782 193
655 536
220 807
394 107
605 601
869 872
116 950
205 406
715 992
562 814
123 211
443 706
611 49
12 362
32 49
934 607
962 444
443 862
11 569
490 604
787 622
214 434
163 506
22 635
76 787
770 365
270 161
406 108
267 809
935 511
9 929
12 138
94 952
69 252
278 182
288 875
288 538
57 974
688 41
678 32
339 123
862 519
817 390
316 376
576 996
96 396
335 158
32 235
274 693
720 642
967 289
820 815
469 136
238 821
98 803
819 434
940 152
647 242
747 703
681 926
81 905
597 760
390 500
200 667
797 233
446 882
253 975
68 926
869 684
380 58
592 149
527 980
510 995
54 551
90 262
238 392
306 526
802 324
90 778
121 482
949 771
115 871
108 88
375 835
529 923
885 111
740 800
565 290
663 514
490 19
458 145
940 153
673 183
757 424
739 860
542 47
967 340
708 795
848 373
670 231
796 720
510 683
468 31
491 345
595 759
709 31
296 884
138 120
816 273
682 24
68 306
869 895
933 740
882 131
250 393
597 716
168 796
198 931
259 228
973 114
951 565
248 691
628 331
262 785
858 396
542 31
434 362
761 149
200 70
622 565
191 839
178 963
949 316
906 344
152 783
275 822
395 669
519 25
150 88
907 279
54 647
640 176
265 968
258 814
936 667
466 993
48 67
612 656
450 696
905 625
828 165
816 38
350 97
484 47
251 781
317 610
822 520
123 814
838 847
825 863
38 971
693 980
304 303
191 917
971 751
330 391
820 475
442 563
819 570
264 806
379 698
72 951
464 211
454 2
2 766
270 661
692 878
508 63
981 364
841 611
854 45
784 629
8 514
535 368
355 889
614 147
131 335
928 431
719 845
530 678
498 195
104 795
636 74
765 351
283 165
23 348
446 639
367 639
342 694
824 220
359 532
549 382
107 734
345 923
889 953
631 552
728 897
815 12
558 546
420 351
700 898
389 902
683 881
404 192
445 872
919 610
942 238
579 993
491 267
937 562
82 834
322 80
705 506
229 649
859 357
851 104
496 899
204 54
93 145
784 582
264 470
975 34
919 623
303 772
279 895
277 540
377 968
373 564
913 200
356 925
298 434
335 731
176 229
907 310
227 721
388 543
202 125
225 454
198 253
60 509
825 15
127 662
268 362
125 681
922 610
882 344
550 336
514 744
193 321
530 406
518 303
303 674
669 214
741 685
503 35
347 685
72 238
710 942
230 702
803 782
673 947
502 261
844 817
211 191
75 405
106 657
619 955
651 509
951 881
254 192
694 294
124 167
600 593
956 845
577 807
834 104
331 55
808 877
692 714
946 657
746 437
423 602
619 207
19 621
445 437
245 819
975 278
783 384
703 441
388 915
976 751
778 646
661 783
895 152
855 211
507 5
747 291
50 607
975 171
561 981
346 303
439 802
599 85
153 285
965 266
106 945
585 955
464 56
130 608
20 55
290 228
391 102
112 372
850 863
220 846
171 720
221 835
618 645
743 347
43 635
991 312
924 896
25 912
454 814
343 314
72 934
100 293
536 678
932 730
524 614
859 171
547 463
714 499
507 454
92 422
43 586
706 430
158 954
212 137
603 964
788 254
395 286
985 423
957 789
817 742
165 914
3 838
536 363
923 2
456 637
553 250
361 833
631 767
95 472
789 646
155 620
966 210
154 388
740 732
727 577
927 94
397 815
140 269
88 435
90 882
313 668
648 548
316 650
725 472
554 292
288 243
715 887
891 610
971 629
546 589
466 2
976 766
433 141
934 758
752 830
441 880
656 799
775 431
242 552
99 619
967 696
694 434
533 12
716 189
146 302
96 335
274 906
969 661
347 259
268 796
932 309
232 53
643 722
966 297
794 426
92 743
570 195
733 568
474 571
423 532
239 212
225 976
231 581
138 544
743 223
968 820
726 812
759 847
400 893
823 307
333 97
582 115
233 683
63 930
181 748
352 86
944 920
957 656
682 455
686 129
934 851
251 7
824 922
346 95
408 376
842 65
348 529
41 257
762 540
773 672
104 857
331 257
179 868
545 410
126 951
821 510
645 476
928 879
406 702
837 115
293 520
152 317
20 311
965 891
671 427
550 229
599 425
575 257
452 501
854 22
866 156
909 339
339 885
719 616
992 477
990 563
602 171
102 188
259 891
241 160
300 495
948 512
741 995
758 324
463 332
101 1
294 763
177 461
259 777
82 764
874 15
413 368
427 288
643 186
280 531
163 586
637 387
975 128
105 603
350 210
786 246
355 360
468 61
97 322
971 757
536 829
951 942
435 94
968 431
678 54
305 205
576 178
187 448
23 901
302 266
755 748
818 857
671 687
618 995
37 656
670 675
862 201
243 308
31 986
991 552
946 626
232 52
636 950
161 120
39 986
196 742
988 203
528 129
264 439
108 315
673 116
891 91
96 740
877 264
120 671
841 793
693 156
798 927
219 338
81 520
903 482
814 473
372 485
802 703
615 402
746 422
247 644
543 711
872 797
130 510
212 974
10 442
468 301
233 410
37 683
198 896
201 736
859 198
650 732
832 339
66 313
554 928
890 408
200 463
807 813
195 532
805 264
621 840
662 225
995 356
739 881
519 190
255 139
765 522
942 424
948 324
218 96
165 422
26 427
851 670
957 533
689 160
176 825
379 800
93 694
507 624
481 415
111 176
626 795
865 296
145 190
504 686
675 784
139 767
336 982
116 960
751 557
832 641
429 641
238 709
896 467
440 943
640 548
593 75
16 158
820 665
395 274
805 772
844 445
277 37
378 369
845 534
989 940
949 680
169 443
844 465
753 807
627 603
517 596
669 507
139 10
297 827
539 19
615 358
412 444
719 721
358 95
881 653
537 973
380 817
277 920
108 685
54 386
856 268
451 22
457 677
639 849
962 723
383 532
622 84
429 904
132 299
788 271
27 570
434 86
51 754
33 579
28 253
842 243
942 457
359 222
170 769
522 827
666 962
984 424
375 57
558 497
912 576
779 422
91 208
661 377
941 296
560 59
117 546
438 228
252 372
239 43
447 95
629 374
579 415
729 190
139 3
598 613
2 522
862 666
978 692
66 735
426 273
354 703
18 864
756 599
641 418
783 229
199 98
537 965
256 585
916 710
761 723
244 105
877 979
394 922
59 272
335 220
986 611
259 6
969 861
200 673
338 18
353 483
897 112
25 414
150 932
345 779
241 483
2 926
372 685
738 337
338 216
418 398
932 132
176 47
741 3
680 581
928 907
671 47
764 73
627 167
934 185
955 263
905 538
279 885
758 453
293 845
395 258
894 371
443 573
75 275
62 889
385 88
450 707
828 582
222 831
329 930
476 997
192 745
17 344
731 376
463 63
310 716
570 956
841 98
129 483
143 324
78 611
730 332
384 282
431 6
734 891
848 450
735 603
417 882
791 375
808 718
398 855
42 278
877 859
45 365
940 78
116 668
9 914
489 479
642 427
8 912
243 824
324 909
591 483
88 398
126 960
981 345
849 927
965 824
576 542
395 771
590 228
108 255
579 155
434 413
929 548
775 8
684 815
146 873
722 34
603 755
840 407
109 618
214 69
437 557
37 319
886 675
323 858
907 604
828 367
932 128
817 485
997 233
287 297
217 899
752 297
447 253
914 363
911 821
867 453
738 121
221 636
201 280
548 266
629 79
351 759
256 623
421 306
811 518
611 180
530 74
159 613
721 18
23 597
416 226
355 237
994 221
577 343
71 467
967 963
191 478
625 882
247 826
449 392
179 760
364 168
121 68
513 446
19 320
345 235
939 942
103 814
696 810
257 352
372 958
640 495
522 188
260 949
151 398
401 389
749 578
598 26
585 645
666 82
613 432
656 20
302 637
243 985
304 86
902 695
405 929
369 566
89 494
320 11
830 233
220 658
349 886
966 350
894 481
105 547
68 344
837 149
166 393
735 528
827 663
279 203
898 782
715 257
113 450
965 905
392 146
683 1
846 770
69 357
512 343
333 64
670 252
516 903
944 515
821 686
264 65
752 601
996 593
959 404
776 993
910 857
317 89
341 434
641 733
295 697
758 410
68 121
787 715
761 401
4 334
293 640
305 695
774 981
121 577
202 237
620 657
762 658
862 390
992 496
192 685
235 829
394 192
352 49
522 259
662 948
983 551
733 598
988 487
496 477
486 81
716 559
611 809
162 77
549 346
107 855
452 557
544 564
580 337
27 1
66 308
260 589
955 625
160 434
790 258
721 371
601 170
657 573
148 111
952 354
55 493
325 723
711 60
289 36
116 200
199 377
973 995
818 499
131 841
101 290
455 650
306 824
949 584
441 961
391 341
689 103
869 5
977 619
764 112
166 276
643 802
878 805
874 859
604 894
937 113
322 601
517 976
50 585
199 413
256 120
572 940
990 502
541 728
310 821
293 648
807 383
779 587
772 747
670 404
838 664
173 554
970 111
832 493
785 826
932 248
827 81
926 268
675 160
426 500
375 277
325 532
222 297
104 54
210 146
473 438
283 646
730 515
546 824
963 333
759 70
427 358
651 252
885 739
286 210
296 550
14 644
630 289
89 154
546 927
645 713
177 690
294 5
453 741
205 343
696 559
668 87
91 175
52 764
956 505
493 332
942 735
245 178
765 657
840 948
460 535
370 417
87 551
455 936
953 809
161 634
870 193
559 588
937 136
478 600
714 526
762 926
941 934
452 290
288 529
517 868
279 246
394 864
71 848
71 164
979 152
446 93
412 828
937 890
685 628
424 316
774 55
599 184
5 940
258 16
284 969
994 757
431 573
360 380
110 578
758 764
164 57
805 563
679 254
336 182
534 33
87 275
489 800
375 570
108 311
57 105
641 208
546 711
718 318
198 608
721 332
779 728
914 449
532 370
8 674
498 804
787 189
382 428
88 134
715 635
782 325
314 659
281 251
209 852
93 695
213 327
544 435
859 944
461 873
477 401
326 170
670 752
336 149
961 556
517 851
130 240
952 35
567 930
360 506
234 261
944 479
183 488
577 609
476 566
221 769
161 967
626 80
859 187
281 549
92 276
582 71
226 148
632 672
259 799
418 732
771 358
523 183
312 992
660 621
645 91
561 105
702 291
679 677
355 70
401 659
516 31
616 886
915 6
651 882
899 108
863 690
600 309
5 284
278 424
94 864
613 541
143 778
590 371
926 611
357 279
473 703
467 622
842 896
7 845
393 382
336 255
428 134
296 849
309 333
325 865
853 313
690 461
377 603
100 526
606 873
656 582
232 426
910 765
610 899
964 655
362 565
421 697
992 315
241 251
997 380
686 569
735 360
229 893
301 672
922 65
722 333
660 524
848 769
275 510
797 654
745 344
914 987
94 523
73 891
168 785
402 82
597 946
205 109
579 283
252 716
896 294
572 132
478 500
986 7
547 340
185 606
349 536
392 229
68 610
571 672
570 415
56 96
374 335
632 815
401 224
150 163
748 291
204 722
985 996
614 61
118 728
424 898
493 64
971 662
15 347
874 517
820 309
621 776
523 195
861 285
783 892
846 219
543 982
656 424
107 868
900 8
475 852
240 82
283 594
554 602
142 439
919 325
512 257
275 338
311 876
825 428
434 599
522 478
295 203
317 453
175 605
424 850
36 409
923 176
711 564
695 264
581 161
62 788
971 731
555 277
253 713
270 453
197 745
6 336
856 924
831 125
88 404
217 516
463 304
835 474
157 140
474 47
793 756
733 113
607 824
157 45
82 586
457 172
807 834
331 17
730 215
761 600
213 18
210 764
936 389
4 354
563 399
651 636
709 932
931 495
783 253
902 704
949 395
645 928
518 70
851 910
470 685
199 228
658 625
913 142
521 775
328 563
608 27
256 128
774 681
652 609
630 573
954 320
384 252
488 275
818 939
820 573
616 91
8 928
699 839
239 655
846 907
692 349
128 201
166 49
914 683
197 571
695 651
817 720
529 284
930 88
585 382
158 894
380 22
876 444
366 279
464 133
931 98
106 546
602 590
214 406
260 457
696 5
472 639
333 310
493 14
338 682
325 245
980 901
26 38
259 952
907 475
477 914
22 675
149 868
109 323
507 385
871 14
527 78
229 92
271 218
463 220
899 715
561 163
95 118
873 190
995 666
962 223
750 355
87 110
249 278
580 775
299 297
730 387
627 811
160 455
970 912
463 79
379 620
219 211
920 237
724 495
447 134
391 698
920 573
330 678
415 917
185 547
989 891
279 133
631 349
490 281
928 859
828 659
96 790
82 29
73 238
382 723
493 199
75 978
152 645
333 680
142 149
681 466
762 284
811 266
534 498
24 954
978 668
104 320
693 888
397 812
359 565
571 685
233 41
655 87
662 51
437 759
745 713
255 113
828 113
562 63
125 874
637 417
944 990
348 857
695 860
686 64
36 174
679 225
661 36
177 174
72 675
456 398
736 776
998 186
566 663
277 201
454 63
403 705
111 231
27 197
338 445
210 270
98 370
726 94
249 943
811 256
616 175
829 392
684 563
133 970
168 322
74 57
893 617
141 433
101 701
691 964
82 911
397 790
517 620
165 992
837 398
272 643
348 128
928 272
832 528
49 109
904 861
381 353
4 188
546 199
612 495
18 373
726 81
510 747
32 262
913 461
91 930
627 489
740 271
366 897
915 266
386 508
581 773
240 916
264 123
13 599
3 315
975 844
867 409
498 737
78 657
571 745
215 203
359 74
970 313
334 852
724 10
463 179
256 591
726 244
354 335
361 115
278 153
916 196
387 797
472 24
565 84
569 930
659 21
225 669
501 481
815 220
37 794
694 472
100 280
349 986
551 69
665 206
405 409
706 120
476 899
491 516
21 883
441 415
308 323
798 218
132 571
360 597
354 652
402 76
581 177
178 226
621 450
677 482
839 157
534 933
37 320
796 31
820 839
590 368
814 400
210 369
271 967
971 386
307 265
834 807
185 372
245 149
552 486
248 204
617 856
168 595
79 781
740 431
610 84
928 370
814 225
528 276
683 796
797 150
464 446
166 371
200 169
713 645
764 612
594 563
688 976
559 632
449 618
785 397
365 310
417 792
708 978
543 650
727 411
579 291
416 563
133 529
937 912
490 534
591 710
590 7
76 586
818 717
830 280
46 82
183 218
63 696
187 341
446 437
753 185
919 40
844 100
405 709
442 338
251 398
717 654
481 92
630 448
930 863
278 912
604 157
122 202
211 622
866 105
545 205
480 901
111 576
895 3
206 493
31 724
873 287
809 865
753 567
725 210
658 892
915 821
228 305
852 732
755 26
225 668
243 194
136 75
340 938
875 714
637 770
203 704
789 290
199 632
698 45
171 452
593 185
352 437
360 217
126 593
242 575
543 319
264 569
519 867
475 296
61 958
972 742
574 84
340 759
516 307
294 208
256 44
96 543
27 158
965 519
578 118
590 855
202 304
452 903
263 277
428 206
968 154
218 410
65 838
977 991
203 179
661 403
758 639
156 296
836 70
198 719
222 751
667 765
420 418
235 304
672 866
197 443
849 61
207 714
571 682
565 785
438 873
366 739
749 342
243 855
354 937
105 683
600 551
442 182
346 996
203 735
35 118
809 974
258 294
16 950
46 59
10 533
1 16
564 492
217 419
950 565
546 202
563 89
259 530
35 617
433 65
325 597
434 743
680 322
603 686
783 400
327 240
560 916
540 627
927 349
804 343
583 879
596 908
520 957
541 666
902 883
10 384
909 144
284 577
700 728
863 215
68 138
913 261
831 39
810 755
528 58
700 79
995 735
64 988
797 114
768 946
272 877
978 782
329 78
729 428
686 534
618 826
174 128
159 759
983 366
767 51
759 963
411 517
544 375
612 515
117 960
386 871
648 841
920 275
481 968
112 761
814 284
226 246
561 792
785 557
349 727
720 966
962 306
663 937
749 983
418 645
520 82
790 53
84 46
832 685
275 955
3 855
814 643
610 957
982 249
808 25
30 880
389 161
333 68
15 90
443 731
190 838
694 923
932 43
888 601
92 604
808 670
804 727
248 1
600 145
477 326
881 336
85 403
909 23
257 334
381 649
746 981
829 207
335 770
785 985
985 656
