1000 5985 3000
21 6 9 8 7 7 12 8 10 9 5 22 6 24 18 10 6 8 8 18 24 13 11 17 10 7 24 9 16 24 15 19 5 9 7 13 14 16 17 19 6 22 9 7 19 21 25 11 21 22 20 16 17 18 6 9 14 16 11 16 7 16 22 18 8 10 5 10 17 23 8 6 25 7 14 15 11 24 12 13 14 21 11 6 8 9 9 14 25 25 5 8 19 13 6 21 7 17 20 6 19 23 25 22 17 13 9 10 8 20 20 19 11 23 7 25 16 12 15 24 8 5 11 17 8 12 10 9 20 17 6 13 15 17 6 18 25 10 17 19 25 12 13 24 10 13 17 23 15 21 20 21 10 12 22 19 22 10 25 12 14 25 12 11 10 6 18 6 23 19 13 19 16 15 11 7 24 13 24 6 11 19 16 9 18 10 5 24 8 14 5 15 24 13 13 22 15 20 14 18 7 5 6 7 6 18 8 10 13 6 20 21 12 10 24 5 22 16 25 5 5 15 10 25 10 18 11 13 13 25 17 13 7 11 10 18 17 13 12 20 18 20 5 16 22 5 12 10 13 24 11 13 25 10 11 23 16 11 15 12 18 10 11 23 6 10 14 14 10 22 9 11 15 8 18 25 11 25 9 16 5 24 6 5 12 10 7 17 24 18 22 8 12 13 21 8 16 21 17 6 19 14 25 12 8 20 25 22 17 10 25 19 14 25 15 8 22 17 24 24 20 21 9 11 7 8 21 24 23 9 8 25 22 25 20 17 6 15 6 25 21 9 10 20 16 18 24 22 19 5 17 24 20 14 9 15 13 10 21 21 6 16 15 11 12 20 10 5 20 22 13 18 16 12 20 9 20 25 5 12 6 6 5 16 24 23 20 5 17 11 20 14 6 7 8 14 7 23 14 14 5 9 6 22 22 16 15 18 11 20 22 13 18 19 15 10 13 11 12 15 16 8 21 25 23 7 6 15 12 18 19 6 15 18 16 22 13 9 25 7 23 23 13 24 5 5 11 9 11 17 9 8 8 12 7 22 14 11 12 11 23 25 18 6 23 17 23 13 18 14 25 5 12 10 9 21 18 22 20 18 15 19 21 19 25 5 16 5 19 21 7 17 19 16 10 9 22 16 16 6 19 19 15 15 9 10 22 11 7 8 23 14 11 9 25 13 20 6 8 13 20 6 22 5 10 22 7 14 9 22 9 24 23 6 7 14 12 21 20 19 7 22 21 6 8 14 13 16 20 11 19 6 10 25 12 19 24 12 16 15 22 20 12 19 19 18 12 15 22 19 14 12 23 15 15 23 13 20 19 13 8 8 23 11 22 19 19 16 5 11 7 19 12 10 13 21 7 9 14 19 24 21 8 9 9 21 6 16 6 13 5 7 15 17 22 10 19 11 11 5 17 7 13 8 20 5 20 24 9 23 14 21 12 14 14 15 24 10 5 15 7 25 11 15 8 19 18 19 6 6 20 5 10 11 11 8 19 25 10 9 23 5 17 6 14 14 7 9 15 13 15 12 7 18 25 5 18 21 21 24 8 11 25 25 10 21 6 24 9 15 20 12 8 9 18 25 13 21 9 21 7 19 24 19 8 22 18 24 18 19 15 17 15 18 21 25 16 25 15 20 12 20 21 19 25 24 6 16 5 13 12 6 13 20 20 25 22 15 8 7 12 11 12 18 5 15 16 9 10 17 8 20 21 25 13 19 23 15 6 9 24 16 13 8 13 6 24 24 12 8 13 6 20 6 24 13 17 5 19 5 11 25 9 24 6 6 10 10 21 10 6 11 6 17 14 5 19 10 7 9 18 14 22 7 19 19 17 21 7 15 14 14 16 12 13 14 25 14 7 15 8 8 25 22 18 11 19 22 5 8 12 8 15 16 6 5 16 25 21 11 25 13 16 20 10 6 6 16 5 18 22 11 11 13 23 19 22 20 8 20 16 21 10 18 9 18 16 11 10 16 17 18 11 10 18 11 6 23 24 13 15 15 12 24 11 18 23 24 22 5 13 9 17 20 7 16 9 24 9 24 7 5 17 25 24 23 19 15 20 24 22 21 20 22 13 19 6 13 10 10 11 24 17 17 10 9 15 23 8 18 23 5 22 18 25 19 13 17 12 9 17 15 21 13 14 12 20 19 19 20 11 17 13 13 8 17 18 19 11 15 19 25 20 13 16 23 18 14 18 5 9 17 23 11 9 22 17 11 22 10 12 9 24 22 23 23 11 17 24 24 19 6 19 25 8 9 22 6 5 11
3 5 13 12 5 18 14 6 17 4 11 19 19 15 18 15 5 4 9 5 9 13 20 20 17 16 7 9 6 8 3 3 10 7 11 3 16 15 5 9 7 19 6 8 18 12 8 6 5 13 6 20 19 8 14 10 14 17 10 4 19 12 10 16 17 9 15 11 18 3 3 10 10 4 16 18 5 3 4 12 10 7 17 20 12 8 15 5 6 16 9 11 16 4 3 12 13 4 8 9 14 18 3 10 3 3 18 12 12 17 17 3 11 18 12 18 16 19 16 12 18 18 8 16 14 15 15 20 5 14 11 14 6 16 17 12 14 5 9 19 13 18 16 3 20 17 19 8 13 11 7 3 7 7 4 19 6 12 19 17 10 4 18 7 17 13 8 7 11 3 14 13 12 7 6 9 19 8 6 16 14 10 7 16 4 12 7 3 15 19 15 13 9 14 19 15 4 18 16 19 16 16 12 11 5 3 17 16 16 9 8 12 16 9 3 4 10 20 13 11 5 19 7 16 19 4 5 17 20 5 5 18 6 5 13 15 19 9 3 4 13 8 8 20 4 5 16 18 14 8 18 7 4 19 20 15 10 14 5 16 10 15 20 12 14 8 12 4 13 5 6 13 13 5 9 10 5 6 11 16 19 7 18 19 20 16 6 12 7 9 6 17 14 17 19 5 12 16 18 18 6 16 16 18 5 7 10 10 9 18 13 13 12 12 4 19 15 12 19 3 11 16 15 10 13 3 18 15 3 13 6 9 5 13 9 15 14 12 15 5 3 10 3 16 11 12 11 20 10 4 14 3 18 19 13 7 13 10 20 17 11 11 8 13 9 18 10 20 17 14 3 9 20 16 5 13 18 18 12 20 17 9 19 3 5 5 17 19 12 20 19 16 13 5 19 13 5 8 10 9 16 10 15 3 13 3 8 17 14 3 10 7 5 15 9 11 13 11 16 5 16 4 10 16 3 5 6 18 8 18 12 7 14 5 20 9 6 6 19 5 12 14 18 5 6 5 15 16 6 5 16 4 3 19 7 6 20 11 15 6 5 6 15 16 6 16 4 20 14 9 11 12 16 3 18 4 14 12 15 11 17 15 14 12 16 11 5 16 6 20 19 10 6 7 7 8 13 16 3 11 15 6 7 3 3 13 3 16 12 20 15 18 7 4 9 17 12 3 4 6 4 13 4 20 16 6 14 6 7 17 8 10 15 8 11 14 5 4 18 6 11 7 6 20 12 12 4 10 16 9 3 8 11 18 18 15 17 10 14 16 11 7 8 15 20 5 8 11 16 19 12 7 5 11 11 5 18 15 12 14 15 17 10 14 11 16 10 10 5 10 16 15 13 18 12 17 14 16 10 11 6 13 11 3 16 16 5 4 5 20 5 19 8 10 7 4 12 11 4 5 9 7 6 7 6 11 4 15 8 19 16 12 7 9 16 10 4 11 4 9 12 14 4 4 8 12 16 15 20 7 4 11 4 5 6 17 20 6 10 6 8 20 4 9 17 4 18 9 8 9 13 16 13 15 13 18 18 7 8 6 5 18 19 20 13 9 18 5 18 17 17 5 14 19 19 6 12 6 4 4 7 12 20 19 17 13 11 7 15 12 7 16 4 10 12 5 15 12 16 16 19 6 19 18 18 8 3 4 19 14 6 17 16 17 11 18 6 12 13 6 20 8 20 18 10 5 14 12 12 18 19 18 20 19 4 13 17 17 19 5 15 19 16 13 12 12 6 11 16 14 20 7 18 6 14 5 8 7 8 11 7 11 3 14 5 8 16 19 17 13 9 11 5 17 7 20 8 13 6 5 4 20 3 13 8 19 14 12 19 12 3 18 7 13 5 13 14 17 7 17 5 4 17 6 13 9 14 6 3 5 18 9 10 6 5 12 13 17 6 16 4 11 4 18 20 7 6 8 5 13 15 5 12 6 15 15 3 17 5 12 6 10 13 7 6 12 10 20 18 3 12 18 6 8 14 17 4 6 11 11 16 20 13 20 16 9 17 5 7 11 18 6 17 19 20 14 9 3 14 8 4 16 9 9 6 19 13 12 7 3 3 5 7 16 8 17 11 17 18 13 3 15 18 5 19 15 13 3 13 4 13 3 20 5 18 11 15 19 20 6 5 6 16 14 7 10 13 5 7 13 15 18 17 5 12 13 15 19 4 15 10 9 15 10 18 4 5 6 4 20 13 6 19 4 4 16 8 19 9 15 14 5 3 4 19 5 3 18 14 13 6 15 5 16 14 15 10 6 7 16
649 896
247 851
929 654
223 48
905 564
335 969
346 34
112 201
96 368
190 608
577 320
388 802
583 727
853 96
328 160
527 800
27 963
96 265
89 272
757 384
704 440
442 46
504 396
96 171
393 721
442 850
436 785
276 689
936 974
744 721
921 660
932 348
899 666
889 434
932 143
419 418
264 797
225 891
802 257
364 451
303 890
510 246
534 299
163 183
662 290
881 118
521 752
106 335
419 92
611 903
237 531
871 76
519 654
201 475
582 492
385 892
586 207
180 692
835 98
90 514
259 409
86 184
298 739
398 631
904 35
113 297
202 576
386 692
73 103
866 381
324 842
429 336
152 540
494 338
633 208
401 825
301 124
36 973
614 858
302 347
369 302
222 651
477 562
67 658
186 5
573 627
499 748
553 916
752 458
874 389
158 122
129 541
984 627
101 344
591 536
251 847
970 373
886 623
638 104
989 92
159 943
628 365
202 109
887 967
353 573
97 143
747 671
34 892
743 900
468 43
993 12
415 344
653 367
978 430
515 64
263 586
493 381
394 268
680 777
14 871
387 50
594 293
520 788
597 417
601 455
188 548
714 292
562 672
674 934
860 700
401 83
340 992
931 720
781 778
206 872
291 574
652 606
290 823
843 250
772 396
958 180
941 71
914 942
675 942
737 687
933 54
6 905
135 173
537 132
486 976
949 508
487 36
566 621
443 49
823 761
947 979
954 84
606 375
905 934
917 324
691 973
387 786
218 179
534 515
602 322
684 816
957 688
557 209
998 632
29 399
214 750
357 44
468 499
292 888
347 83
154 281
790 65
694 706
780 262
833 488
552 936
680 588
387 881
159 835
497 820
63 457
813 715
253 468
625 223
967 226
866 581
188 473
575 934
42 262
226 155
61 673
508 69
784 960
413 453
827 959
568 393
319 281
511 48
853 986
10 284
409 799
236 612
535 914
478 356
285 569
594 832
821 784
510 743
430 107
496 784
937 704
254 603
837 675
190 711
865 752
16 708
590 280
227 36
16 2
385 919
452 833
587 906
892 380
536 761
323 827
370 238
646 154
483 888
532 388
593 174
996 172
662 325
772 747
317 294
598 790
324 374
164 5
107 664
568 471
351 877
780 595
494 45
24 956
708 4
205 252
630 97
371 188
127 942
495 908
594 894
133 58
583 987
95 840
170 50
824 933
870 36
271 915
622 711
820 359
180 601
697 428
604 233
953 652
264 479
24 21
298 58
675 232
288 575
374 765
708 740
686 665
329 174
66 210
105 692
820 754
557 776
385 658
640 111
362 934
609 54
818 851
384 31
135 120
520 981
592 196
45 982
587 831
356 303
273 541
347 702
263 84
896 849
413 769
184 304
833 30
656 493
236 156
239 516
8 716
857 576
971 387
767 229
652 375
626 931
738 818
297 562
241 517
478 102
42 746
416 703
686 622
799 697
101 922
145 446
140 203
889 805
821 712
512 855
954 30
171 637
98 578
640 396
283 709
196 869
478 340
994 184
593 267
590 963
303 105
34 414
11 118
923 761
44 414
318 156
68 853
98 440
279 860
139 991
511 250
730 53
614 105
737 767
782 827
669 61
219 795
310 652
756 28
183 582
279 937
530 226
410 202
655 384
148 715
568 126
569 765
994 404
656 187
344 531
489 698
456 59
991 365
827 603
365 448
209 815
377 832
912 703
154 119
772 940
36 630
222 361
159 464
831 567
358 482
225 717
908 364
524 794
862 244
515 693
94 125
236 631
466 103
443 176
932 351
122 175
859 319
684 710
417 548
166 468
372 23
46 130
629 152
853 41
963 306
404 554
276 425
242 909
111 848
21 163
294 752
598 668
874 941
228 450
554 416
637 53
194 407
921 218
148 513
499 291
670 111
831 686
815 602
745 71
41 684
664 454
281 253
777 246
581 290
591 651
940 926
403 754
569 247
391 620
779 283
840 54
428 383
675 125
766 660
230 9
888 966
349 871
941 617
886 818
934 248
721 129
937 450
673 874
34 833
764 700
432 153
398 518
701 605
442 890
204 257
247 579
621 988
928 995
600 197
915 476
25 445
815 834
452 970
74 100
911 328
172 220
389 207
523 369
5 424
226 140
488 27
902 82
783 629
45 684
765 398
817 461
570 511
721 317
276 547
378 942
815 886
570 6
271 91
719 355
154 652
130 641
817 468
403 977
524 530
707 951
676 25
281 472
225 996
246 5
172 256
730 608
928 427
682 274
185 85
220 315
92 403
479 345
760 871
287 173
905 200
671 159
382 799
526 639
786 323
532 582
465 395
581 382
650 927
304 675
967 494
163 466
641 627
943 802
58 81
894 66
557 305
387 626
578 119
357 514
429 515
582 450
592 735
188 602
577 252
435 921
191 554
906 988
135 889
550 199
977 433
757 179
680 911
441 279
881 697
692 513
978 144
779 272
252 242
619 414
205 151
921 817
572 81
486 942
321 607
580 842
341 718
784 520
884 987
904 620
579 845
506 252
818 189
579 122
923 512
40 989
812 716
449 376
620 828
720 68
964 302
206 312
129 184
406 602
844 941
809 393
859 301
637 808
908 137
560 360
742 790
366 398
515 5
253 530
946 394
387 303
875 799
110 347
703 946
826 862
180 270
422 921
924 771
698 536
393 217
310 573
557 971
784 734
855 605
152 651
691 246
28 744
98 695
554 758
321 228
404 645
23 648
335 989
170 547
395 563
80 713
447 325
345 290
683 407
284 161
353 781
89 261
610 324
374 398
102 23
196 365
962 133
511 768
153 609
220 156
395 116
466 139
249 937
702 725
532 861
87 550
312 643
823 835
691 716
887 585
541 994
513 816
54 426
280 242
979 21
665 638
319 539
795 91
887 231
667 165
904 519
639 567
642 618
672 942
509 904
610 564
930 386
350 393
251 270
191 21
285 979
33 640
810 356
320 851
144 807
863 496
185 525
483 659
117 344
724 713
385 855
992 110
185 511
651 835
681 559
538 255
980 812
486 49
401 737
123 153
800 358
879 656
251 120
493 142
434 867
76 339
638 387
138 186
461 731
467 999
854 594
990 95
214 388
453 558
540 766
948 197
148 480
392 608
780 385
75 478
723 530
142 430
296 168
514 96
334 964
839 136
70 92
189 981
564 178
692 158
857 719
861 490
91 810
354 19
811 735
813 881
334 740
600 985
265 374
578 786
911 476
128 376
288 435
909 761
931 637
230 688
232 888
513 989
760 959
886 664
196 607
837 522
692 63
19 162
349 648
272 636
731 924
332 201
467 138
177 673
63 114
51 805
474 369
326 109
238 385
61 320
209 13
712 336
303 610
320 451
337 372
603 252
803 436
415 591
82 9
873 838
811 520
917 674
698 902
659 743
145 987
519 70
705 227
709 410
987 986
189 192
240 471
302 514
520 916
726 113
592 429
275 939
393 332
836 694
586 472
795 898
590 911
251 692
467 361
18 634
751 233
575 493
313 394
928 501
35 67
958 675
61 223
691 606
839 590
362 924
969 511
937 250
906 112
422 129
840 144
224 571
145 598
183 424
57 360
938 683
539 641
383 714
573 874
216 354
238 209
871 681
215 569
162 927
377 835
835 26
827 299
941 989
640 873
219 158
448 604
77 477
888 510
245 963
540 981
899 551
346 125
858 689
793 424
142 500
72 143
953 570
800 42
875 330
711 179
495 81
246 79
183 699
411 211
77 857
599 646
911 747
485 243
640 31
340 130
324 526
227 706
159 923
299 580
267 602
972 779
465 187
964 85
580 236
298 14
685 203
889 502
101 286
430 303
298 648
604 780
642 707
235 113
885 827
721 200
307 754
207 798
530 744
37 188
779 485
535 295
124 716
375 543
569 363
731 93
922 294
351 367
315 940
938 55
433 855
437 589
713 795
746 933
644 246
481 137
431 910
990 749
311 495
596 865
94 858
885 427
281 972
97 126
336 929
335 929
293 407
93 844
124 163
788 484
348 379
318 591
730 63
346 888
903 865
503 887
179 353
384 95
257 847
150 637
8 415
258 687
533 318
663 53
68 514
588 26
370 608
141 506
630 261
383 990
292 721
278 80
831 311
771 407
588 711
961 851
9 567
902 466
334 681
544 251
578 881
619 936
667 604
652 759
413 333
747 513
465 302
55 78
717 428
969 457
455 811
463 262
151 672
857 125
379 256
588 294
122 358
706 890
821 365
646 57
473 926
704 62
860 503
490 872
188 834
14 41
60 899
892 306
60 787
66 933
353 445
336 348
301 612
765 772
876 617
583 869
797 940
25 858
975 402
588 672
508 53
92 633
314 838
731 236
814 833
883 660
412 592
846 818
51 657
529 439
160 403
883 829
256 867
926 482
697 738
544 289
930 922
417 225
404 711
117 773
621 734
390 672
378 186
161 589
974 32
2 773
745 638
62 476
364 956
204 845
298 250
34 569
788 466
101 415
846 431
936 139
592 177
994 951
610 285
50 289
694 543
592 115
788 747
972 120
498 431
468 200
123 620
51 989
380 966
620 205
288 265
64 614
83 576
493 908
193 64
995 549
903 899
348 599
961 355
251 936
382 710
373 139
880 66
489 435
743 558
446 480
635 360
300 47
795 654
225 885
815 56
749 40
617 765
661 492
122 41
90 954
149 498
752 24
286 675
844 155
0 524
187 535
580 31
911 521
215 385
184 334
354 61
117 982
604 825
503 521
471 536
501 800
94 554
818 225
389 324
991 413
939 75
575 34
838 807
894 919
16 107
498 88
369 700
749 495
838 592
304 381
488 393
730 253
783 735
415 935
88 842
451 828
196 203
162 641
746 910
353 188
829 276
304 16
736 200
683 132
477 898
121 660
802 760
138 723
406 895
945 817
118 339
801 378
175 144
45 21
35 351
166 145
415 181
858 407
646 61
951 98
519 74
41 459
839 415
970 129
387 100
26 237
905 840
473 32
749 976
390 338
900 403
966 373
354 467
802 535
432 870
579 879
689 889
249 895
367 944
635 49
612 548
304 654
87 706
403 45
526 539
647 193
422 945
748 191
55 466
595 919
867 697
592 503
555 261
756 254
390 797
412 409
431 373
508 73
261 975
383 573
136 766
911 483
126 69
144 943
911 668
497 908
380 733
567 698
97 337
431 329
439 448
426 445
755 317
449 685
274 856
476 15
302 130
643 449
369 412
988 151
970 109
638 184
849 768
170 381
763 519
102 215
472 546
308 21
270 223
226 54
695 730
591 589
784 871
537 755
971 512
994 749
254 460
169 980
794 926
70 610
150 354
465 50
333 889
241 499
660 393
680 521
245 143
369 621
478 566
849 37
851 63
913 517
722 677
964 35
786 376
196 668
502 809
452 933
766 271
535 490
306 643
229 648
402 974
144 694
103 130
617 408
890 425
5 499
72 393
965 137
945 379
317 282
550 232
349 496
251 29
103 448
441 367
11 382
454 856
991 653
431 892
775 651
998 962
806 111
181 887
929 645
112 398
460 524
934 887
245 953
777 261
725 29
458 221
481 833
802 464
873 345
747 658
730 990
539 16
162 173
905 974
936 90
933 684
952 890
542 376
265 643
713 567
39 338
779 213
913 148
147 390
609 18
706 55
774 601
354 415
886 80
960 2
354 32
47 819
557 727
986 137
10 783
402 546
586 482
551 417
25 86
853 896
746 30
496 482
366 295
726 128
457 6
984 0
154 727
88 257
734 760
884 956
756 183
398 737
551 482
203 187
181 442
363 404
16 620
790 614
149 939
542 568
368 708
636 213
693 297
876 512
507 311
123 294
104 405
771 213
121 97
877 849
589 154
806 790
511 538
873 544
670 896
69 236
403 731
619 893
830 708
932 929
879 847
968 578
191 203
580 696
499 845
209 1
514 743
615 829
983 771
373 932
89 17
972 47
265 645
837 226
891 559
302 893
221 468
350 607
986 657
107 568
370 999
5 501
916 730
776 61
426 906
623 928
449 591
805 128
478 855
305 317
340 653
300 480
12 631
66 731
657 592
609 739
910 637
716 616
701 606
206 706
416 584
702 763
233 367
161 173
124 845
860 763
545 688
975 723
336 251
604 448
41 950
211 753
582 853
699 580
319 88
387 395
975 705
450 759
616 8
538 83
389 240
659 278
922 861
920 72
994 79
28 625
283 293
839 368
835 424
538 273
594 564
727 444
973 275
849 650
881 995
740 283
711 996
651 975
976 168
186 999
581 619
183 87
691 583
955 373
204 56
866 790
988 17
294 456
911 641
923 242
971 643
118 169
188 160
677 157
527 748
563 324
722 231
382 97
522 993
738 715
959 664
66 961
602 687
733 990
277 532
197 730
680 941
596 439
943 444
98 427
294 452
503 135
754 564
711 811
37 235
127 798
840 75
437 421
511 116
879 383
742 533
887 579
28 421
377 360
667 68
393 773
442 572
602 578
794 694
31 86
73 770
541 15
403 652
110 379
263 500
53 779
683 25
631 285
354 954
657 562
80 580
360 786
815 37
15 361
56 943
381 630
595 866
300 579
470 570
524 50
867 233
301 183
617 826
13 299
510 296
493 668
750 226
490 793
54 465
879 885
984 388
660 421
789 141
378 547
616 865
477 457
348 655
459 529
139 440
732 726
539 691
213 771
241 34
495 348
750 923
597 667
429 476
733 897
607 648
187 556
661 57
87 131
550 327
131 531
508 368
926 611
767 810
915 861
759 468
198 252
576 774
959 536
27 227
87 423
775 458
147 307
911 777
51 231
37 198
527 202
560 282
840 970
615 110
618 269
744 427
491 216
619 942
347 916
433 220
520 973
132 53
217 814
26 570
452 531
181 975
448 671
203 102
167 928
78 784
22 783
777 584
657 727
779 98
937 335
893 889
564 35
987 518
915 921
943 315
173 990
167 364
395 194
985 565
732 579
88 520
41 51
485 730
820 601
23 726
19 490
881 8
343 955
915 566
6 455
332 346
90 745
406 447
907 320
895 882
498 541
567 300
932 398
166 361
890 70
997 825
20 301
797 345
322 205
295 197
342 311
510 863
262 953
751 486
194 784
252 299
226 330
665 793
314 951
597 852
256 163
16 512
686 371
722 995
451 205
328 986
548 75
693 25
988 974
159 180
825 134
636 654
139 526
787 802
517 809
378 900
671 585
528 566
652 608
482 530
378 849
392 870
303 67
916 444
116 68
221 677
378 696
861 171
613 235
842 378
626 889
711 970
973 366
643 901
818 984
815 126
312 587
329 335
256 889
571 853
714 967
579 417
36 175
227 179
535 76
689 861
206 620
648 665
289 242
108 884
479 924
47 892
151 357
262 375
134 901
800 293
167 15
690 679
562 267
231 588
17 942
238 141
453 514
679 79
970 98
774 875
762 66
417 292
48 228
543 881
126 414
288 900
825 467
658 97
961 773
396 704
918 866
471 602
138 222
236 216
511 819
250 985
393 573
525 678
851 92
238 775
425 475
674 233
249 938
840 606
0 194
472 538
406 170
501 325
982 197
686 72
168 925
28 235
713 665
865 215
355 497
612 153
282 901
237 703
840 236
647 120
754 251
717 170
755 865
216 482
419 385
776 203
830 778
8 433
580 561
956 718
706 194
354 365
869 42
630 70
489 695
313 256
973 843
206 512
18 504
217 481
480 660
901 221
814 55
153 929
68 421
645 782
118 324
718 279
862 636
311 411
843 280
730 318
212 354
350 524
210 877
201 278
918 618
918 16
402 899
395 560
102 549
359 108
2 898
851 951
519 159
181 901
111 861
197 43
751 50
493 161
42 208
71 2
816 631
433 100
511 557
46 1
98 825
736 966
877 74
189 693
333 517
937 934
253 414
320 240
995 698
317 752
946 153
871 878
820 173
934 676
357 160
361 483
297 952
6 860
273 288
143 374
867 687
654 605
436 898
137 826
650 464
879 106
929 956
652 995
395 628
10 349
109 321
339 916
248 201
462 997
852 663
637 723
961 691
231 365
827 500
351 175
740 245
468 795
380 11
393 312
297 96
135 168
410 81
404 465
399 981
936 464
114 866
179 641
606 108
123 764
945 809
199 841
402 796
711 31
440 402
843 214
728 733
759 264
641 434
16 501
709 56
649 933
167 815
124 242
499 424
144 512
72 312
475 992
165 764
474 306
623 763
859 774
138 824
595 39
369 106
518 22
121 673
544 696
804 513
854 590
510 419
325 174
988 23
180 34
351 572
142 622
239 322
653 27
711 102
824 258
605 53
481 766
60 563
597 977
241 239
807 94
556 275
548 264
814 816
700 339
476 403
677 684
463 919
951 651
538 651
431 236
929 614
193 224
341 164
290 561
175 511
424 50
406 648
328 180
44 107
191 866
993 968
528 992
59 486
791 888
200 174
59 216
146 413
514 270
741 235
160 96
512 75
404 250
501 549
456 976
809 160
371 783
655 396
168 532
175 531
389 62
30 631
773 52
872 721
351 438
818 102
381 706
972 471
982 73
191 507
814 542
274 339
579 66
142 478
772 737
641 683
65 252
425 143
622 795
658 189
670 51
904 563
134 62
71 921
687 843
836 933
282 520
371 167
855 824
822 946
132 189
518 33
372 632
500 11
778 795
796 386
945 461
639 318
662 840
114 339
190 34
126 20
33 940
370 200
549 574
907 756
838 141
641 795
533 918
184 437
452 692
811 643
120 413
451 875
131 166
796 551
541 409
141 8
521 789
411 903
543 930
591 330
170 273
488 646
910 424
870 953
731 909
107 205
797 788
947 598
134 343
717 120
190 401
510 514
449 730
230 660
127 880
367 772
697 731
638 313
948 785
738 338
708 221
63 537
506 613
211 756
573 829
628 202
298 317
629 421
254 996
779 89
638 984
375 488
692 452
119 449
599 4
24 782
106 602
922 568
649 750
421 441
153 498
751 430
444 510
741 917
192 126
23 905
470 3
386 228
665 313
595 961
682 591
544 732
356 779
797 94
428 115
380 736
766 847
487 308
979 67
534 338
878 867
294 904
400 798
422 345
138 638
977 623
893 666
682 913
127 750
487 911
147 425
175 170
276 40
844 969
692 518
365 443
281 170
618 741
836 853
706 548
163 896
780 528
254 871
905 491
407 770
86 358
906 293
151 684
924 804
11 906
990 151
411 274
440 480
333 666
350 203
141 842
743 51
879 249
620 219
205 995
904 887
420 30
518 283
502 649
848 874
279 368
72 337
358 925
617 203
853 541
659 41
848 854
15 397
795 204
286 770
649 792
39 981
837 337
871 312
981 272
210 164
711 388
739 572
532 572
416 501
237 207
50 232
529 398
400 225
131 681
975 122
682 391
191 432
457 476
425 72
244 885
261 396
627 139
542 895
344 435
820 748
929 12
509 100
140 939
355 433
258 824
243 315
222 510
135 115
594 55
613 377
599 640
261 681
82 950
482 573
344 271
709 750
66 354
181 755
576 195
324 597
513 402
25 1
91 866
125 295
680 782
936 106
617 129
585 612
68 44
25 248
445 776
11 327
636 425
915 150
386 160
828 198
540 632
467 275
192 550
881 723
307 963
730 584
25 232
539 958
395 819
329 611
525 140
853 448
984 594
99 661
752 101
774 530
75 999
179 676
859 476
672 283
348 448
579 780
611 752
970 298
606 976
289 488
64 46
35 928
611 98
247 113
965 699
484 467
425 701
993 240
324 878
719 649
299 6
784 173
493 575
705 196
584 443
68 17
85 532
586 53
363 866
310 965
164 7
66 269
18 641
325 683
183 814
960 63
807 892
412 351
195 728
402 438
703 60
22 482
898 694
475 608
4 447
430 907
463 693
552 976
972 183
523 148
760 179
49 353
197 229
894 759
606 978
546 923
689 930
588 430
720 564
36 835
941 677
784 970
979 503
383 126
775 321
768 364
717 865
406 513
379 742
436 464
804 68
93 685
323 374
128 566
452 136
519 130
521 493
50 444
98 823
82 178
704 475
453 867
986 794
615 992
706 832
783 272
640 387
59 616
648 286
588 681
361 539
108 132
494 931
240 840
425 158
179 103
556 641
464 977
404 23
895 124
764 384
543 361
905 129
361 68
401 143
221 301
480 522
961 180
347 473
115 704
475 696
906 780
963 689
953 191
56 99
642 509
653 569
884 308
186 372
432 328
871 832
814 881
151 559
271 496
575 523
697 174
450 479
510 317
965 914
774 685
451 837
254 912
295 634
262 249
495 347
47 625
589 748
306 67
326 72
612 506
439 483
83 521
256 477
149 643
785 309
595 743
945 49
501 784
653 576
58 863
998 568
319 82
332 590
198 996
921 464
826 877
898 469
658 404
384 680
229 78
182 13
507 968
977 471
256 432
450 813
934 244
592 736
635 342
120 80
91 625
619 65
23 688
724 836
737 120
363 730
152 785
564 409
154 13
717 308
63 952
479 897
655 595
703 162
459 170
59 418
564 111
599 606
196 343
305 654
273 362
619 828
79 777
750 307
491 847
99 111
939 440
402 642
291 132
68 555
903 833
988 109
628 357
749 610
149 668
170 540
737 452
993 427
899 381
293 112
899 743
23 449
549 291
915 513
210 488
398 842
91 664
129 326
915 872
13 172
885 277
410 874
486 581
325 182
759 16
86 856
986 6
180 457
844 697
614 734
718 860
393 388
176 742
737 934
867 802
336 967
655 377
169 264
658 309
41 361
106 908
59 264
762 238
933 644
11 227
29 834
263 229
515 677
774 753
362 116
270 814
350 810
642 224
890 571
137 189
363 300
512 576
747 577
760 642
756 217
650 247
817 967
34 954
625 66
587 557
4 726
559 231
179 782
654 487
121 291
258 822
298 67
707 247
420 955
13 228
344 283
925 437
288 232
58 777
561 563
22 586
86 596
721 765
644 605
384 728
581 72
440 522
409 641
324 760
897 403
487 521
982 36
337 92
666 215
388 977
100 817
254 319
351 150
355 702
111 711
277 881
724 910
136 78
998 105
899 548
653 750
852 959
165 952
357 842
455 927
757 126
94 113
985 990
559 195
673 600
698 772
543 700
216 33
747 731
918 804
554 480
694 177
531 725
499 624
315 382
244 422
453 584
251 782
46 334
941 198
528 797
409 432
868 354
901 507
288 168
774 644
381 305
389 468
347 555
849 23
629 138
397 554
949 858
521 506
379 610
845 851
315 255
298 359
7 709
634 352
367 811
873 519
952 489
851 300
666 628
982 101
61 468
299 948
249 508
280 249
638 356
888 669
608 241
542 474
763 612
954 15
808 999
981 259
701 806
293 87
637 156
898 943
653 191
316 426
629 263
329 585
290 698
212 25
886 746
140 281
648 75
339 264
171 872
352 294
740 475
306 429
657 721
475 341
954 792
176 754
126 663
634 593
183 465
378 2
702 728
438 620
937 280
843 640
389 262
292 966
950 189
625 151
526 329
606 386
144 760
297 688
948 947
308 920
225 612
912 431
498 601
319 872
902 545
491 671
716 554
439 409
782 751
586 545
509 550
391 707
287 449
108 77
917 23
829 545
325 303
840 885
841 177
149 397
156 644
997 597
14 635
653 692
969 859
403 821
949 766
663 413
911 987
34 2
168 558
643 561
27 167
270 770
741 328
500 415
745 778
654 771
169 548
156 301
290 637
491 566
142 941
574 361
967 472
706 715
886 465
872 322
623 68
55 975
149 580
365 62
589 395
900 334
504 560
213 916
441 892
870 718
214 836
847 723
995 941
481 882
862 30
806 413
394 220
272 907
296 437
497 255
593 559
849 74
466 499
30 403
549 527
815 829
646 902
80 449
563 860
474 39
420 119
501 933
187 821
3 993
472 784
858 718
60 773
113 610
54 958
604 745
986 434
372 514
776 271
519 475
46 583
683 529
859 710
194 907
176 23
234 797
312 119
529 924
354 723
912 58
136 916
254 342
651 838
531 609
166 983
220 119
293 939
997 732
592 7
952 260
907 312
608 894
205 338
340 944
479 376
306 596
535 47
370 955
204 278
801 997
572 726
500 428
592 964
26 297
600 587
856 95
610 21
48 330
65 343
660 575
524 165
431 800
126 33
633 703
44 727
792 118
811 928
535 994
143 855
84 908
76 457
732 481
686 593
189 424
799 850
296 596
794 307
871 695
345 121
969 966
840 103
328 967
402 526
0 540
169 899
175 474
253 671
147 507
961 237
872 410
770 420
388 181
357 169
184 806
882 90
146 28
391 71
896 624
520 128
422 666
653 662
855 948
448 233
945 500
610 862
983 719
697 338
43 203
827 791
39 415
954 590
49 807
557 857
764 877
940 559
648 211
975 103
255 764
923 936
243 911
519 220
468 113
562 475
237 767
222 868
496 277
24 196
382 535
622 130
618 248
56 434
322 505
603 660
953 593
876 914
529 40
66 349
247 155
937 767
644 842
574 363
486 779
718 220
261 893
249 290
702 645
236 109
285 312
886 234
225 403
639 81
145 295
80 881
251 48
333 940
65 802
916 517
771 991
740 864
251 839
515 933
442 985
185 212
664 86
571 626
878 693
307 13
764 169
103 491
319 397
923 693
218 242
128 857
531 556
41 359
199 446
590 931
355 717
233 483
387 179
829 801
989 0
550 668
97 496
549 731
71 317
730 124
217 619
494 226
725 969
238 796
427 255
346 631
83 315
785 142
992 445
787 904
110 422
478 199
951 387
645 830
723 657
819 43
48 188
320 211
947 16
230 514
132 961
245 735
72 232
495 627
841 412
56 111
175 120
257 10
425 350
737 395
534 533
991 738
376 478
428 231
718 596
963 676
292 880
271 655
846 426
242 889
186 330
564 738
337 698
150 265
182 792
819 968
20 13
131 877
142 576
337 37
918 982
281 923
699 616
376 307
715 544
435 918
872 667
535 835
273 669
376 183
170 258
423 839
648 241
251 693
135 103
307 291
928 68
237 150
237 845
889 74
686 361
848 841
192 622
710 818
120 535
871 605
362 27
661 161
115 186
844 75
698 740
597 521
880 445
148 900
803 813
265 504
886 815
312 5
756 113
714 470
806 98
626 835
853 219
226 625
895 748
491 951
860 897
486 847
989 451
211 0
342 605
724 588
479 654
353 873
542 946
952 545
705 28
164 998
799 639
680 864
365 757
494 581
431 806
89 423
513 748
140 617
442 689
472 630
924 378
321 532
376 778
195 930
707 386
24 584
60 355
762 295
938 49
428 937
774 661
888 684
420 760
153 961
965 122
920 399
735 493
658 353
30 330
315 855
638 604
367 241
268 160
775 356
385 203
848 608
869 316
24 907
889 733
328 171
111 432
835 23
820 712
710 292
839 59
467 859
526 621
377 777
347 46
619 317
958 224
832 636
449 534
338 738
788 201
552 798
596 648
295 994
598 12
123 923
247 540
137 944
818 0
802 878
49 747
708 128
164 928
350 903
362 614
512 578
226 712
597 198
944 927
325 127
539 965
621 775
439 376
94 503
173 440
642 696
642 880
854 980
826 428
881 404
811 421
272 314
146 177
637 851
804 71
927 360
548 419
198 301
492 394
325 304
169 905
839 262
403 592
204 605
103 951
139 623
663 787
741 251
472 57
480 797
360 351
503 858
295 283
920 126
832 255
91 92
84 726
942 304
855 180
581 488
617 251
890 783
263 43
976 282
383 18
330 278
78 731
982 883
803 273
183 364
959 432
926 976
906 369
905 667
428 524
563 218
561 962
389 1
757 365
828 536
916 99
222 345
827 618
298 751
762 970
547 335
482 241
788 922
428 841
669 308
735 872
955 858
45 249
350 846
880 693
370 949
821 646
199 572
52 60
35 102
397 73
197 640
978 541
352 632
109 302
438 868
230 734
876 633
575 808
545 175
23 734
408 249
514 649
637 520
507 734
284 279
165 841
403 406
449 758
653 766
953 730
510 593
294 76
201 13
769 446
83 153
244 807
270 219
586 458
569 523
153 772
891 560
519 296
830 327
266 868
62 542
527 411
352 551
743 624
638 323
627 442
194 289
574 84
443 408
391 708
771 899
621 528
807 602
904 707
59 32
367 932
508 388
468 511
54 391
86 212
0 459
442 977
579 929
59 698
51 153
448 266
132 644
864 844
894 692
307 303
78 378
866 869
563 241
539 395
256 128
757 264
375 42
815 327
314 78
164 187
146 778
804 247
370 441
662 945
13 957
863 613
871 179
30 933
152 803
318 344
564 215
403 922
907 396
410 796
212 809
428 40
410 586
416 606
534 854
607 835
99 428
949 255
551 369
668 882
828 370
180 496
51 535
190 77
989 666
214 732
162 262
849 103
797 447
537 992
737 759
461 529
170 542
544 461
76 839
309 248
578 105
704 984
625 333
789 583
351 522
147 713
897 654
320 490
316 411
189 568
316 680
166 861
525 385
350 949
445 455
751 796
906 255
766 70
199 584
494 333
984 368
505 364
431 14
383 627
424 683
946 759
282 812
198 35
355 194
766 313
681 282
398 192
0 539
294 371
866 874
48 719
621 401
672 99
928 200
269 188
108 96
399 505
823 965
743 292
559 377
644 783
910 148
769 419
879 463
756 237
467 621
482 802
238 94
421 996
36 958
683 69
425 388
315 717
828 57
761 918
762 746
234 10
521 480
184 509
72 136
302 307
988 387
138 898
32 655
355 225
35 834
296 468
706 308
273 379
622 787
440 923
735 346
604 969
956 393
920 699
733 98
810 940
622 469
928 356
995 530
228 576
269 637
749 412
207 341
393 882
96 290
325 763
951 434
725 291
363 646
711 185
763 128
768 270
603 139
198 326
262 769
553 588
51 4
922 870
652 329
464 881
127 957
941 951
611 237
411 263
316 737
745 544
731 74
22 374
51 926
860 343
66 317
140 402
635 778
781 962
448 537
772 424
678 238
207 637
248 226
546 209
399 470
856 828
479 103
654 216
848 997
39 693
651 843
332 872
610 323
444 827
801 478
448 43
414 158
807 974
895 411
505 663
753 125
127 396
654 622
817 334
916 591
192 931
287 188
350 628
736 953
3 388
324 103
290 725
993 816
178 434
56 450
779 936
104 446
35 983
634 443
45 318
893 916
761 58
307 832
286 303
562 653
813 424
830 222
977 617
379 273
834 798
198 648
125 733
485 441
82 953
312 451
936 121
9 952
463 403
978 937
129 123
219 300
857 27
94 588
247 298
407 224
77 379
14 590
906 215
128 943
798 963
645 92
140 294
506 858
68 385
380 449
502 469
548 844
164 6
231 691
216 838
234 513
243 210
686 749
755 434
415 525
846 293
893 945
840 324
661 477
42 39
866 952
378 525
125 471
502 102
974 939
534 107
279 926
892 431
896 563
903 181
110 362
389 438
787 768
709 872
708 152
511 625
284 85
720 36
900 781
206 562
864 802
937 503
192 246
527 23
951 615
185 747
28 297
53 626
642 233
630 281
154 793
579 257
57 178
915 348
549 547
405 851
308 28
298 283
468 522
709 454
394 752
380 129
60 45
804 496
271 722
787 531
120 766
797 34
40 624
398 632
527 724
994 948
560 258
528 489
269 30
233 63
60 785
704 664
105 438
147 950
936 82
196 721
226 741
603 437
364 304
780 275
356 257
333 501
250 701
562 775
834 121
116 870
952 20
430 515
461 186
797 945
517 781
226 111
197 947
99 363
874 799
76 535
203 896
455 779
945 348
618 594
109 957
662 957
936 904
521 546
315 487
573 647
899 923
65 656
160 164
722 304
732 801
195 884
797 301
596 208
29 861
408 289
102 634
511 877
482 5
276 5
786 73
889 414
252 770
794 174
597 828
484 124
660 392
966 400
986 747
997 276
944 155
524 150
50 748
843 365
727 623
149 254
813 867
45 133
21 770
267 636
104 424
39 679
301 247
986 651
871 644
947 112
627 767
897 872
319 813
446 231
937 356
530 836
158 967
485 761
792 247
160 65
387 528
938 256
942 985
279 646
207 234
676 629
717 774
594 669
136 476
169 431
482 429
810 451
33 6
705 599
350 3
404 583
760 425
559 281
735 62
305 265
281 365
285 139
299 655
996 55
320 457
746 701
223 101
433 672
43 760
521 550
422 860
59 407
259 244
321 143
570 980
388 385
927 23
156 610
748 176
431 172
42 285
90 713
973 386
639 370
888 52
827 756
206 196
613 329
568 687
930 240
690 344
833 354
285 213
136 578
583 407
529 352
546 186
155 713
65 154
569 965
232 281
832 459
955 815
783 897
269 104
157 634
286 294
164 674
824 360
565 68
844 818
486 508
545 694
897 720
129 545
647 377
289 258
393 25
152 35
37 898
171 169
277 77
173 706
555 784
438 180
912 694
977 310
460 355
374 163
803 262
351 459
38 887
349 266
647 918
960 743
913 144
702 128
334 255
531 304
59 1
784 357
309 378
285 891
927 662
94 700
214 713
230 777
786 159
434 290
926 520
278 551
685 747
510 21
800 271
732 746
312 900
553 678
683 717
850 77
599 358
454 914
789 687
396 145
555 950
727 931
850 931
707 730
783 841
562 459
671 715
771 317
802 502
169 945
486 72
595 260
349 579
154 576
816 576
823 952
223 980
428 999
779 183
817 424
219 205
271 116
433 907
147 463
529 26
834 371
824 129
64 515
254 382
494 277
154 58
847 752
632 858
445 815
262 661
12 724
789 44
288 994
0 475
400 510
9 792
623 964
566 997
472 452
630 275
440 474
536 57
548 69
634 187
142 650
249 605
901 198
765 520
943 261
982 102
792 687
204 108
308 893
954 528
59 825
823 657
824 860
782 607
776 723
894 171
312 926
850 992
669 958
392 504
492 387
689 67
47 764
587 735
57 349
411 967
738 716
368 531
535 553
945 554
143 658
974 344
994 804
795 417
156 872
589 241
898 929
762 803
725 223
847 717
477 203
414 136
95 190
973 250
714 619
830 179
575 646
360 175
216 158
693 192
201 709
971 229
568 490
28 87
944 169
970 465
456 830
413 864
912 787
878 448
396 924
941 450
944 68
284 266
455 730
878 779
78 761
763 594
779 855
970 873
782 341
139 600
750 670
787 452
619 83
17 677
32 974
953 428
265 755
35 206
165 27
953 916
216 668
760 809
758 786
666 865
199 246
919 958
918 995
336 89
765 469
493 890
785 227
714 304
324 237
930 166
167 513
896 716
444 188
998 43
895 553
96 286
691 635
555 394
474 320
615 906
127 732
431 368
370 273
995 611
921 860
779 150
470 88
173 580
319 589
985 237
672 415
702 858
169 577
115 108
216 458
584 525
200 319
703 75
548 423
290 242
735 144
157 582
964 122
584 271
638 402
637 319
83 730
116 722
970 443
378 731
333 458
148 597
758 508
683 477
361 159
169 881
557 385
722 137
463 129
764 522
193 976
628 982
618 487
611 336
116 417
731 119
785 949
351 360
705 922
263 747
597 711
350 761
792 827
80 742
49 374
289 730
777 764
204 750
200 23
614 881
86 700
124 789
99 291
22 364
304 826
415 645
385 55
922 719
101 162
544 688
409 128
126 941
569 905
10 732
883 521
189 99
163 200
487 907
469 266
240 285
333 37
962 205
491 105
559 181
165 68
436 711
912 761
541 415
963 430
462 394
187 351
321 756
884 84
853 135
546 99
347 142
997 461
279 733
340 576
498 784
961 515
200 198
497 279
689 406
319 542
984 599
877 428
858 939
844 708
725 84
252 529
670 180
866 696
626 343
383 370
23 82
204 825
543 501
476 386
328 454
450 253
208 3
736 129
913 169
211 396
133 43
288 853
42 119
564 157
803 124
309 577
281 26
817 302
984 943
948 142
769 743
362 943
558 112
11 89
688 416
642 411
831 118
468 82
930 469
820 398
873 573
788 405
585 172
840 900
335 331
602 597
276 961
388 727
992 856
167 257
233 449
963 949
683 539
757 640
48 288
349 228
200 400
687 360
174 666
106 237
16 913
79 205
306 8
669 489
499 762
778 205
161 19
202 306
154 92
937 92
736 96
693 226
909 403
336 96
827 115
157 760
93 159
780 667
203 670
126 364
463 470
504 784
862 700
540 851
656 484
918 347
901 181
981 336
330 730
288 80
361 65
865 593
788 926
975 701
66 658
22 768
346 324
749 252
799 763
802 727
296 916
780 955
778 219
101 383
878 827
155 427
817 181
99 640
928 795
50 550
62 551
569 877
38 925
953 64
58 679
458 824
245 670
328 335
711 822
892 44
13 475
760 454
731 691
636 141
198 558
401 912
279 328
6 818
381 755
402 131
358 282
699 949
822 269
383 47
104 911
795 11
843 811
351 405
962 827
669 541
311 990
72 140
989 124
402 597
253 670
408 201
316 957
755 981
161 76
863 714
546 188
365 933
326 416
263 759
677 753
753 5
136 926
730 243
282 248
615 643
949 600
939 89
231 140
644 577
30 348
887 933
618 42
373 656
463 873
284 361
160 837
582 439
874 860
759 253
570 604
720 74
92 916
450 901
714 489
137 752
158 976
178 257
526 791
670 883
174 458
308 329
780 954
503 650
287 862
648 763
312 746
84 656
751 173
362 650
66 800
355 884
598 973
869 329
86 911
374 488
189 771
706 719
837 73
561 832
128 222
228 213
105 619
122 68
484 387
265 148
505 622
879 119
70 721
659 58
610 99
557 70
982 849
784 859
56 592
213 12
420 985
868 114
954 337
16 242
639 226
703 991
57 861
304 169
313 643
91 361
512 868
96 25
950 468
250 495
707 918
406 655
595 687
394 292
107 766
521 436
842 677
27 74
900 859
900 218
26 13
872 314
376 710
212 862
349 721
490 26
825 168
881 726
458 202
6 747
224 958
23 852
85 173
773 452
919 540
519 871
946 837
634 800
244 873
949 934
187 126
515 964
456 320
600 337
381 638
855 481
984 962
840 7
666 307
989 176
561 109
260 819
551 687
327 637
736 713
64 789
809 531
617 678
921 877
457 455
444 956
828 834
749 758
683 709
731 130
436 973
300 679
279 283
722 865
185 454
331 969
387 366
589 228
249 18
959 578
180 68
620 89
69 963
524 704
390 641
918 414
579 973
650 966
738 703
539 872
323 130
773 536
311 733
958 123
970 909
684 949
685 973
225 908
553 48
235 473
537 238
146 139
246 265
696 531
495 917
919 896
297 373
267 550
36 122
472 346
742 472
832 769
511 349
136 583
868 362
308 36
86 261
277 756
494 677
319 464
442 299
792 25
779 316
747 267
850 265
426 944
356 345
728 957
900 17
645 773
689 488
177 717
143 262
931 764
865 368
659 450
957 517
113 674
890 404
675 230
904 439
711 331
524 861
899 161
821 742
535 107
965 492
745 236
938 174
421 897
670 853
914 606
897 226
257 433
14 588
5 491
165 784
959 881
268 226
710 828
828 970
409 523
112 486
926 665
819 32
161 941
601 213
738 606
217 518
246 626
892 877
550 442
241 866
512 540
213 166
114 724
158 907
702 994
116 789
485 908
51 32
135 664
881 81
77 966
263 912
447 401
986 857
378 92
704 89
558 820
908 944
289 748
386 737
210 691
687 435
655 565
113 804
580 721
154 792
178 572
642 384
399 963
949 240
309 324
657 918
684 899
1 388
368 563
546 413
969 396
523 615
582 585
103 173
121 59
147 809
891 703
454 139
999 454
596 296
126 31
368 166
385 735
529 556
928 232
41 166
891 830
499 215
785 350
722 679
188 237
341 175
608 467
34 162
872 7
631 701
238 855
515 111
298 200
415 124
211 752
735 779
948 837
174 207
94 429
161 338
260 941
328 964
397 568
477 932
911 64
436 213
196 37
18 865
194 902
119 269
470 36
967 324
107 873
48 849
995 751
448 480
632 132
941 842
913 936
613 394
820 424
265 117
873 368
862 760
137 499
391 947
379 435
997 952
749 357
250 558
856 862
64 198
909 803
251 312
865 471
461 513
53 87
242 83
949 648
614 259
459 590
24 820
56 742
722 625
498 592
502 518
427 264
365 340
162 12
764 879
440 631
553 967
145 7
977 506
223 840
359 410
949 323
451 532
804 187
540 3
106 110
787 630
6 442
767 74
921 228
941 370
495 48
160 16
416 471
841 721
248 440
576 577
527 803
982 654
2 63
439 4
698 675
613 922
223 287
603 731
887 615
987 34
419 58
881 956
758 572
87 411
742 523
281 855
158 107
277 807
473 512
848 972
348 133
296 540
793 77
945 528
15 271
559 183
720 175
544 271
829 605
197 261
148 450
522 734
101 802
965 722
461 286
909 756
628 501
77 709
299 929
183 120
635 232
965 817
398 193
324 185
498 896
923 905
953 143
433 398
39 932
513 615
360 37
102 501
6 562
691 231
675 94
219 997
940 537
866 100
394 629
204 573
755 944
697 41
142 332
427 363
857 147
301 899
386 393
200 561
487 400
577 960
646 904
112 395
291 305
845 599
398 900
495 526
194 987
435 712
881 914
663 684
911 785
879 853
835 735
954 618
28 5
757 886
415 893
327 54
900 645
529 218
655 24
618 717
169 14
1 268
444 785
526 554
837 462
583 576
830 742
209 336
429 455
448 859
707 337
803 702
542 826
408 755
412 850
144 638
470 767
651 717
402 210
319 774
445 728
73 685
424 698
512 869
143 366
46 181
773 265
961 14
802 277
472 308
921 86
41 336
90 726
834 372
340 354
970 197
655 768
616 189
689 380
212 182
287 49
931 978
356 497
53 690
920 524
837 689
811 531
876 707
738 971
747 232
193 212
992 339
727 959
912 743
60 512
768 674
81 688
857 597
556 752
794 691
443 229
320 679
238 588
124 971
961 949
923 255
265 957
583 110
766 663
556 630
295 159
939 33
303 705
349 698
334 182
478 123
161 796
193 943
529 527
112 324
886 947
390 624
170 154
272 299
622 116
159 255
295 172
597 120
905 534
279 21
196 494
659 142
719 541
886 361
930 521
748 930
312 533
95 370
808 823
143 905
69 695
787 129
87 182
403 524
899 616
479 852
295 657
393 635
441 298
203 724
541 734
792 791
683 718
981 832
17 172
46 600
224 204
309 846
299 403
494 519
803 580
83 668
783 472
85 7
763 676
461 564
142 687
293 250
387 553
534 370
50 998
132 459
746 512
508 60
442 0
539 543
957 241
949 135
383 9
61 39
215 964
393 704
212 57
61 786
925 247
45 317
285 973
299 743
503 304
118 616
564 371
490 51
376 835
324 818
690 121
550 460
471 964
688 287
543 388
83 495
299 601
635 626
495 8
37 711
304 367
131 150
189 938
284 809
899 562
450 148
279 451
419 327
427 232
895 902
972 226
181 648
965 951
987 387
259 1
895 842
649 700
552 997
921 671
435 830
916 459
742 183
864 223
737 274
922 650
127 248
546 557
265 953
920 34
652 1
420 177
61 125
239 370
816 643
380 988
24 466
979 259
816 428
330 809
64 940
915 936
824 295
319 320
788 852
563 0
11 135
694 439
99 543
865 883
835 20
376 171
111 493
620 721
755 366
293 559
780 1
414 263
424 93
807 284
878 327
323 840
320 206
926 575
440 211
945 18
935 727
862 731
480 836
383 794
798 631
136 18
842 0
256 474
557 625
49 125
583 151
977 923
633 973
291 307
753 779
445 365
671 49
950 346
176 154
379 879
224 96
470 993
635 72
458 944
831 239
654 627
247 887
182 681
677 957
973 217
7 216
232 119
277 640
654 767
514 804
541 786
559 472
949 289
182 994
686 57
115 165
809 228
654 625
463 941
887 89
510 873
981 606
198 401
249 448
910 601
398 119
365 994
816 636
404 560
628 891
795 528
643 543
211 413
8 180
628 258
897 129
292 485
819 144
838 413
255 609
769 792
71 156
759 230
500 623
772 751
781 244
144 953
485 437
901 541
33 269
315 796
920 20
573 297
637 376
709 526
331 92
22 49
872 592
266 497
975 831
890 905
522 758
427 996
337 513
885 659
296 666
127 453
493 209
775 598
757 514
738 11
539 490
97 409
744 169
524 816
316 85
221 441
735 518
35 661
107 618
407 865
702 22
900 45
580 218
814 843
802 516
693 159
146 963
308 549
142 581
346 984
580 864
41 833
488 227
697 34
706 641
908 371
324 246
215 544
416 744
810 637
779 409
562 422
491 413
117 451
377 681
176 486
845 920
826 737
263 955
67 477
642 256
735 988
274 196
440 894
659 456
907 687
752 208
746 411
610 664
307 517
196 710
972 57
782 662
838 949
289 591
714 376
747 432
7 691
435 449
476 467
810 603
58 837
52 59
164 645
515 407
448 102
900 699
536 161
442 598
994 703
652 547
305 617
698 111
723 892
727 2
16 342
840 521
367 607
424 960
844 858
383 285
699 54
85 12
119 112
684 812
270 514
194 243
431 943
9 377
581 399
27 376
444 481
900 884
141 916
0 952
543 715
742 902
177 950
6 998
255 114
844 838
104 944
144 518
288 398
440 329
222 785
965 755
521 448
27 931
876 511
785 646
222 328
549 910
836 326
264 232
310 649
627 812
867 718
76 94
911 74
950 527
122 777
82 642
557 273
946 188
619 177
301 458
868 634
833 607
800 182
445 985
37 329
339 987
697 957
456 189
751 785
913 731
875 30
208 644
461 159
793 148
24 314
455 169
71 316
500 521
26 858
776 751
782 121
480 174
702 117
100 377
960 504
467 765
161 438
827 96
947 141
950 458
125 795
865 636
822 942
452 57
895 317
546 536
622 979
935 412
281 360
809 552
326 240
572 673
86 854
408 469
233 764
253 565
179 344
419 695
617 801
226 533
116 867
918 313
847 247
168 52
446 777
331 958
506 574
575 210
92 793
984 471
692 663
482 202
796 219
495 46
528 479
93 605
571 587
272 146
870 623
960 328
386 756
880 336
63 853
817 617
462 372
759 487
7 170
22 448
746 364
744 665
775 367
757 155
398 186
462 97
887 352
225 77
179 351
641 909
998 642
363 671
908 329
778 456
589 798
92 252
351 599
142 976
974 394
185 713
398 870
311 372
685 709
386 288
390 492
210 514
818 616
40 788
823 234
888 160
127 818
23 727
334 109
369 597
759 499
706 941
643 439
676 98
24 470
560 877
761 93
656 672
42 765
318 913
859 804
320 12
135 395
598 762
670 754
386 80
618 604
902 238
812 976
422 801
260 585
839 777
751 60
798 881
102 545
243 147
594 133
441 225
102 67
631 257
563 57
917 319
985 209
506 965
869 639
89 373
987 531
952 898
34 135
116 210
460 976
19 810
98 381
77 209
772 67
241 554
836 754
705 640
256 473
561 980
242 66
230 505
496 525
76 805
57 84
102 812
220 673
370 985
247 354
869 602
13 150
534 826
508 884
414 985
409 435
131 278
698 135
897 354
547 385
362 868
705 612
705 56
535 140
908 280
172 362
261 499
392 148
173 981
236 598
431 371
570 741
364 287
427 706
686 251
752 84
347 944
800 471
134 136
242 915
764 680
133 99
48 980
289 28
144 422
114 918
739 165
326 768
238 90
61 771
372 803
363 311
659 936
920 812
394 230
909 229
532 835
718 241
273 791
432 273
295 71
27 826
377 211
811 808
850 897
799 817
330 19
274 276
477 156
71 8
704 634
696 239
43 150
811 210
877 151
916 375
33 264
214 872
606 580
251 805
26 135
400 689
134 29
330 303
620 6
363 864
799 928
928 789
62 619
365 398
765 444
868 745
810 81
988 717
346 903
558 441
247 61
615 449
317 599
323 507
584 468
771 425
634 688
102 543
802 400
89 200
939 397
677 479
69 166
991 706
139 809
491 680
543 444
495 740
57 591
327 75
707 510
643 403
835 923
272 889
195 528
502 593
846 463
815 401
229 231
183 630
671 518
969 522
339 238
891 671
199 367
959 264
243 185
877 88
712 988
482 913
609 822
646 252
640 823
653 553
557 263
332 55
748 333
84 497
204 576
419 349
218 390
127 26
277 142
752 744
411 449
925 822
288 617
420 621
141 571
732 680
891 618
201 975
592 828
456 210
467 745
648 476
205 7
588 522
649 859
701 303
466 951
944 236
988 322
6 551
947 322
663 710
880 552
204 540
775 175
32 913
508 777
272 505
208 404
893 242
658 761
205 457
170 41
755 458
788 498
174 301
800 924
104 151
615 274
116 439
388 87
270 334
88 308
292 634
159 866
355 939
305 887
377 715
619 252
860 226
814 217
467 659
322 6
167 919
767 855
64 243
626 103
414 895
862 968
844 61
494 822
926 734
362 655
530 451
903 930
858 891
395 260
588 700
615 522
747 330
520 918
842 291
820 127
157 21
400 35
409 791
737 273
50 48
85 35
866 911
772 760
382 212
595 88
511 601
365 828
1 637
119 93
345 46
39 193
168 700
940 126
710 316
260 67
100 737
753 418
972 501
288 901
553 759
67 41
234 610
110 108
287 85
716 261
493 870
25 925
518 499
88 411
637 869
985 467
370 849
63 464
374 929
579 802
884 792
748 394
804 562
776 941
433 102
67 889
899 532
93 696
662 39
371 327
362 643
376 879
51 846
715 439
540 749
459 754
582 977
892 244
622 83
287 867
920 992
656 542
521 302
552 67
919 125
372 94
894 622
225 415
607 296
853 293
818 277
237 780
940 74
70 72
642 768
931 363
301 109
576 415
973 834
329 729
121 147
742 646
762 445
386 63
996 814
318 715
867 525
856 633
787 269
41 533
322 328
923 960
553 856
668 461
560 434
158 381
618 527
204 452
52 156
835 126
381 326
669 148
458 379
631 474
215 984
752 638
982 256
360 776
359 215
965 118
513 909
472 104
863 28
168 383
245 624
335 9
33 332
436 338
231 354
135 979
926 678
184 705
489 457
571 800
35 896
810 163
977 780
493 230
422 15
654 11
773 954
539 303
566 809
483 953
700 703
582 662
998 877
223 974
811 280
817 549
271 811
872 478
479 246
686 285
118 67
565 872
273 847
954 288
199 511
971 804
627 244
5 575
987 110
464 37
581 770
934 107
292 510
585 866
865 843
244 903
853 936
791 775
6 445
476 539
493 278
227 306
601 805
212 139
687 896
961 35
263 723
484 529
332 63
950 5
372 561
291 1
644 935
131 393
290 102
270 889
707 178
640 152
933 479
758 767
269 780
131 905
437 404
938 102
98 65
588 685
148 45
171 551
655 613
496 516
56 276
732 334
292 869
226 603
323 542
101 564
207 364
715 714
776 204
789 869
612 386
157 484
569 220
970 559
722 757
219 256
374 960
300 154
505 631
151 673
690 224
947 844
917 130
606 586
315 138
720 526
824 937
35 813
646 480
874 320
789 768
256 450
665 400
637 263
196 795
411 651
867 734
565 346
475 883
710 136
946 932
863 568
177 609
931 32
829 808
404 405
225 939
257 85
401 749
304 207
10 629
521 814
74 968
709 891
570 89
437 208
349 908
826 710
172 660
370 694
994 899
271 767
670 240
910 436
824 364
100 803
318 231
521 800
946 75
370 442
305 418
252 674
282 522
650 196
673 400
940 397
861 175
369 291
165 958
79 486
940 719
302 519
758 456
295 129
347 285
401 101
31 806
746 89
969 46
911 439
845 731
647 980
369 353
514 244
779 985
23 389
492 460
649 0
696 340
836 990
63 320
852 260
590 279
7 907
741 865
430 560
529 557
359 889
346 131
804 842
417 239
614 503
660 142
284 84
556 933
474 316
23 889
918 668
235 72
79 620
991 124
394 31
260 567
240 469
317 618
562 99
95 924
546 389
923 186
674 404
529 489
169 514
185 880
231 52
866 245
38 877
691 408
762 329
192 697
840 905
921 591
413 969
319 592
890 291
400 975
669 580
987 939
563 529
813 303
786 863
356 104
744 520
370 959
629 995
679 872
14 787
325 594
813 164
615 476
30 447
290 836
191 557
367 246
827 250
635 898
41 736
87 951
904 54
856 696
30 398
890 477
274 254
456 990
271 462
654 875
140 787
746 118
976 983
536 584
58 944
43 517
707 310
686 772
602 26
240 666
217 800
165 73
398 735
510 628
483 2
354 411
536 997
379 993
574 827
781 429
584 161
10 414
610 784
658 384
800 575
828 55
748 436
470 323
853 223
592 418
495 894
549 41
708 563
570 369
737 366
435 404
450 638
27 549
316 697
381 534
536 157
895 798
51 164
414 918
317 607
280 208
4 621
12 854
143 819
288 510
758 56
683 762
733 916
9 948
359 736
625 610
654 557
249 319
77 231
429 61
96 386
242 482
889 891
812 210
95 393
548 778
337 546
162 565
725 338
966 13
887 235
113 66
844 955
244 924
40 706
387 374
218 370
163 861
93 532
608 330
86 179
982 658
346 791
267 283
435 50
214 539
984 92
699 426
279 116
796 816
299 21
706 299
534 677
676 494
709 202
548 587
102 349
74 557
869 283
430 951
958 346
940 976
973 205
953 520
530 222
628 714
650 252
179 196
404 875
56 195
949 38
581 850
280 450
222 262
135 601
359 865
626 844
99 692
405 515
646 763
746 179
719 334
878 805
471 478
429 443
641 491
710 687
133 827
371 68
802 983
668 255
978 597
349 825
3 966
971 250
677 450
579 846
13 708
664 998
248 634
686 380
952 924
599 478
216 929
245 874
151 321
681 188
683 405
884 971
524 635
968 41
461 921
582 721
608 530
677 829
106 868
469 892
653 304
106 650
971 422
590 993
512 454
216 69
291 7
464 391
723 132
43 477
680 278
344 944
659 907
826 424
792 369
932 914
157 310
668 498
607 781
200 110
132 881
508 785
779 32
737 987
506 464
229 604
259 63
993 53
224 199
217 332
289 660
914 509
878 770
519 949
837 296
228 45
313 815
471 759
920 444
847 651
554 470
72 666
46 368
942 418
791 734
178 57
111 235
366 998
150 887
779 59
570 178
923 442
436 793
617 219
657 621
212 213
995 762
422 319
539 357
425 884
35 487
154 927
938 934
158 923
536 289
234 242
916 453
342 677
115 421
975 421
668 417
864 402
302 503
584 213
967 935
105 572
24 427
400 378
511 488
26 946
726 311
671 471
186 470
558 966
558 680
804 638
247 150
345 409
392 992
102 899
635 854
447 306
678 872
394 712
706 455
499 285
993 378
643 843
236 701
558 597
605 276
785 215
