1000 5983 3000
9 17 16 12 22 15 5 8 23 5 13 13 22 10 22 14 7 11 23 16 11 24 18 17 5 23 23 16 17 25 13 10 11 8 17 18 24 12 16 21 6 16 6 11 20 25 16 8 6 24 12 7 8 19 23 25 20 13 23 20 11 18 16 25 25 18 10 25 22 5 22 21 19 25 18 16 6 24 6 13 21 13 13 14 13 16 8 7 6 12 23 17 18 18 14 10 21 24 24 22 16 17 13 11 25 23 12 8 17 25 10 14 10 5 12 5 7 17 19 12 18 20 21 11 25 13 19 14 13 5 12 25 20 8 13 11 22 8 5 16 5 16 22 9 12 15 24 11 6 25 17 9 21 8 8 24 20 14 10 19 17 10 24 22 16 23 7 18 15 7 22 23 13 19 21 23 11 16 8 9 18 6 14 16 13 24 7 11 25 9 7 16 6 11 5 20 21 18 18 12 10 12 12 22 15 9 7 20 10 12 8 21 6 9 5 23 21 20 14 19 15 17 10 13 24 15 15 12 11 15 19 24 23 6 16 25 6 5 6 19 13 15 14 7 23 5 8 21 22 15 22 22 17 6 14 18 14 25 25 14 13 22 21 14 18 12 18 21 8 18 16 13 17 18 23 6 8 16 19 17 12 9 21 25 20 15 18 22 25 22 17 7 13 20 10 11 8 5 21 8 10 21 11 12 11 9 22 12 25 13 25 16 24 11 25 7 12 12 6 8 20 6 11 5 6 5 16 7 11 6 16 25 21 14 23 14 18 17 19 16 7 7 6 13 8 14 15 24 19 22 9 12 7 20 11 22 12 18 15 5 19 11 24 16 15 10 22 12 22 22 13 11 17 19 24 13 11 21 17 23 7 5 5 22 13 22 22 5 16 20 25 21 22 10 25 11 8 23 22 13 18 19 9 11 24 18 12 7 16 10 15 12 24 25 23 23 17 5 16 11 25 24 16 11 25 7 10 5 11 10 25 8 7 17 19 6 16 12 24 11 18 23 6 19 17 12 10 24 12 22 9 19 24 7 5 9 21 20 23 15 10 17 24 23 6 9 23 24 17 23 15 14 8 21 14 18 13 22 23 17 16 6 12 12 11 12 6 16 21 15 18 11 13 17 5 5 5 19 10 20 23 18 21 16 21 23 17 23 18 15 21 19 17 6 16 22 16 11 7 15 14 20 19 8 24 17 24 19 22 22 16 20 12 21 18 19 11 18 24 12 10 9 17 25 5 18 10 13 23 12 23 14 5 14 19 18 15 6 25 23 5 5 11 13 24 20 19 22 18 22 14 14 14 7 19 13 10 12 21 8 8 11 12 9 11 13 24 11 25 17 8 13 18 10 23 6 11 11 15 24 8 22 12 20 21 11 24 11 10 24 10 12 7 7 18 6 24 8 18 24 15 17 12 15 7 24 25 21 24 24 5 9 17 17 14 7 16 23 13 21 12 17 21 13 17 16 9 21 14 8 10 21 10 22 25 8 25 10 10 8 15 5 20 17 8 25 11 16 18 13 15 17 23 12 16 7 24 10 5 24 11 22 21 16 20 11 11 14 20 6 17 25 15 14 23 23 18 16 18 15 21 23 21 9 9 18 13 8 20 12 16 15 11 9 19 9 17 24 20 15 25 23 24 23 11 5 8 11 20 24 13 15 10 6 15 9 5 23 25 16 19 12 15 20 7 25 6 13 11 25 23 18 14 25 15 19 7 14 6 15 11 25 15 12 10 15 23 10 5 18 12 10 9 22 6 17 19 17 15 6 24 23 8 8 12 22 24 12 9 7 7 22 13 22 12 17 20 20 15 15 21 25 23 15 20 11 25 12 6 17 5 21 14 20 14 10 25 14 6 20 12 9 17 19 20 16 10 17 9 7 11 5 21 12 24 10 10 25 18 7 24 5 10 6 6 7 21 25 21 11 12 13 11 7 22 16 6 22 9 19 8 22 15 7 10 21 13 18 6 17 13 13 25 12 22 20 14 25 8 25 8 6 10 10 20 14 11 7 7 11 25 19 6 6 15 5 9 24 11 11 8 7 14 17 21 21 23 18 14 14 14 22 24 13 7 19 19 25 5 10 14 21 5 23 8 7 6 21 9 8 22 15 7 25 23 9 20 8 11 10 10 19 21 5 11 6 23 21 12 7 13 14 13 21 24 21 7 10 19 11 15 24 16 25 14 15 13 10 12 6 21 8 11 23 12 6 11 18 19 5 13 7 14 19 20 6 20 9 15 12 22 9 17 20 23 14 8 5 22 9
3 9 13 13 7 18 16 18 3 4 5 8 14 5 3 3 4 16 19 4 15 5 15 13 13 12 16 14 15 3 10 9 3 18 3 7 8 16 18 7 12 20 18 12 6 17 14 10 15 15 19 3 13 13 18 13 15 8 10 5 5 6 19 11 3 16 20 10 7 15 19 18 11 17 5 6 20 19 12 19 5 16 16 15 4 20 9 7 12 17 7 7 14 16 11 4 5 3 12 4 11 13 16 10 5 3 15 3 17 19 16 19 3 14 9 11 10 5 10 9 5 16 4 4 10 7 15 8 9 11 12 14 3 12 9 12 8 11 18 20 16 18 7 5 3 6 4 18 7 4 4 6 12 5 4 7 9 11 15 11 15 12 17 13 10 4 20 13 12 9 10 19 8 20 11 7 16 20 17 13 14 11 8 19 12 18 17 14 18 5 13 3 11 12 7 8 20 13 13 16 5 16 9 6 8 10 17 18 14 10 15 11 11 19 17 19 5 10 6 10 20 8 6 14 20 6 16 10 13 10 15 15 10 20 7 9 14 13 13 11 16 14 12 5 16 17 14 17 12 11 13 9 10 10 18 9 14 10 20 8 17 12 15 6 7 4 5 8 9 11 5 15 7 7 15 6 18 16 4 5 12 11 16 18 11 9 13 13 5 12 13 19 12 17 8 17 4 19 3 4 15 10 15 11 3 13 13 17 9 9 9 9 7 3 5 18 9 13 11 11 19 5 18 8 13 19 5 10 15 15 8 10 17 18 4 17 10 18 4 4 17 17 12 18 16 5 5 17 8 10 6 15 12 13 14 5 7 7 9 10 20 7 15 6 8 15 7 10 15 15 15 17 7 11 4 12 18 8 3 4 6 5 3 19 5 11 10 8 9 11 9 12 16 4 10 17 4 13 19 10 7 16 11 19 5 4 5 19 9 13 6 14 11 6 12 19 8 17 17 6 8 6 13 18 18 19 8 19 3 12 4 6 18 14 6 11 13 4 5 5 6 16 5 15 18 3 6 6 11 11 19 7 10 5 13 18 14 17 14 5 9 20 19 4 19 8 6 18 3 13 7 12 9 4 15 13 7 19 4 16 4 6 18 11 11 18 8 19 19 20 18 11 4 10 16 20 5 6 14 5 5 16 14 13 6 3 14 9 9 10 13 3 9 4 9 9 3 15 17 14 16 14 14 4 18 12 4 11 9 9 6 15 13 14 8 18 11 14 20 7 15 9 6 19 20 12 8 18 18 15 17 7 5 12 11 11 10 20 5 16 17 16 13 14 17 19 14 19 17 14 14 20 8 8 7 13 9 15 15 15 19 15 11 8 13 4 3 14 4 13 18 5 19 3 17 15 3 11 17 20 5 13 3 11 8 3 5 4 4 16 20 6 12 7 20 8 12 14 18 17 3 15 12 7 3 7 3 16 18 18 6 10 4 7 18 18 8 4 11 16 12 18 20 13 19 15 19 5 19 12 15 15 14 15 10 4 13 9 14 10 12 6 20 14 10 6 14 17 13 4 11 5 3 16 16 20 19 16 15 8 20 8 13 14 4 10 10 17 3 4 7 18 14 8 5 14 19 3 11 8 8 11 18 18 11 19 9 5 8 8 3 10 17 11 10 16 15 14 16 8 13 18 10 5 10 15 19 13 12 20 5 8 8 13 18 5 14 6 20 13 10 5 19 7 18 9 4 8 8 6 20 10 17 12 10 18 9 7 20 11 19 7 4 3 16 8 8 3 20 4 17 5 9 11 10 19 7 3 16 10 20 19 12 4 4 9 15 14 13 13 14 3 3 8 5 18 12 5 5 13 3 18 6 16 10 3 10 7 5 3 13 5 6 17 17 14 20 16 11 8 3 6 6 4 17 18 17 14 15 9 18 14 7 7 11 12 14 19 16 9 20 20 4 16 19 7 7 3 19 5 3 8 15 17 9 3 8 12 8 4 13 4 12 18 10 9 18 14 7 16 9 14 17 18 13 18 4 17 6 19 20 16 20 17 12 13 13 20 20 17 9 7 18 12 14 14 9 13 14 13 8 14 12 9 9 12 14 17 8 11 3 15 20 12 20 13 20 18 4 14 6 20 5 19 7 5 4 10 4 14 12 16 8 10 11 16 16 17 17 20 10 8 5 9 16 11 5 6 11 19 6 11 9 9 6 20 10 10 20 4 20 16 9 5 20 7 13 20 11 11 3 5 4 5 15 4 14 16 17 8 14 20 6 8 13 16 3 9 3 18 16 6 4 19 12 18 20 5 18 7
452 879
665 496
426 854
221 542
372 779
479 589
35 123
818 874
742 279
937 126
696 824
639 900
862 370
834 69
895 324
721 385
790 573
499 179
103 662
891 929
773 475
835 885
312 196
938 841
932 983
232 862
277 184
648 471
168 447
204 814
1 123
581 501
400 619
977 973
456 229
591 61
452 31
585 651
848 610
15 368
408 655
725 157
632 457
841 517
596 541
13 842
292 887
465 29
219 56
520 67
156 965
525 758
320 544
890 256
454 630
590 128
877 579
687 933
851 987
847 395
736 267
124 590
24 120
725 587
545 914
905 107
537 432
925 46
251 31
868 281
670 565
513 10
998 298
724 488
486 396
836 752
403 745
404 985
380 27
218 576
703 722
623 102
974 254
277 697
210 815
758 578
487 604
856 997
959 441
117 707
328 93
412 917
937 914
479 767
329 622
983 968
236 657
996 645
77 328
220 7
760 432
515 244
408 305
418 245
314 118
436 260
722 861
138 328
466 989
72 116
495 338
926 884
787 151
506 170
266 833
799 470
916 547
367 499
174 795
867 683
202 216
838 589
18 239
191 507
478 625
827 780
19 594
228 677
606 77
374 350
813 642
115 931
867 580
320 566
282 121
331 335
863 515
540 639
50 737
760 66
670 740
580 367
945 546
225 409
319 492
3 386
372 350
607 261
189 968
517 444
267 555
965 570
936 98
821 766
622 380
101 321
606 614
297 87
621 145
551 590
631 306
168 330
746 687
59 256
7 754
256 686
254 4
564 352
930 733
324 569
556 17
329 703
550 146
244 335
843 746
591 709
369 798
85 232
246 177
116 634
650 574
933 156
90 994
256 162
22 647
514 741
987 816
867 960
630 700
501 80
125 77
845 32
589 969
91 634
711 511
353 978
711 343
410 116
637 861
159 572
658 195
570 249
867 814
994 621
373 778
822 746
267 899
282 103
365 356
332 424
331 759
618 223
28 851
391 574
170 565
537 641
858 720
983 611
519 609
268 279
716 113
835 821
87 636
714 877
188 718
705 138
23 913
50 154
627 644
281 856
60 967
663 833
352 989
187 955
40 690
896 76
223 890
107 170
757 94
654 256
745 976
954 263
101 319
648 250
922 149
965 945
482 946
923 111
182 606
262 755
278 513
514 920
364 623
703 197
165 320
849 13
932 863
745 208
965 797
519 224
197 126
490 754
454 217
562 8
975 259
863 353
706 939
859 328
626 960
467 110
732 526
233 558
250 663
654 16
816 73
970 83
165 649
117 800
886 569
783 892
847 29
592 786
981 951
419 995
929 27
107 731
384 995
929 349
999 23
568 56
877 147
733 909
554 658
972 103
941 962
370 53
130 327
193 361
383 242
867 473
138 386
721 533
188 173
794 715
144 467
134 589
251 404
15 822
447 940
182 714
614 60
45 5
697 34
481 21
505 358
761 928
371 712
953 695
145 516
718 427
398 151
916 457
716 893
473 856
757 342
333 158
405 860
805 869
475 986
550 96
390 173
991 960
866 549
744 617
454 646
201 263
307 357
851 395
17 602
986 914
834 87
743 889
294 869
232 563
149 398
779 288
334 598
958 85
200 121
475 466
187 302
342 536
203 145
670 718
714 612
478 433
230 424
912 210
707 212
725 891
662 739
276 996
350 543
213 777
99 238
765 191
15 756
979 133
709 10
520 531
926 342
646 58
794 785
34 670
820 835
433 914
587 716
643 482
4 990
834 13
398 369
99 815
711 384
102 549
620 710
111 532
770 264
695 134
786 578
962 207
102 729
187 570
684 70
71 822
311 369
96 776
514 449
91 268
122 57
437 650
460 752
63 979
569 329
564 119
473 499
329 547
846 201
3 782
718 207
422 776
787 17
443 659
663 862
408 979
500 186
948 311
596 752
63 247
853 386
413 523
289 229
904 759
45 739
102 585
63 828
488 879
447 833
596 427
355 839
397 456
795 726
441 594
48 468
620 682
101 944
574 887
267 49
159 616
892 118
812 509
768 744
103 667
566 315
508 954
24 761
422 879
682 194
726 904
218 701
604 406
267 520
964 275
722 758
680 582
580 940
86 879
26 391
76 977
876 676
650 729
555 62
816 80
145 59
321 80
677 29
99 579
112 201
229 244
733 721
513 769
602 470
135 965
752 236
838 762
856 243
545 449
589 149
767 2
821 475
679 810
209 154
67 493
593 371
622 543
953 161
829 23
204 801
730 629
809 59
445 815
422 998
67 508
948 795
956 522
459 186
529 209
43 877
30 623
710 869
807 885
617 57
835 848
547 841
567 473
676 467
365 60
78 66
523 663
866 121
867 140
48 689
273 936
875 900
622 272
177 628
944 472
513 625
80 631
615 878
877 271
942 811
161 700
922 582
731 736
886 645
413 928
375 685
604 351
933 379
65 33
512 221
562 416
757 155
484 880
729 46
560 180
568 980
481 852
116 944
145 399
415 817
939 253
677 821
880 620
42 189
8 180
888 157
0 317
493 390
710 162
158 718
331 189
70 406
67 588
369 715
202 178
96 970
397 834
80 414
77 212
912 427
948 371
781 343
443 270
112 474
961 420
144 883
487 976
297 543
703 434
654 766
644 224
962 600
249 880
525 829
855 912
27 928
907 653
392 46
338 386
798 265
846 24
718 609
430 768
321 855
597 387
424 902
172 564
495 58
504 4
117 20
31 611
729 257
259 654
942 668
358 193
690 732
682 448
162 159
789 794
895 566
502 477
714 671
796 460
505 67
840 170
911 44
725 293
124 117
961 254
910 682
184 133
429 422
176 216
600 801
651 383
957 287
432 171
991 283
867 306
51 28
214 510
86 400
106 799
774 981
201 70
866 198
623 11
844 222
290 11
293 101
178 19
414 337
425 210
198 426
489 200
794 571
450 215
806 823
883 762
241 455
854 873
935 396
13 553
508 664
269 765
946 858
197 494
994 285
26 177
940 829
99 498
202 313
604 526
674 344
869 121
599 301
481 592
710 573
881 375
861 588
428 180
172 978
634 30
424 164
42 923
591 880
751 243
880 754
460 542
290 170
551 371
589 730
327 348
451 818
222 233
428 765
645 925
920 865
782 462
654 825
415 25
938 948
799 783
471 964
72 944
104 56
747 146
497 112
261 964
73 971
736 422
185 703
752 606
422 352
355 100
758 865
321 527
545 560
272 99
44 398
181 634
449 307
622 200
183 540
915 851
722 221
455 525
567 480
589 334
853 808
440 538
437 46
630 316
549 852
520 639
884 741
292 978
85 577
154 846
582 415
856 628
852 291
29 229
409 36
36 181
306 719
562 183
580 565
910 430
164 160
63 611
105 346
466 38
767 941
989 722
602 644
82 515
196 268
701 279
566 690
120 397
823 219
39 990
679 916
997 26
819 767
346 146
145 939
121 231
501 600
839 145
799 260
422 977
543 203
926 322
603 70
364 201
781 621
465 501
63 715
855 274
101 824
152 9
252 331
720 418
319 95
66 474
438 415
443 787
328 905
322 53
696 200
991 390
763 464
159 718
886 962
244 787
43 365
791 896
702 58
892 320
524 294
575 879
395 16
249 391
825 354
843 665
478 195
7 995
587 772
734 493
857 476
722 550
571 221
907 736
216 287
26 79
120 134
36 433
875 48
235 990
903 883
623 769
411 485
864 722
929 722
608 416
597 13
109 509
189 216
652 424
953 59
28 860
158 175
83 100
393 562
742 706
924 373
959 881
499 538
836 159
755 460
512 793
2 940
78 300
484 351
56 47
250 620
172 950
180 874
60 573
762 268
207 381
855 704
183 75
973 957
709 340
687 308
649 419
505 587
119 559
265 241
263 819
720 894
44 921
296 610
950 476
759 825
311 91
92 449
623 330
827 345
261 776
190 174
104 43
257 675
707 693
858 770
182 696
997 748
392 740
58 13
948 632
135 12
755 887
701 739
847 224
329 722
65 640
899 623
729 427
686 460
484 11
101 139
615 422
754 169
14 497
856 259
57 284
815 249
281 637
557 396
716 437
11 827
218 346
31 623
473 681
821 526
923 120
411 833
562 69
817 876
540 400
54 557
738 807
236 412
638 133
635 721
127 675
196 471
623 237
550 298
502 580
487 851
849 160
675 442
736 968
590 227
131 97
958 357
665 603
374 391
181 74
970 281
504 511
230 750
340 402
851 178
494 123
319 367
767 242
688 256
55 612
699 808
995 24
31 269
529 975
133 439
776 799
937 507
608 332
603 895
345 978
368 331
346 128
972 903
784 911
404 559
181 578
952 1
315 696
675 375
650 184
955 885
782 556
256 402
863 1
76 750
53 860
611 139
95 553
61 311
390 368
156 123
410 142
356 757
21 930
63 224
303 385
753 543
67 88
283 580
848 172
978 418
891 394
676 585
987 822
310 628
448 130
266 850
657 620
962 298
456 168
371 374
460 273
163 470
876 744
878 201
10 818
29 127
787 190
290 735
459 544
542 246
487 797
955 149
988 897
520 333
516 413
884 384
390 538
833 108
537 174
448 248
276 601
932 385
7 36
545 436
369 729
312 470
857 826
242 955
540 298
438 891
916 382
30 687
480 332
484 786
842 532
816 252
250 159
206 35
117 438
984 938
570 119
315 209
352 428
481 448
814 696
198 817
842 69
975 163
868 153
418 611
967 463
828 753
227 455
433 824
28 832
786 148
136 587
491 363
541 937
341 679
275 855
850 249
870 274
125 713
42 62
583 5
751 147
851 475
941 790
90 264
898 736
241 403
58 559
522 936
227 468
943 663
289 862
733 955
505 429
134 609
255 241
613 640
110 339
218 954
932 898
983 657
18 13
764 384
702 850
851 625
574 312
454 532
629 286
768 28
90 73
927 154
443 873
580 33
93 259
390 113
730 490
39 746
565 910
626 715
9 674
247 855
820 678
613 455
687 708
781 321
997 291
69 178
390 198
405 155
373 223
654 949
771 464
878 947
89 892
889 187
414 126
106 633
987 287
615 476
165 521
274 4
577 275
918 685
908 552
480 934
215 306
843 721
522 531
920 100
147 95
842 353
696 181
919 70
318 477
729 66
442 288
891 291
238 999
53 674
672 261
436 969
200 686
744 999
898 210
955 731
102 923
703 450
479 668
911 159
238 316
336 420
379 44
507 948
99 89
136 219
243 959
853 825
74 347
818 305
230 959
748 217
899 740
177 28
367 348
910 271
742 684
216 970
73 492
405 502
776 549
789 408
987 659
665 889
924 110
335 804
848 516
278 813
958 780
181 604
29 737
72 964
602 3
667 364
399 934
203 362
351 397
506 801
669 568
534 879
961 743
159 724
21 345
646 535
703 758
706 352
111 144
391 318
641 743
492 462
600 240
805 297
396 618
604 280
972 709
952 143
335 875
473 431
482 319
229 720
314 718
0 520
258 448
259 828
500 515
707 850
58 549
236 800
738 159
352 484
139 911
561 86
164 600
311 322
762 174
420 48
809 635
308 232
454 953
52 712
69 896
277 907
232 183
90 808
612 18
402 813
378 718
459 342
98 834
291 424
800 215
487 956
433 947
519 836
281 103
464 949
687 294
663 740
104 239
46 123
246 130
220 108
708 978
126 75
213 524
598 230
571 234
830 731
500 187
683 736
878 917
340 294
190 92
782 39
820 801
145 645
636 455
535 880
555 226
121 898
35 998
825 387
987 908
873 905
530 492
948 55
771 90
604 607
875 47
991 791
280 431
31 81
215 829
69 79
846 785
843 765
890 495
994 875
193 955
470 253
870 609
652 624
984 431
758 339
294 434
664 1
243 384
594 647
741 336
222 124
281 511
855 156
293 50
36 602
566 442
255 932
934 354
930 128
541 377
191 874
136 56
577 785
350 335
78 513
584 583
485 646
972 165
391 852
857 866
806 727
144 645
965 633
919 130
403 250
181 279
223 203
298 330
434 20
317 660
362 752
475 338
597 630
659 482
916 266
171 176
205 555
481 255
813 639
136 473
539 165
109 713
456 396
0 337
781 937
529 634
67 865
538 457
875 129
261 801
758 168
374 457
849 279
568 818
151 30
963 357
495 182
696 298
646 642
11 230
89 427
785 757
538 784
17 984
491 968
230 943
612 335
11 836
556 570
143 587
20 44
712 500
222 705
341 676
748 488
553 427
584 513
50 637
671 510
9 427
487 703
541 436
167 345
814 722
193 10
830 552
967 653
624 129
36 219
878 263
18 120
104 140
750 860
132 816
495 284
124 997
954 225
195 112
603 7
154 292
275 202
796 954
397 688
158 581
921 901
90 569
751 726
25 349
653 652
771 857
406 100
735 110
526 224
624 349
640 453
950 401
10 142
357 309
156 376
282 375
199 468
788 375
833 89
751 290
546 876
63 180
340 61
867 688
882 785
434 462
822 952
748 220
977 536
159 138
165 715
816 954
686 867
315 951
215 860
753 135
842 885
142 826
745 997
322 985
836 66
231 692
28 380
499 741
290 292
256 574
73 26
673 295
818 30
72 680
655 664
301 545
739 96
805 168
821 60
805 267
857 495
253 239
680 539
553 578
903 288
71 541
951 184
945 65
201 110
459 138
602 563
793 744
681 683
28 812
861 144
954 656
281 355
893 53
925 881
487 474
799 51
510 959
6 986
960 913
262 194
330 245
935 851
720 932
686 164
588 572
191 664
628 882
336 140
294 454
177 869
721 32
879 276
818 692
453 867
821 208
274 648
359 793
277 896
789 902
826 343
4 320
768 840
726 133
174 903
267 998
388 688
78 526
643 274
613 713
229 871
931 1
205 324
221 687
651 688
722 395
735 254
456 39
567 890
981 330
659 434
579 649
521 611
891 850
403 138
187 175
653 221
64 637
954 683
680 403
513 165
149 819
478 7
787 0
116 681
897 963
458 164
820 848
163 718
532 658
220 58
692 823
759 54
91 728
712 720
840 463
592 898
798 66
626 864
422 108
92 382
536 804
301 917
109 759
174 183
79 438
629 895
548 395
721 179
250 455
852 252
50 690
550 742
282 717
305 932
369 543
255 92
570 476
610 241
927 593
646 774
921 430
171 408
754 457
635 357
779 304
692 164
274 240
375 542
908 728
507 833
212 690
514 708
270 674
927 896
506 369
179 484
29 559
411 218
91 207
287 508
432 99
276 260
115 111
610 507
578 402
790 763
358 164
295 54
336 753
596 91
324 379
927 316
819 426
570 557
296 769
580 900
60 103
799 788
26 834
325 139
165 916
989 902
827 402
416 212
147 140
181 427
21 79
848 712
731 351
149 905
894 911
551 161
99 573
139 1
332 200
924 905
992 942
544 941
885 245
948 439
452 8
762 143
679 179
744 396
164 350
707 219
548 441
397 960
769 757
219 799
544 667
33 370
85 954
192 261
591 203
135 257
190 793
295 639
468 978
886 72
166 506
946 404
326 620
88 965
138 663
976 155
636 548
799 617
913 459
881 436
259 322
301 711
309 701
711 217
881 13
371 200
333 800
921 425
648 223
989 782
458 390
273 405
363 864
827 396
796 178
643 990
104 323
230 423
999 128
707 787
249 624
963 488
205 857
258 449
842 316
10 834
972 414
337 254
359 518
738 660
700 725
904 139
743 473
307 965
702 923
372 849
255 637
440 137
191 948
315 164
341 528
790 982
949 271
742 845
513 225
969 980
195 795
667 426
685 604
116 494
87 462
585 546
306 241
524 908
148 153
497 921
206 788
183 702
723 364
489 446
746 569
491 684
717 826
330 910
525 142
916 473
476 879
290 306
916 346
594 95
464 196
848 476
41 79
694 916
14 345
932 100
77 311
742 103
651 589
8 981
979 338
551 361
441 801
898 982
855 830
43 13
591 579
77 101
514 985
324 972
692 389
299 257
969 172
455 530
91 654
171 328
48 805
897 79
334 190
425 174
723 522
213 375
402 738
616 394
280 355
856 793
728 488
270 11
260 701
746 50
45 757
826 362
327 474
115 512
443 313
343 763
708 630
417 601
90 862
999 696
811 437
457 994
683 726
177 648
176 461
423 284
584 470
671 23
970 565
775 658
398 608
253 995
322 999
962 946
139 567
581 66
301 403
694 248
492 918
417 871
641 249
731 159
747 18
686 960
251 3
159 845
205 397
315 321
90 573
513 221
797 748
57 599
464 427
215 534
303 396
106 73
475 494
376 243
477 439
536 585
956 601
299 581
775 355
773 531
792 702
70 876
330 374
825 103
211 148
293 164
953 372
322 538
128 355
232 413
949 298
119 335
64 905
497 685
383 976
930 357
268 131
446 349
251 27
340 707
790 387
385 370
22 944
653 7
257 822
596 655
820 54
999 284
947 489
610 372
827 868
530 32
182 376
989 403
741 928
979 603
536 965
532 821
392 723
461 894
263 195
94 698
989 461
515 251
652 655
84 685
620 716
90 276
512 403
912 574
350 401
364 868
1 532
188 995
379 142
802 915
471 900
914 220
341 364
174 430
819 50
559 411
852 174
180 109
855 800
580 145
431 778
905 229
632 82
884 639
897 636
452 72
336 386
450 410
182 934
154 578
404 932
679 63
343 443
865 163
177 560
878 473
896 445
53 503
11 317
296 817
529 499
286 239
384 270
212 33
659 414
764 998
717 740
689 948
724 186
721 889
178 496
321 561
613 261
608 572
578 258
16 692
580 36
396 316
153 886
153 483
784 875
447 115
274 565
594 80
7 789
439 954
650 35
819 569
781 774
372 752
800 552
757 303
247 55
124 787
816 476
474 927
340 523
69 443
297 49
148 610
442 338
296 198
617 470
363 746
119 472
611 949
296 652
146 976
55 934
448 583
947 330
976 123
986 840
538 899
194 426
215 340
781 628
627 497
588 607
479 241
590 204
690 249
957 528
736 927
685 535
602 561
331 834
925 207
871 271
981 925
770 961
431 638
779 713
607 649
806 695
22 503
497 194
980 509
408 839
445 373
226 24
317 828
595 573
61 7
174 201
390 22
26 563
421 785
324 677
685 379
799 86
93 403
347 885
484 501
993 941
724 869
652 101
274 126
774 265
156 555
999 822
115 417
536 837
229 230
330 629
190 889
3 244
995 338
802 743
45 234
52 310
775 246
592 401
373 750
430 408
570 511
843 972
421 257
982 301
415 810
160 202
129 128
845 57
260 222
839 659
991 957
60 638
163 435
74 790
119 268
925 171
100 291
678 732
644 775
300 528
544 709
397 655
259 653
477 5
647 709
339 929
249 789
590 598
791 914
677 820
349 261
502 804
887 108
629 494
343 595
673 354
630 645
179 477
837 422
511 315
490 496
993 380
425 477
913 930
70 766
570 267
698 463
670 995
111 507
888 820
251 650
71 64
171 66
563 684
763 831
209 766
423 113
529 849
667 187
574 737
477 675
43 988
263 259
669 285
836 816
14 837
294 648
312 365
401 398
404 200
933 139
778 217
911 530
924 182
516 913
979 25
456 788
170 210
823 535
682 609
137 888
923 906
102 919
474 36
185 785
858 295
940 488
738 10
304 936
803 869
291 689
297 437
41 530
691 210
988 161
228 288
106 620
508 28
663 700
791 38
348 85
738 995
845 345
180 555
11 961
26 125
598 443
190 299
392 995
735 459
754 727
405 703
389 374
82 636
852 381
959 487
405 159
368 129
822 703
37 785
393 781
444 252
752 16
726 299
885 841
38 892
383 826
849 107
682 570
833 247
187 529
114 262
26 767
587 137
959 818
711 750
910 959
338 980
368 390
509 736
743 897
913 299
305 919
879 913
235 963
813 678
784 122
454 545
317 423
671 187
483 470
537 263
27 379
281 425
154 433
929 244
839 389
664 885
163 643
623 962
551 636
901 328
155 839
22 65
832 359
755 393
275 429
712 236
148 394
897 852
346 475
126 26
555 373
509 898
369 233
827 995
515 563
762 246
105 195
225 713
388 400
338 351
635 128
532 813
63 312
677 407
472 532
165 246
540 190
418 83
869 311
714 330
236 882
849 274
559 510
614 912
757 258
395 895
310 290
42 689
716 71
180 889
818 398
193 990
814 682
686 280
335 915
190 168
252 80
139 575
359 905
435 464
807 209
791 252
314 5
585 601
450 72
762 904
76 343
948 820
28 96
278 808
419 149
594 383
873 660
655 23
872 100
823 447
326 938
592 110
208 896
603 283
593 893
843 738
901 288
269 560
380 291
354 165
159 87
852 12
706 350
756 892
211 900
467 162
339 649
439 880
883 623
259 580
989 538
839 444
713 850
521 383
518 366
650 590
551 515
269 431
99 479
353 38
183 159
621 224
528 529
895 284
659 110
579 123
189 217
258 316
907 64
540 950
384 418
972 242
706 310
599 216
732 235
824 70
970 668
699 937
257 274
942 461
244 348
216 139
876 435
120 773
538 723
436 91
638 295
353 496
392 644
24 698
2 490
240 391
661 326
408 975
764 767
44 807
536 600
85 199
685 421
346 749
866 600
160 887
506 248
903 577
832 826
714 290
207 359
720 927
537 384
435 105
903 75
641 353
382 642
904 517
371 784
311 768
275 216
815 317
376 299
866 631
290 151
413 630
469 165
8 744
395 371
922 805
808 999
332 471
501 253
718 220
552 792
638 811
933 705
676 582
509 493
448 816
373 354
44 977
711 102
650 657
368 359
111 590
52 546
742 820
444 541
539 450
46 683
621 491
723 665
884 603
804 427
165 122
750 568
824 212
904 4
353 817
513 629
960 504
591 981
409 544
624 48
965 377
922 799
622 367
635 710
68 797
508 405
744 591
958 156
465 244
113 990
556 520
415 544
266 475
665 523
691 938
567 72
140 908
233 834
784 302
333 615
774 982
151 518
817 406
685 555
260 281
685 964
551 886
388 29
867 590
194 501
455 899
473 620
913 833
597 919
662 799
211 968
961 56
601 57
90 877
358 836
551 587
515 385
288 759
936 887
929 10
819 456
533 537
15 134
562 33
1 970
344 374
685 652
649 750
892 184
909 929
431 950
211 220
780 972
251 652
65 2
103 168
847 724
200 699
851 365
366 361
808 123
334 634
460 340
834 354
640 440
114 293
467 218
141 392
63 410
86 580
151 152
946 307
777 155
468 573
214 224
396 534
101 508
358 488
121 196
574 794
912 746
258 810
64 615
910 999
717 23
283 698
464 915
652 40
553 829
518 875
229 253
61 206
329 485
501 42
921 883
826 737
440 871
135 564
44 838
60 738
781 83
481 662
5 39
422 673
40 30
873 783
792 253
783 530
357 935
193 307
526 262
193 526
478 817
764 583
718 600
282 475
231 936
84 728
551 622
193 74
125 707
107 452
561 901
897 104
362 186
159 805
721 184
288 483
768 836
336 395
310 607
586 403
159 665
103 888
232 241
699 458
80 716
273 230
394 905
717 116
276 469
216 219
6 715
330 372
954 119
121 262
862 910
974 942
437 407
352 24
220 533
984 325
150 575
348 911
358 787
353 417
786 337
720 284
452 25
632 215
408 845
379 289
632 985
844 513
469 255
955 804
725 796
158 284
57 887
971 124
753 101
302 565
501 998
986 115
551 56
667 190
338 315
336 193
780 578
134 315
655 667
93 100
549 905
101 673
430 712
429 714
35 185
368 711
965 165
449 701
688 314
744 204
664 108
663 719
459 805
939 976
94 552
775 128
358 869
153 399
670 771
93 61
496 593
751 296
838 431
909 894
408 237
56 150
552 820
428 842
772 485
584 95
588 824
153 274
740 54
711 987
358 636
404 213
769 612
545 419
636 93
882 886
551 441
262 762
605 229
555 795
810 785
787 269
788 790
236 939
563 586
261 286
654 51
305 867
927 657
366 995
861 919
509 111
883 866
816 748
82 313
300 657
221 41
549 825
379 248
297 561
472 428
192 405
276 46
466 927
22 360
566 759
494 974
939 304
729 485
344 627
416 829
23 35
108 195
274 434
495 865
635 401
549 193
865 455
905 176
725 589
274 300
238 227
526 254
98 322
514 769
992 134
162 362
735 514
737 624
270 943
626 971
674 471
582 381
6 36
113 123
784 459
431 517
485 746
246 250
521 656
914 284
495 648
831 318
912 887
24 327
561 601
678 737
148 745
896 128
844 854
966 333
372 2
766 460
463 809
477 662
446 173
746 254
37 702
934 178
288 784
812 138
280 135
212 64
259 17
628 368
505 859
45 882
135 659
474 389
372 216
689 871
901 652
581 760
75 891
422 461
469 710
303 543
275 276
506 434
44 206
187 255
843 592
594 87
271 181
673 380
169 317
866 960
934 44
289 809
102 69
822 643
656 275
552 547
48 696
769 861
5 326
768 488
242 113
97 492
973 262
400 13
368 376
258 935
508 849
276 95
879 956
976 952
698 807
149 922
248 785
440 907
709 626
121 685
715 477
879 661
220 735
405 173
746 702
316 194
881 587
214 852
470 505
280 118
831 833
637 916
411 373
82 929
861 989
135 584
459 522
364 303
736 629
203 239
772 881
432 374
73 722
307 871
239 168
846 122
81 299
281 400
162 234
997 680
31 337
764 753
829 461
265 326
969 58
333 26
557 993
959 214
961 759
996 542
420 179
174 676
786 158
527 903
844 463
506 682
759 518
887 94
840 610
695 673
592 135
860 66
833 79
370 829
223 217
897 208
835 760
200 827
311 498
40 184
52 649
481 357
675 313
730 910
706 721
684 408
329 876
788 621
590 932
341 965
389 558
545 444
687 887
250 952
642 797
902 887
967 928
168 967
31 322
535 127
937 516
499 932
300 891
670 437
234 131
671 347
778 57
882 319
862 193
575 538
996 150
452 272
952 663
539 506
643 523
697 106
448 643
467 308
849 721
150 551
647 901
608 37
226 137
671 144
31 867
592 866
271 820
232 324
479 505
997 56
285 284
305 211
469 990
538 694
705 346
592 53
250 603
256 30
753 36
110 407
716 849
545 800
480 779
165 364
784 183
514 141
528 744
655 915
139 47
13 435
602 476
840 333
839 728
980 746
938 188
889 730
184 836
85 149
739 403
905 882
420 136
548 737
341 337
469 800
252 93
488 295
983 890
512 782
457 269
516 535
673 796
240 229
496 262
129 614
315 471
687 982
529 285
793 871
97 805
429 801
215 197
274 391
853 272
576 562
548 99
640 378
566 564
398 66
199 104
67 786
691 89
512 893
392 911
759 295
996 785
127 884
241 619
95 834
104 771
825 811
697 672
567 938
117 216
514 605
696 755
209 693
745 13
189 20
861 947
827 291
633 53
171 359
784 489
849 739
165 587
899 530
456 493
359 42
601 791
456 999
630 420
463 349
368 813
913 737
289 98
877 434
845 518
4 933
837 17
859 234
409 593
857 985
982 705
838 339
704 225
380 610
684 759
235 412
872 697
661 93
81 42
480 633
186 697
991 732
660 773
803 91
794 409
765 163
128 7
702 905
681 936
88 120
419 366
23 213
953 675
755 22
809 374
911 165
402 558
640 708
476 828
886 44
618 85
652 938
821 28
178 286
587 912
282 183
591 866
225 629
471 852
956 566
283 8
86 910
708 489
633 278
158 283
482 993
151 209
427 714
691 18
977 497
448 815
752 579
213 887
582 604
135 413
629 842
9 906
111 482
546 783
420 849
597 813
569 810
646 181
677 566
262 109
203 343
288 306
153 702
815 686
802 760
901 343
457 299
602 319
492 169
509 722
447 521
128 392
97 162
260 606
347 4
80 691
316 803
333 791
697 195
404 271
630 650
241 870
140 960
539 474
678 407
460 918
244 161
500 563
594 711
48 390
390 227
443 615
622 316
379 948
340 239
726 379
518 175
768 587
450 113
224 790
113 33
987 16
732 734
525 54
278 176
452 446
269 20
280 699
198 42
592 174
962 916
706 262
332 34
497 751
41 379
610 636
972 902
333 284
746 196
135 94
131 423
792 939
183 637
659 830
526 36
343 463
395 38
402 746
893 232
438 852
277 972
800 187
520 789
708 101
658 266
909 280
320 685
706 870
745 274
369 236
59 314
912 503
851 328
593 606
991 588
475 894
798 669
712 406
613 471
962 153
228 159
233 838
779 581
139 37
682 434
144 213
341 885
695 409
878 118
583 598
619 318
917 24
302 383
764 615
135 931
877 887
756 188
646 648
912 73
873 92
690 305
228 80
146 886
510 626
420 79
123 403
567 504
661 943
416 580
479 46
410 960
313 936
521 279
45 971
751 580
786 464
679 195
625 80
485 222
397 937
390 60
446 75
849 269
97 808
402 669
446 320
831 474
535 423
58 16
383 523
120 261
957 404
342 178
114 146
157 418
594 746
185 49
441 398
7 379
475 996
204 339
887 446
496 528
890 335
84 493
569 674
504 358
655 631
223 42
112 62
707 254
101 840
349 621
441 974
745 227
115 300
195 213
93 74
465 877
426 158
995 12
764 53
739 452
703 614
726 168
984 329
790 119
674 195
17 674
459 125
851 653
620 566
346 244
510 249
709 562
26 445
910 311
870 130
952 686
682 445
328 122
655 530
701 836
578 691
510 481
474 128
542 585
962 494
209 371
266 736
248 89
713 682
758 620
37 246
238 841
767 288
592 784
703 285
103 207
653 17
623 247
410 134
710 87
112 199
868 260
131 129
420 143
750 339
714 602
811 169
959 601
746 43
248 261
381 250
791 580
216 30
113 573
391 809
395 383
549 704
369 470
122 375
720 865
392 720
574 490
118 458
357 602
510 319
667 620
756 95
34 856
414 663
912 468
666 926
222 576
999 847
841 574
631 669
898 600
125 860
63 821
957 752
947 752
184 320
33 531
73 804
868 923
976 960
983 267
848 919
898 159
162 171
228 29
849 734
284 399
11 634
977 513
77 694
693 560
862 483
903 920
748 234
195 759
315 909
163 317
682 752
518 166
457 183
473 159
596 437
593 639
869 196
925 997
545 332
283 13
912 442
378 445
777 923
458 256
615 372
734 652
405 689
204 388
423 940
828 112
41 148
892 363
253 468
492 340
637 17
964 127
682 284
340 702
292 358
506 467
690 734
939 352
263 984
168 901
29 941
85 928
625 663
577 299
727 215
603 308
522 418
514 76
429 580
759 367
545 739
304 175
971 436
694 278
553 740
513 19
512 912
226 9
3 471
636 928
606 444
896 239
569 337
679 335
853 503
381 536
542 233
815 332
123 304
55 827
424 67
751 790
625 391
993 940
937 781
182 133
821 342
96 173
967 107
414 869
774 496
294 946
429 992
939 577
99 205
918 330
205 285
276 831
869 302
186 817
212 857
594 432
243 506
283 878
773 278
855 929
510 437
156 925
469 870
255 406
119 314
949 582
71 364
791 795
527 100
625 66
73 564
109 457
167 973
845 953
730 137
65 476
256 380
565 604
231 197
247 892
366 576
842 682
443 843
107 341
581 160
564 626
105 611
378 620
474 762
857 13
610 221
645 890
881 0
204 960
128 752
247 272
46 409
499 824
583 101
843 202
764 947
31 762
222 416
726 748
288 552
971 267
353 96
210 120
401 355
808 979
48 518
512 217
645 855
779 195
511 317
970 93
714 317
529 214
377 618
571 320
346 353
320 215
940 333
740 825
686 122
48 442
214 706
91 499
346 407
750 720
568 477
625 539
989 493
780 982
91 945
23 211
294 385
664 685
469 421
272 861
354 802
891 185
338 805
900 849
445 668
214 67
994 486
89 867
47 313
396 567
89 615
313 400
720 751
143 214
723 31
39 906
771 702
523 809
416 518
488 551
665 356
346 686
690 94
224 158
309 43
426 145
643 135
737 82
340 839
207 361
284 512
782 228
769 243
806 327
593 834
895 236
956 203
321 282
609 759
114 378
351 435
966 929
305 342
727 959
254 861
316 72
745 321
240 377
994 988
630 277
963 568
186 693
855 360
310 895
262 540
489 125
26 197
641 215
622 151
824 630
891 640
936 101
160 904
536 217
632 228
311 134
680 874
554 191
359 623
715 853
286 548
356 100
997 213
592 10
346 354
83 373
632 140
984 381
535 446
502 551
500 318
26 596
340 100
440 414
35 274
877 964
554 575
400 649
942 673
411 412
460 700
757 906
110 221
620 642
503 473
665 106
478 968
700 995
424 649
878 266
169 523
36 89
979 32
570 255
523 405
836 109
464 609
567 154
889 552
571 492
626 197
123 277
616 13
806 168
939 340
313 300
248 521
835 378
374 644
555 82
247 614
843 53
205 460
723 24
567 482
968 208
42 129
118 41
928 654
437 240
519 920
235 456
34 119
414 227
846 420
654 897
181 274
748 668
226 942
91 314
361 912
254 747
547 401
0 472
620 19
775 895
452 544
897 760
569 411
139 852
441 525
757 135
893 394
601 449
471 494
819 297
568 220
359 940
422 527
632 721
938 219
126 741
15 962
864 978
57 853
111 574
68 844
107 21
146 926
599 230
473 522
994 592
386 971
867 817
428 323
732 367
808 455
823 189
232 980
400 891
23 997
594 782
631 272
679 797
210 8
728 750
621 275
931 304
409 507
642 85
531 283
30 140
867 242
357 951
450 375
26 733
798 219
585 383
438 688
625 558
559 149
995 68
474 516
827 741
165 63
377 444
540 682
835 169
707 392
159 889
479 759
727 677
105 440
455 106
479 751
778 501
92 762
158 785
828 227
755 187
706 722
287 564
802 185
10 810
629 989
156 315
385 476
338 217
116 180
157 294
229 689
701 816
517 321
824 690
88 246
116 955
613 116
4 34
949 926
583 300
195 321
685 630
947 362
280 418
201 802
975 950
308 576
2 300
689 303
154 199
950 948
448 645
787 886
699 80
940 292
343 66
768 450
259 771
643 131
41 47
894 396
428 207
603 91
135 83
408 543
612 958
583 172
357 582
328 640
372 284
386 847
760 505
7 795
955 266
565 359
484 512
78 474
460 703
416 287
224 567
658 17
107 757
942 602
625 930
938 511
172 560
875 417
930 322
341 937
620 272
171 269
343 954
450 618
778 741
14 791
540 990
772 733
516 973
252 448
719 496
70 358
1 22
960 224
934 698
892 883
759 53
487 722
25 944
409 712
269 656
452 458
715 954
221 795
610 65
141 92
889 666
341 838
325 289
865 877
997 724
206 172
63 948
622 491
688 166
307 705
614 162
350 673
671 874
451 126
900 483
313 219
990 484
568 595
358 50
952 396
602 519
195 901
555 949
897 322
687 399
618 841
267 438
216 420
168 596
580 969
972 770
572 604
673 864
396 785
663 228
155 749
289 492
443 316
807 583
652 113
145 15
134 967
946 789
799 740
993 472
569 164
804 917
604 134
989 316
965 254
928 436
752 47
800 237
209 291
319 275
357 723
701 842
633 989
584 320
339 798
443 361
753 680
988 940
152 498
975 997
107 918
820 943
584 860
57 671
216 996
795 378
529 108
263 966
586 189
550 150
367 863
98 645
807 838
736 907
590 750
745 984
219 836
502 378
261 385
265 267
596 260
40 328
917 420
135 342
698 66
252 77
929 818
753 218
870 346
877 74
191 186
318 5
970 400
685 758
19 327
565 551
465 968
88 75
897 621
51 357
342 615
64 469
957 968
570 920
917 40
123 686
127 893
742 389
971 339
444 851
887 196
319 106
438 360
550 880
147 504
308 800
899 456
204 543
691 545
933 937
315 817
936 372
428 767
645 412
296 48
157 657
138 798
807 176
726 750
713 762
607 938
825 447
201 4
631 564
990 866
486 887
835 249
334 500
979 343
989 755
891 218
306 605
561 657
65 519
531 65
280 614
540 616
327 366
302 381
617 532
581 119
225 690
728 251
148 186
241 19
15 30
164 410
207 115
437 875
274 527
113 22
288 300
247 467
566 559
172 616
231 242
798 187
601 750
50 763
693 264
161 64
506 243
579 623
597 231
11 509
780 658
750 27
745 85
779 442
188 168
780 680
930 139
921 268
710 898
263 567
225 94
30 989
633 42
143 512
177 324
536 293
914 55
112 314
425 621
768 815
563 576
588 299
199 965
862 190
180 81
199 365
379 441
92 913
848 481
568 871
907 385
335 539
939 497
194 92
169 500
676 307
576 621
219 762
168 102
261 925
554 650
307 491
451 238
271 957
559 374
769 789
300 175
525 540
678 866
121 481
471 898
350 942
230 774
934 37
933 202
133 937
935 146
13 990
229 736
439 795
436 372
89 458
306 166
490 500
616 425
249 520
389 187
176 754
708 261
575 783
75 265
847 714
829 28
65 448
522 799
651 960
855 744
398 682
835 754
606 720
768 418
913 801
249 152
523 707
944 551
190 535
542 516
342 623
160 355
693 936
524 957
52 498
643 242
437 777
484 175
547 60
967 239
641 919
547 553
524 880
742 285
988 587
321 594
655 711
156 204
73 384
640 142
780 700
130 121
283 42
601 763
137 32
285 85
770 76
416 510
580 931
326 917
937 916
110 137
868 86
608 921
346 841
302 353
919 814
891 47
227 646
415 679
338 781
400 640
115 292
460 46
583 945
591 62
697 436
172 271
992 617
101 473
770 85
953 545
611 410
375 815
137 111
185 946
177 279
598 479
397 602
734 920
351 643
844 94
590 340
275 570
310 605
674 911
937 753
548 843
797 981
793 286
997 450
705 227
68 243
254 269
674 254
759 894
77 750
232 773
951 863
356 944
550 304
676 880
264 807
501 940
28 532
619 169
747 433
639 356
771 68
208 164
549 45
389 255
114 96
907 985
991 863
869 563
784 104
628 90
734 45
305 151
611 194
193 318
163 877
308 370
691 312
971 946
387 750
462 455
859 862
42 140
772 550
106 577
690 713
117 391
261 247
139 606
919 191
956 76
555 23
97 764
619 671
976 747
443 990
338 709
921 940
852 35
553 121
365 706
333 125
965 536
159 473
322 73
88 371
155 195
126 719
170 8
843 107
272 228
894 709
289 190
334 259
22 606
170 125
225 200
361 39
0 452
769 369
139 174
870 958
883 275
968 497
608 207
754 32
443 71
679 22
149 881
231 429
47 283
746 99
165 378
508 59
413 402
111 25
743 761
523 145
112 564
863 23
679 776
648 452
321 473
56 51
139 422
770 477
449 26
972 132
605 721
307 899
269 1
170 678
247 244
588 520
328 494
623 459
664 818
647 419
510 528
774 581
253 220
831 266
962 138
298 22
441 240
528 337
96 414
419 860
410 210
162 386
98 694
426 544
173 695
476 816
983 947
984 768
955 754
895 831
756 381
858 130
186 454
104 879
52 947
219 527
657 813
712 553
80 940
495 22
269 493
100 575
374 597
273 61
74 986
581 675
581 934
955 664
349 717
74 300
739 358
888 773
489 941
217 478
267 485
859 732
227 817
552 453
636 490
262 818
123 627
263 331
974 709
938 936
903 401
362 364
296 152
544 727
53 125
123 805
425 421
315 401
190 209
49 104
320 45
296 889
543 387
197 388
921 774
286 879
823 210
761 286
872 896
789 912
214 724
883 283
533 223
675 844
307 651
192 20
573 180
826 509
503 737
284 277
433 52
504 938
463 936
494 214
722 31
229 980
345 469
380 713
982 63
236 454
905 417
80 161
570 308
791 481
674 515
402 885
632 542
197 192
824 902
574 548
597 62
892 682
943 159
181 251
208 301
865 79
392 352
471 796
496 29
285 142
218 345
329 237
745 43
316 56
343 826
425 181
619 680
635 940
213 120
434 252
749 485
935 956
604 136
952 859
7 605
807 998
285 509
147 441
769 857
62 484
209 444
275 430
565 164
363 901
568 973
658 553
472 762
930 548
92 861
980 732
728 161
773 470
351 192
478 573
504 42
608 406
125 896
299 735
163 250
845 792
173 603
334 542
389 962
843 98
122 152
673 35
956 603
1 282
887 198
731 971
676 202
285 398
95 363
994 29
997 583
353 908
902 180
813 540
993 588
982 352
864 338
644 652
131 786
193 503
64 800
260 960
505 130
695 839
942 364
672 444
353 170
626 55
14 661
823 951
72 583
231 803
14 141
911 655
541 993
233 973
875 457
615 28
641 825
450 553
857 793
369 294
542 422
576 465
89 593
567 23
325 620
792 57
749 636
680 226
33 494
147 306
718 993
888 980
817 626
352 265
914 875
263 433
827 905
591 728
946 552
470 945
304 854
57 547
134 633
657 398
549 286
838 264
86 791
850 966
173 937
943 156
119 885
573 483
380 280
745 198
769 83
109 709
551 151
347 509
717 460
717 198
603 391
746 308
551 310
223 670
898 298
846 271
649 677
468 964
139 971
844 173
84 814
438 136
604 637
432 67
926 210
306 933
261 384
584 173
642 734
125 93
712 857
949 424
96 964
302 427
956 932
747 549
107 864
966 448
544 21
609 883
670 964
831 483
114 154
594 48
597 979
303 579
501 365
592 767
582 532
196 769
339 724
228 465
690 600
139 533
721 689
821 430
431 263
826 687
778 367
238 44
300 206
617 85
142 738
672 853
96 955
662 53
755 910
657 421
888 634
930 539
74 406
823 879
116 156
876 218
244 788
94 258
133 330
921 931
176 634
190 625
574 74
791 286
644 97
458 662
53 667
820 977
757 442
776 265
32 381
259 756
704 269
0 863
693 356
479 133
850 453
504 757
242 593
706 916
221 114
714 528
269 724
175 348
638 861
51 117
8 185
460 538
575 342
399 688
69 497
978 789
113 999
487 19
975 357
331 276
19 551
754 372
900 913
684 925
479 117
132 89
281 826
985 834
553 251
344 723
862 409
710 541
383 845
188 648
732 836
918 56
882 208
410 686
838 343
455 579
463 976
444 251
259 258
129 879
805 558
63 829
757 728
675 872
345 584
568 305
152 999
708 307
75 428
577 722
385 290
393 891
710 605
193 123
425 225
262 454
467 658
840 784
790 914
681 258
916 31
238 591
974 931
662 442
413 692
562 105
270 441
670 224
971 106
404 184
160 529
137 229
172 897
523 485
886 305
637 331
540 765
18 308
355 241
280 564
717 842
462 46
225 474
990 72
488 471
888 769
325 871
419 92
838 358
676 139
563 119
382 761
40 397
312 10
488 771
648 129
688 303
541 545
910 996
760 751
400 157
381 545
586 734
492 468
406 12
158 619
207 417
920 185
456 587
206 485
768 465
439 673
134 196
536 958
586 431
540 767
401 184
905 438
0 137
617 728
852 669
960 609
237 110
385 260
183 305
445 280
76 46
579 262
552 383
837 381
219 820
971 190
952 91
232 595
33 204
508 30
72 161
65 913
389 143
838 477
151 797
405 516
622 893
438 146
601 440
879 151
50 126
271 901
768 440
553 825
257 659
989 62
939 35
227 715
287 304
308 161
57 823
410 213
615 172
789 489
741 621
751 893
461 532
746 304
633 586
815 824
774 21
102 603
319 454
774 873
40 214
843 936
360 485
688 538
89 79
711 862
996 521
268 255
676 660
840 706
893 16
458 268
914 9
868 552
865 391
487 818
97 729
594 632
27 264
637 382
295 368
89 880
850 65
449 724
527 678
834 272
100 675
297 0
526 859
797 800
355 700
765 880
258 308
5 17
389 597
337 348
448 566
886 280
379 470
475 799
194 830
326 726
579 283
277 539
968 565
895 827
740 44
175 54
813 800
40 549
118 722
668 305
119 703
710 556
361 158
407 136
735 217
947 257
728 213
844 984
165 513
259 745
890 494
469 781
933 172
243 363
132 324
237 10
950 222
693 637
227 29
10 121
565 956
517 687
695 185
50 376
443 326
734 121
247 523
386 731
276 744
934 601
685 48
111 18
84 889
145 966
840 390
383 311
70 647
789 963
226 357
543 207
344 363
13 906
208 698
451 321
400 396
535 786
105 116
987 955
201 887
778 717
79 680
227 500
660 840
629 638
297 247
509 5
20 916
640 765
154 466
714 780
623 578
239 184
803 4
602 28
504 360
861 373
229 416
656 897
525 802
90 812
708 13
628 689
136 927
641 794
876 141
137 204
805 799
537 265
649 460
238 625
760 755
886 51
532 108
869 166
415 523
853 705
400 366
917 950
329 985
661 966
918 230
422 739
247 651
843 568
870 856
412 324
541 239
969 243
875 713
712 60
849 338
91 937
781 814
296 764
50 484
148 593
256 14
981 606
870 654
850 367
816 780
323 149
851 527
22 887
771 115
239 397
187 738
943 799
334 948
317 154
881 331
565 302
825 937
185 770
660 126
709 529
346 550
538 732
422 845
251 415
760 694
789 457
200 6
532 806
622 93
784 650
634 729
936 621
492 120
20 578
385 118
19 370
264 441
150 583
757 397
8 959
641 96
758 679
279 207
4 384
910 748
15 412
171 373
3 502
633 679
533 310
656 94
224 295
225 64
411 701
539 783
137 909
666 262
352 981
942 334
297 413
485 269
192 857
4 986
232 202
23 756
26 284
491 233
771 236
765 551
525 315
775 605
209 823
518 470
440 797
898 662
308 227
157 10
199 355
542 914
637 491
347 458
203 905
228 346
887 441
265 86
185 707
114 776
906 227
730 349
813 694
86 749
382 818
421 981
37 932
178 6
145 844
835 548
907 692
739 692
457 194
539 649
180 451
721 329
72 592
111 211
653 410
152 622
789 684
4 630
638 517
35 505
647 573
204 278
940 131
608 724
846 243
806 63
121 739
156 244
137 501
975 580
785 545
110 626
313 688
257 739
134 995
22 162
4 913
354 782
790 141
637 327
179 296
303 48
646 458
755 743
371 797
138 871
416 192
4 323
198 616
580 256
687 986
168 897
449 619
849 19
659 664
675 718
292 503
506 464
448 374
645 60
298 500
945 857
186 337
575 224
421 428
0 497
99 557
620 614
524 654
441 569
901 620
542 859
779 773
897 88
625 970
998 347
343 806
160 38
278 365
427 364
817 130
676 180
841 351
63 183
628 508
520 30
509 160
183 499
924 398
138 914
303 373
640 483
356 642
633 0
867 111
959 993
878 614
941 291
898 551
719 749
976 820
124 161
801 25
869 560
156 656
706 266
929 944
326 392
699 313
416 403
610 71
202 356
914 633
342 183
696 947
102 363
491 245
642 430
319 639
456 73
132 304
11 794
586 486
459 551
293 668
414 502
756 782
856 741
205 252
119 262
958 79
556 991
129 148
747 120
644 453
172 4
18 657
737 640
821 762
882 474
269 991
792 321
748 138
376 91
634 892
159 458
283 90
986 976
404 836
925 427
455 336
127 217
831 973
766 699
579 804
377 626
822 560
528 714
226 998
142 657
378 480
993 634
173 901
179 426
424 454
67 521
764 246
118 550
784 941
278 590
953 790
170 401
715 723
304 208
969 325
423 15
30 788
823 102
953 936
388 700
544 150
606 776
911 351
953 482
166 387
991 428
663 955
557 121
639 781
670 520
449 245
175 444
808 706
29 47
102 556
780 831
828 510
797 34
814 576
470 592
944 461
319 854
315 447
764 95
818 258
713 276
953 181
80 974
34 629
162 120
258 171
98 921
610 310
563 188
838 360
19 36
953 799
485 33
143 99
396 610
752 627
244 975
517 241
211 605
356 64
779 948
115 399
893 674
382 49
475 666
14 340
656 395
654 633
630 199
165 847
156 415
613 664
369 579
826 282
910 984
123 748
744 787
677 21
828 797
318 430
426 787
628 911
29 218
698 13
967 122
193 516
54 431
847 21
900 524
56 934
283 359
36 639
55 79
377 798
320 470
22 454
623 301
432 462
263 394
288 481
430 584
272 30
181 773
957 684
811 127
880 398
178 714
20 724
806 763
201 944
922 942
341 908
572 852
672 619
773 646
931 160
553 662
468 911
131 662
502 295
686 298
782 839
839 155
908 788
225 655
647 869
416 209
948 540
669 15
831 604
8 673
606 651
23 992
291 997
614 998
590 3
841 411
560 895
690 649
421 464
176 146
414 231
251 491
625 443
890 66
327 313
885 155
759 354
582 391
34 844
605 224
249 469
105 172
204 914
427 874
222 93
739 185
672 409
551 873
151 124
458 867
302 718
556 266
355 191
388 377
888 26
394 62
703 211
25 747
306 493
448 55
942 748
99 622
610 183
37 809
676 790
730 874
484 182
975 180
494 947
890 935
650 227
853 638
769 846
84 999
77 513
138 391
111 95
752 611
79 389
431 214
470 304
124 389
810 675
951 818
85 391
202 468
964 179
180 134
707 29
534 912
538 614
396 10
461 696
505 228
957 905
590 959
666 390
872 567
296 91
476 624
529 20
149 567
211 331
995 757
15 294
794 985
329 287
73 514
212 954
162 383
132 645
43 342
335 721
383 155
537 943
49 186
376 421
840 488
590 679
822 13
952 938
167 214
405 181
919 95
8 869
19 991
638 393
728 331
641 158
219 721
550 194
766 98
891 84
700 415
700 401
714 727
614 639
0 954
23 687
739 890
644 21
299 725
502 557
585 103
697 841
844 945
17 22
436 553
561 333
292 93
594 275
380 628
505 856
661 187
233 891
588 518
322 865
556 860
745 946
32 981
370 660
493 453
999 865
346 701
553 826
113 935
338 407
146 283
871 83
464 824
468 257
838 666
134 878
928 670
669 237
557 169
995 525
564 400
427 569
671 452
817 246
767 973
671 349
360 834
20 117
488 520
693 561
580 441
706 456
496 538
231 897
886 74
32 338
226 951
428 107
840 962
785 267
59 815
0 749
467 340
889 896
394 273
82 486
66 894
311 57
224 944
534 299
754 193
367 388
857 337
255 812
452 202
798 974
530 419
110 300
10 484
279 755
673 226
665 641
321 148
454 298
887 536
437 428
412 9
232 519
866 511
557 797
23 13
703 272
354 127
172 5
829 873
865 642
417 474
886 845
423 612
992 556
753 241
518 137
79 549
909 558
813 825
126 168
110 731
776 224
63 367
432 642
540 39
64 101
793 972
708 827
613 279
44 258
337 581
591 807
163 331
241 302
450 38
859 388
768 318
439 112
931 413
211 390
138 654
603 937
395 812
493 131
110 549
576 754
262 68
578 928
570 341
714 583
932 53
875 508
308 637
200 411
719 377
863 465
473 671
72 686
276 957
599 343
395 597
13 946
150 483
746 658
278 991
273 234
557 788
559 681
786 353
969 441
426 39
315 735
236 356
522 105
871 569
475 935
257 663
658 454
674 771
43 969
960 511
109 185
483 38
1 345
721 206
290 988
385 137
28 132
346 25
406 991
836 318
674 275
624 858
241 238
411 884
169 75
335 322
546 870
170 948
718 62
120 359
375 260
922 523
914 996
971 498
951 175
645 227
465 993
34 651
726 763
500 364
162 250
712 257
220 488
756 478
347 572
719 386
445 458
938 746
77 927
591 681
905 441
693 700
876 658
351 570
412 944
939 623
869 174
810 740
281 204
303 116
244 253
487 834
770 980
327 971
814 560
805 83
913 222
786 263
610 537
277 977
289 679
98 118
534 568
761 748
951 28
768 689
115 866
125 139
558 244
194 913
869 741
664 105
280 728
18 471
303 313
929 156
898 289
142 193
280 754
697 644
705 897
969 268
585 279
469 969
233 17
202 201
750 357
920 6
180 819
873 180
528 110
174 470
709 929
399 531
41 628
368 871
878 428
742 5
416 407
140 30
411 985
427 595
304 142
935 861
89 194
348 544
377 759
817 486
346 308
74 604
989 945
389 556
915 443
427 588
678 434
407 173
148 316
745 656
527 534
520 307
576 57
871 870
210 617
158 113
89 998
571 344
976 841
343 212
397 831
505 443
240 597
948 217
156 767
46 937
908 271
443 173
135 348
559 210
796 303
689 952
287 849
608 957
577 740
883 481
485 376
319 519
70 654
133 378
348 72
216 649
819 830
171 435
672 674
403 344
630 476
956 74
577 707
533 483
172 111
286 176
438 547
239 341
766 835
42 862
105 898
203 154
106 495
749 758
861 469
251 205
797 356
747 517
524 35
269 572
294 100
683 733
559 767
901 211
501 395
294 634
507 43
617 75
977 526
463 574
334 493
853 247
194 969
320 450
441 483
355 138
518 923
202 925
933 483
754 704
527 629
893 21
974 328
403 583
795 787
879 976
63 91
308 34
889 944
239 588
386 644
393 224
482 973
819 549
466 894
215 294
834 361
156 101
827 116
945 956
919 361
933 82
163 518
219 600
72 912
665 940
605 279
362 718
677 79
417 960
867 359
889 956
936 266
617 757
125 744
364 886
638 342
490 512
123 796
905 235
476 397
855 114
311 225
162 318
358 460
405 496
543 247
59 352
44 166
119 881
55 323
782 837
785 439
878 395
889 754
430 46
937 830
388 930
119 867
725 130
70 251
947 732
377 21
398 70
326 434
247 360
188 566
299 407
579 417
293 376
58 375
973 627
911 296
932 628
884 903
34 810
829 477
868 263
203 77
223 146
710 522
825 324
914 708
592 140
723 920
985 714
467 543
57 568
594 958
886 662
270 209
574 282
152 725
851 333
838 920
299 779
800 966
346 54
500 864
380 500
463 360
592 12
634 290
139 914
68 8
495 326
313 48
158 920
617 314
984 966
86 401
234 928
429 207
693 182
199 801
69 129
39 783
885 851
403 695
706 487
322 156
421 983
296 990
597 355
305 22
553 459
469 227
147 148
350 597
371 449
860 298
184 763
75 479
42 986
956 653
340 858
650 701
580 100
455 153
401 244
654 158
831 300
765 348
585 484
252 957
378 17
779 474
455 830
209 95
737 813
843 80
664 236
874 550
87 546
424 689
672 161
560 763
471 902
74 129
793 306
468 106
459 412
166 275
908 779
953 149
504 288
347 633
649 441
718 335
232 845
282 149
119 996
300 796
55 69
920 288
931 524
429 922
381 797
540 587
751 452
907 925
38 851
264 966
608 983
927 144
691 565
546 240
622 684
525 311
227 347
455 766
270 987
643 751
210 242
711 60
188 0
230 583
749 935
255 464
245 656
18 218
234 924
671 739
702 678
400 472
886 765
89 6
728 394
714 523
275 985
73 614
749 246
14 553
592 318
219 60
724 556
514 997
849 43
722 273
402 222
609 625
130 978
904 614
218 682
135 873
630 821
757 731
634 635
754 428
873 427
70 758
26 798
595 49
276 896
587 251
150 303
957 578
478 961
883 311
476 493
517 921
283 551
