1000 5980 3000
23 23 15 24 9 19 17 7 9 14 24 15 19 19 8 23 6 6 13 12 11 5 15 16 20 11 22 7 15 15 15 22 9 5 16 11 17 11 10 14 20 23 10 22 11 9 10 7 17 25 21 11 5 21 9 25 12 11 21 10 15 5 14 5 10 25 13 24 18 15 12 8 16 15 11 23 13 11 18 19 24 6 24 11 23 19 5 19 5 5 22 25 13 22 12 20 9 22 22 9 13 17 15 13 11 22 21 21 10 23 9 8 15 22 14 18 21 18 7 22 5 11 22 9 24 25 18 24 5 24 17 10 5 14 17 21 5 17 6 16 6 16 17 22 18 23 17 8 14 21 6 14 22 10 9 11 25 25 5 5 21 24 14 17 20 21 15 19 24 15 20 20 23 22 20 8 15 19 11 10 22 10 10 15 7 18 25 22 10 10 17 8 15 19 6 21 21 23 21 21 15 12 16 18 11 10 21 17 13 19 14 6 14 17 18 10 17 24 20 18 24 10 13 20 9 18 20 11 5 7 19 16 5 6 23 11 11 13 23 22 22 23 24 23 16 22 8 14 13 24 6 22 20 11 13 9 17 16 22 13 12 20 12 22 9 5 8 12 15 22 9 8 9 13 11 10 23 13 14 7 18 22 16 5 18 14 16 20 17 12 9 15 25 17 11 20 24 6 10 10 19 14 7 17 21 22 13 9 19 12 25 5 11 5 17 22 17 24 8 15 7 22 15 13 15 18 23 10 9 17 14 14 17 21 16 23 15 17 15 18 11 5 15 11 9 14 23 9 12 6 24 12 14 24 10 20 15 24 15 14 15 24 12 13 14 22 21 22 25 7 20 20 15 25 5 14 8 7 20 21 23 5 20 25 23 25 19 16 23 18 7 22 5 21 5 22 11 16 11 14 17 8 19 14 20 23 15 5 24 14 23 22 22 23 12 17 6 14 19 11 17 17 21 8 16 24 21 11 8 9 22 24 19 24 7 19 9 15 18 23 24 19 21 18 16 20 21 8 25 13 19 23 15 23 11 14 10 7 19 20 7 9 7 16 7 14 12 5 13 10 14 10 17 22 22 13 20 6 14 18 5 9 17 6 12 23 23 13 10 19 6 21 5 14 24 18 19 5 8 13 12 22 21 23 13 6 19 21 5 21 8 20 16 20 19 13 11 9 15 17 20 23 23 14 24 24 15 19 23 10 6 10 8 13 13 12 9 22 17 6 24 5 15 11 22 16 19 11 25 22 24 21 10 23 6 13 14 12 19 15 11 9 20 22 9 17 17 16 24 15 13 15 18 8 5 19 8 7 25 12 13 12 25 6 10 9 19 12 14 13 20 15 15 7 23 18 16 16 10 20 19 16 24 15 15 13 22 24 24 5 16 20 22 10 5 20 24 17 9 19 21 19 10 14 14 12 15 18 25 24 25 20 11 21 18 8 22 22 18 25 25 7 18 17 24 13 7 12 17 16 19 15 18 24 19 11 22 10 7 23 15 8 17 18 12 16 22 22 10 20 22 5 18 24 12 15 12 6 21 11 15 12 9 10 6 10 16 25 12 25 16 11 18 11 19 22 9 18 11 9 5 10 24 24 19 12 17 17 17 21 11 7 14 7 5 8 19 16 23 15 10 5 8 24 13 7 9 21 22 9 17 11 7 9 15 18 17 17 16 8 9 10 18 11 22 21 21 9 18 5 23 20 11 15 24 23 16 24 9 5 11 5 9 16 24 22 6 9 24 14 8 16 5 20 13 20 5 15 14 20 25 16 15 19 20 10 5 14 5 24 6 5 11 9 15 20 9 22 24 24 17 10 13 14 6 22 16 14 23 22 5 22 18 5 8 24 20 6 21 13 25 23 8 6 13 18 5 19 14 12 6 10 11 9 15 22 9 8 25 16 6 15 13 11 11 18 7 9 21 10 23 20 23 15 16 11 10 6 25 11 12 17 17 20 25 20 11 23 8 5 11 18 9 15 25 8 10 23 5 16 22 8 25 21 8 11 15 20 22 7 10 15 16 23 14 24 19 9 18 21 12 12 13 25 22 14 11 20 21 11 16 22 18 15 13 25 25 13 22 13 21 21 16 15 7 10 18 20 5 22 22 23 16 18 11 8 23 7 13 23 13 11 7 20 16 17 15 14 11 20 8 15 9 9 13 20 21 23 7 7 17 23 9 18 18 24 13 13 9 11 8 23 18 12 16 23 22 8 8 13 12 11 18 16 7 5 21 18 21 17 24 9 12 15 7 11 10 23 21 23
3 10 14 7 4 5 4 5 4 8 6 5 6 3 3 11 10 15 3 3 20 8 4 3 6 10 13 3 15 13 10 20 12 20 8 7 17 10 12 17 4 5 6 17 17 16 14 17 17 3 8 15 20 12 13 8 16 19 20 10 4 17 9 8 3 19 12 19 14 3 12 13 7 20 12 18 19 15 11 9 9 3 10 20 4 4 13 5 17 6 3 15 15 17 15 17 6 4 10 10 20 9 7 20 13 11 6 16 16 15 5 17 11 19 19 7 15 15 19 3 11 18 12 3 8 8 7 13 12 4 16 20 7 12 6 9 10 5 6 19 12 7 18 11 16 3 16 17 5 4 20 13 11 11 16 12 20 6 20 15 17 18 17 3 13 14 11 6 3 9 15 18 3 20 6 17 5 6 10 3 11 11 10 16 4 4 15 9 16 4 14 19 18 4 6 4 11 3 9 13 4 17 4 4 7 17 6 8 11 10 11 5 18 12 8 19 13 6 12 10 15 7 10 11 5 3 18 3 3 4 20 9 9 3 7 19 15 18 5 17 18 6 12 10 10 20 4 8 5 11 8 19 6 8 14 11 3 17 10 3 9 8 6 9 19 6 4 10 19 16 6 6 20 6 3 9 17 20 16 8 19 13 7 14 13 17 4 20 6 17 12 7 17 4 19 12 5 9 9 14 18 18 18 12 11 5 13 16 14 18 17 15 20 19 9 11 10 18 5 15 17 9 14 16 15 20 8 6 7 19 15 10 18 15 15 13 4 17 9 3 16 10 7 4 4 5 15 5 17 5 6 5 20 7 15 9 5 4 12 11 11 10 3 7 5 16 12 4 10 10 3 20 4 19 17 4 20 12 18 6 14 14 12 18 11 7 14 10 18 5 4 8 3 16 20 4 4 12 15 9 5 8 5 7 19 7 13 3 18 4 8 7 11 14 18 20 7 17 13 12 17 18 3 9 18 6 11 4 12 16 5 14 15 12 20 13 19 15 8 12 8 12 5 15 7 18 6 13 9 14 12 7 15 7 12 15 5 4 17 17 8 11 16 12 18 12 4 5 20 16 15 19 6 18 13 7 3 15 10 13 8 5 8 9 12 15 18 18 11 20 19 18 3 6 6 19 9 3 18 6 3 4 17 4 3 4 15 15 9 12 5 15 15 15 10 19 20 11 13 12 9 13 5 17 18 11 20 3 15 19 13 19 9 6 16 7 14 16 5 9 10 7 6 17 18 4 10 13 20 10 10 12 7 11 5 15 16 12 15 16 8 17 4 17 17 13 9 12 9 4 19 4 5 16 17 15 8 19 6 3 11 9 14 10 16 18 3 19 10 3 11 4 14 20 4 12 9 18 12 19 10 18 15 12 20 18 7 12 19 5 8 3 9 4 4 3 10 16 8 17 16 13 13 8 13 14 9 16 15 6 13 7 10 16 11 6 14 12 6 3 17 16 15 7 20 10 5 20 11 6 8 7 5 14 16 11 16 14 10 10 15 15 15 14 11 13 3 12 18 9 17 20 18 14 4 5 16 8 15 17 18 9 10 4 20 17 16 12 16 20 4 8 6 9 20 6 18 11 10 16 8 11 10 9 18 14 5 19 4 15 3 18 17 4 20 13 3 11 18 4 11 8 12 4 16 11 9 11 5 15 6 8 3 17 8 5 3 17 8 12 5 20 18 20 11 15 17 20 13 17 11 20 12 12 7 16 17 17 16 9 6 17 13 15 12 16 14 3 13 16 14 17 4 9 10 9 6 8 7 14 20 8 7 18 17 19 14 9 13 8 4 12 8 19 8 14 3 14 6 5 4 6 15 12 17 11 12 17 15 12 11 8 14 8 14 8 13 3 17 5 20 13 18 20 10 11 7 4 18 8 15 12 10 11 5 14 9 5 8 3 6 15 20 11 14 12 10 14 10 6 18 10 11 13 14 12 3 3 4 7 11 7 7 7 16 8 7 16 9 4 14 18 20 20 18 7 9 19 9 20 14 8 20 18 8 3 17 20 19 9 14 5 18 5 16 19 10 19 18 5 6 11 4 10 13 4 20 19 17 18 5 6 18 18 11 6 11 3 19 5 15 20 15 7 6 5 3 19 6 9 16 16 14 13 7 6 4 6 13 7 8 14 10 19 17 19 6 17 3 3 17 18 10 11 13 12 8 5 18 7 8 19 15 10 9 5 3 3 13 11 20 4 20 20 8 11 8 20 4 9 11 15 6 18 5 19 20 9 8 10 16 19 15 11 17 3 8 18 11 17
784 780
744 561
350 123
752 223
156 777
0 789
554 697
964 22
279 246
56 550
242 771
39 591
793 974
251 108
579 88
847 669
827 437
588 780
873 532
857 855
685 225
387 153
754 521
889 507
976 928
424 6
611 966
958 914
739 32
856 458
492 582
396 664
155 983
931 662
341 649
412 627
803 891
393 510
69 507
353 141
607 757
368 297
321 432
172 377
977 494
305 971
137 237
247 623
35 423
358 993
281 230
439 454
621 759
285 336
82 154
877 848
874 773
884 434
452 185
212 775
695 157
174 257
310 737
229 660
57 91
32 963
767 301
540 542
626 26
495 504
425 164
597 901
492 754
614 848
130 97
19 892
969 413
365 719
932 858
747 215
289 827
476 483
510 660
881 589
685 958
529 519
208 26
156 562
807 746
149 974
888 953
242 416
124 981
926 72
396 373
765 857
278 326
161 633
554 68
182 331
254 180
702 353
634 642
985 634
792 798
468 411
326 360
201 740
421 796
843 222
89 254
75 357
897 776
96 481
8 117
495 851
57 824
208 859
155 892
307 713
358 232
798 810
222 308
132 895
232 475
514 200
804 925
513 236
160 907
15 319
516 460
468 482
135 920
784 732
411 993
176 591
356 657
256 740
273 410
505 651
741 950
886 1
65 901
470 5
595 174
996 934
85 949
163 443
793 379
436 714
119 244
489 327
546 521
658 226
912 865
559 845
483 500
131 950
321 228
881 148
223 688
463 415
368 718
365 947
40 565
523 661
83 79
868 198
631 74
39 466
288 382
661 16
692 178
345 142
340 378
974 353
121 220
247 393
702 19
374 12
749 644
839 278
262 607
134 875
263 619
606 24
673 779
431 604
734 636
623 178
550 35
955 821
312 31
728 294
172 569
166 137
681 721
457 45
854 450
137 440
747 24
78 619
417 771
974 181
874 530
796 34
946 924
132 572
725 70
991 713
457 35
193 410
516 267
186 417
554 31
729 394
201 843
25 749
389 895
456 212
808 25
785 443
209 94
287 119
465 1
40 133
692 645
985 643
352 721
833 842
847 986
464 457
271 283
532 963
800 69
32 479
634 25
865 676
435 885
14 956
528 145
554 463
209 25
123 37
657 690
14 386
164 500
929 44
758 744
167 815
210 89
312 635
162 325
744 761
719 683
206 619
175 499
61 970
192 150
109 789
120 343
908 935
132 711
631 119
287 588
141 380
190 608
621 385
527 480
493 362
451 863
732 141
450 203
368 931
669 89
775 293
224 782
112 275
110 268
885 939
654 938
737 991
504 446
76 354
158 402
350 586
614 422
87 812
766 663
559 226
15 138
778 822
132 799
659 445
133 627
138 747
347 697
326 927
761 836
601 199
37 217
399 189
119 765
922 394
507 810
459 297
162 381
31 43
575 402
739 12
643 714
583 431
872 217
74 75
968 369
591 553
849 447
663 923
43 700
473 450
321 473
453 595
769 513
873 533
54 975
71 447
523 193
471 560
701 972
893 269
474 816
573 72
494 832
742 319
693 282
653 371
441 434
435 375
488 599
514 562
492 163
527 319
453 36
613 919
17 351
287 879
741 307
283 222
143 484
673 8
929 256
269 265
139 889
102 959
1 488
77 246
484 321
736 68
915 930
616 647
985 123
920 661
717 697
522 841
695 377
513 348
453 288
240 232
752 903
671 339
622 270
780 909
855 78
468 726
162 884
69 89
333 350
244 263
975 495
132 382
776 544
456 267
68 285
268 127
714 234
247 326
658 913
625 640
271 669
7 117
38 296
377 639
88 55
495 649
67 760
524 331
427 351
228 41
157 250
985 749
314 645
332 531
761 708
971 946
711 353
788 24
495 788
886 765
739 767
751 356
62 122
160 60
929 469
832 66
12 436
905 310
83 491
280 896
985 129
669 420
252 860
608 795
693 147
856 933
812 490
421 269
185 280
171 724
763 504
648 865
790 767
597 928
737 735
448 856
478 666
929 642
25 138
366 504
461 853
910 909
622 111
554 448
222 306
993 713
827 941
513 368
630 957
879 605
16 144
204 489
113 420
187 175
157 392
846 48
628 77
427 520
569 311
276 598
580 758
9 669
375 886
441 538
813 692
373 596
942 424
458 717
452 130
3 113
926 962
302 995
650 817
693 735
898 906
242 583
143 843
580 351
533 663
32 545
219 156
169 9
51 764
716 732
779 564
260 322
520 404
144 329
885 384
987 678
780 523
162 202
128 771
772 538
350 473
94 368
128 927
109 981
690 953
820 120
998 234
462 616
244 616
857 797
594 968
676 896
300 830
51 732
560 787
217 770
798 799
189 254
381 442
9 938
966 555
865 29
625 177
424 9
570 792
569 43
834 832
513 363
670 985
1 355
872 95
261 954
496 534
188 927
781 179
189 232
340 460
213 956
953 207
64 436
497 815
699 985
106 885
49 585
603 425
820 415
634 917
134 508
205 258
626 516
169 315
315 514
213 518
118 435
779 631
160 810
524 974
613 100
707 385
357 751
358 313
822 773
327 539
690 206
349 902
242 901
708 89
119 697
546 740
673 144
199 424
332 330
524 610
713 623
169 995
693 802
620 634
3 380
991 708
81 424
867 939
381 814
394 846
949 433
849 129
161 445
134 964
426 285
308 359
112 652
3 762
39 943
165 314
22 789
371 201
543 994
682 303
166 681
283 178
170 723
901 594
386 667
414 176
120 468
417 309
654 249
636 172
736 769
274 481
256 822
712 74
773 939
484 807
492 959
363 293
580 381
269 798
310 739
65 310
804 841
8 271
771 155
617 774
993 746
333 793
169 943
733 124
430 28
386 470
227 516
106 432
93 919
83 774
74 495
369 659
841 818
679 210
923 67
10 710
101 293
689 113
1 430
756 533
769 849
737 552
692 937
131 112
123 901
30 704
42 845
118 792
958 313
928 30
413 946
226 869
988 970
980 360
948 171
216 84
277 143
394 814
642 964
805 239
631 83
202 720
496 956
238 71
496 370
874 316
697 656
306 115
664 920
379 476
913 312
829 486
959 992
940 416
452 461
540 63
447 990
903 83
369 397
61 926
44 960
129 725
516 591
392 528
234 469
283 524
848 323
797 751
515 100
971 803
263 168
852 183
858 796
885 586
762 376
935 689
45 146
916 527
469 146
499 806
779 74
727 274
557 759
372 147
763 373
519 324
363 266
681 179
382 155
957 789
592 623
624 179
276 285
857 423
673 686
339 600
195 729
785 847
934 505
77 774
101 744
394 467
292 484
601 942
932 726
11 471
925 394
557 207
220 236
926 777
640 118
471 262
43 145
707 77
301 613
615 168
215 485
953 204
564 33
478 709
862 685
918 349
832 266
178 784
632 857
822 398
104 962
467 886
641 596
273 65
559 824
973 110
632 85
58 348
508 695
402 76
415 451
591 193
188 124
759 247
802 463
536 519
159 686
128 739
643 222
566 858
506 874
196 255
408 50
366 48
53 360
73 714
360 544
168 892
532 621
630 799
937 91
719 757
285 123
967 99
402 549
340 906
406 962
44 695
498 996
454 125
835 976
419 475
822 46
637 673
91 367
519 466
864 297
33 492
487 28
285 339
276 409
780 989
973 570
629 30
555 527
402 185
41 910
142 549
908 790
939 875
709 13
226 183
713 277
316 649
464 947
424 834
729 185
57 497
584 106
77 924
599 985
368 947
720 479
491 871
312 616
113 812
300 27
98 630
645 685
755 138
141 591
444 812
483 552
236 731
308 631
267 918
756 815
288 207
591 71
861 15
225 706
555 905
805 305
594 316
962 713
836 139
451 623
211 768
308 173
683 518
192 593
913 151
338 337
76 202
467 8
929 605
56 34
457 619
0 947
896 322
417 333
303 533
922 993
288 77
93 917
431 382
79 692
815 924
431 136
350 784
979 649
208 19
788 748
257 981
316 522
823 89
608 508
241 918
805 462
496 795
101 590
832 596
260 306
382 917
456 2
769 917
610 91
367 12
531 609
93 60
698 687
395 494
511 727
158 438
177 474
984 45
540 421
605 468
90 982
230 438
316 733
214 502
383 175
18 106
121 360
837 976
193 912
197 151
147 217
660 175
673 854
187 330
383 72
875 85
603 29
847 953
849 243
420 266
112 890
661 925
22 754
120 529
764 682
544 17
575 629
445 221
346 685
357 31
760 954
669 719
855 844
284 729
525 168
753 91
676 716
537 657
776 9
38 795
10 200
691 90
803 651
314 230
133 799
306 654
991 491
977 450
107 851
666 930
580 821
134 758
965 333
874 867
215 979
660 828
860 74
333 19
95 384
654 871
259 771
157 544
347 157
144 838
744 189
172 771
798 282
454 915
643 221
742 928
867 512
42 317
886 987
848 185
278 33
804 544
930 281
651 783
222 798
945 311
121 29
307 477
577 133
873 708
47 111
450 514
260 891
367 806
790 508
561 130
837 303
516 964
381 993
289 817
741 843
70 621
177 884
688 900
980 733
81 484
409 82
138 651
259 322
804 654
413 224
10 249
546 74
964 317
634 768
873 83
503 385
786 606
993 605
975 402
797 107
838 64
725 629
339 349
213 552
959 599
274 875
512 455
660 625
842 305
467 331
475 706
942 42
562 312
52 634
209 169
173 420
601 719
115 180
662 29
282 890
787 953
757 577
126 54
940 26
767 96
594 939
504 486
220 767
240 239
102 854
142 585
169 604
889 563
750 87
174 398
52 28
962 502
482 286
466 28
465 323
908 683
820 267
710 633
7 158
571 601
476 381
810 81
353 932
598 712
869 832
569 480
771 345
964 1
986 324
923 22
946 520
78 714
864 252
164 307
111 430
468 240
726 777
262 233
450 64
466 968
463 697
311 529
151 31
296 330
629 903
710 646
315 416
2 420
305 516
263 387
471 137
568 491
563 422
730 513
110 939
726 133
945 19
573 842
551 844
584 162
384 371
894 205
539 661
711 355
878 767
963 458
959 930
841 905
789 580
564 194
657 438
289 419
649 13
643 664
997 673
993 266
311 575
3 268
16 578
324 794
735 377
97 154
247 631
239 802
989 767
381 674
47 836
5 218
354 417
793 408
372 878
842 540
225 104
469 861
977 209
920 964
394 67
412 408
744 177
285 665
843 975
827 585
692 982
946 106
273 236
183 728
258 225
357 935
876 966
95 494
998 908
111 185
253 370
299 831
150 978
576 514
834 878
111 11
783 544
745 485
591 770
269 367
688 555
718 220
714 397
802 262
442 760
833 534
538 356
562 492
635 323
399 274
308 748
536 87
273 513
677 357
245 556
15 583
247 704
243 227
413 903
926 187
25 334
612 368
361 936
587 766
799 611
355 553
723 471
940 808
698 824
726 270
731 477
179 314
68 461
480 765
107 629
95 63
362 53
895 383
705 322
586 375
164 284
19 275
867 765
661 814
125 772
525 205
938 677
788 48
809 43
454 537
624 359
795 136
120 547
652 50
213 944
719 197
338 142
108 851
238 11
148 961
586 489
473 104
553 552
864 220
627 687
819 437
843 633
508 522
556 719
696 795
153 188
732 622
63 499
862 835
647 25
108 974
76 808
301 416
75 773
128 13
809 929
155 858
781 173
518 967
790 554
471 675
627 682
48 341
858 729
646 919
520 208
376 197
838 470
549 324
604 27
811 160
559 256
103 505
705 655
429 955
366 169
200 570
389 801
720 876
249 656
131 417
568 218
210 499
276 45
177 505
407 83
784 167
672 575
591 518
796 40
733 466
692 177
621 720
932 210
498 340
110 190
732 38
292 198
831 185
898 644
817 316
395 382
657 156
518 290
621 946
2 650
120 73
542 787
176 832
272 547
3 708
353 575
309 62
514 613
394 14
553 458
653 926
73 276
532 182
503 912
809 823
813 587
334 919
248 277
358 443
680 246
626 374
554 85
777 837
330 657
889 982
552 174
654 919
123 873
720 994
890 104
322 27
914 149
483 390
184 495
176 273
501 780
731 220
297 372
437 971
803 572
944 741
267 887
323 514
809 670
445 665
803 491
579 227
218 680
269 405
305 624
1 819
55 747
833 556
404 996
643 732
976 913
377 950
356 109
342 199
620 182
139 93
178 184
103 380
541 507
680 457
619 357
3 863
968 583
562 582
174 464
637 740
773 215
560 800
121 875
959 245
599 111
236 839
365 423
644 699
47 865
734 555
826 734
27 304
248 671
852 678
311 135
365 236
976 386
767 557
970 820
569 155
217 510
238 949
735 385
461 712
8 496
580 895
319 146
814 484
578 360
950 985
692 53
803 952
705 317
997 454
412 892
102 118
519 993
290 364
420 945
931 301
922 457
862 401
763 723
316 815
64 91
642 474
846 324
814 869
865 368
802 118
553 995
886 910
871 436
952 683
515 83
186 700
423 628
407 879
341 748
337 68
994 299
341 503
992 284
969 965
394 851
346 411
426 663
106 320
227 712
982 85
960 148
667 789
369 14
906 504
256 290
777 580
350 724
344 586
364 339
775 750
828 288
319 87
674 577
656 741
574 906
628 196
952 497
734 905
986 660
808 624
695 648
388 142
679 545
189 873
617 124
78 392
345 375
136 679
905 997
761 217
700 682
623 830
402 762
720 253
596 391
769 766
90 892
508 303
420 245
345 720
355 366
607 948
45 248
647 881
296 243
434 894
832 663
737 197
83 721
253 339
237 956
945 931
484 729
918 166
558 298
175 343
879 16
361 112
810 356
147 546
628 560
439 538
206 365
702 396
887 557
635 848
157 51
770 173
240 665
461 532
510 889
342 478
894 812
634 275
884 279
697 569
806 976
606 29
883 285
597 109
365 249
887 343
579 476
236 328
276 246
318 641
451 276
805 534
709 98
999 112
227 335
383 155
26 413
283 374
816 177
384 430
208 681
706 797
656 929
235 141
877 806
174 557
509 755
958 735
33 333
847 996
563 799
143 145
571 471
837 4
798 476
270 536
969 924
628 931
447 42
369 816
25 642
592 474
364 456
611 812
90 742
298 732
103 326
935 573
335 882
766 639
350 673
893 550
735 988
306 797
498 146
60 931
495 26
798 381
277 691
6 138
988 341
36 756
567 549
792 434
874 632
217 650
255 175
27 545
789 150
738 452
849 288
255 836
802 391
550 232
943 627
539 160
262 639
162 924
780 174
361 96
485 923
77 71
976 714
640 700
131 929
495 624
151 340
395 310
514 546
214 147
544 843
221 350
370 509
508 231
590 370
655 41
888 693
595 875
102 939
948 58
284 311
8 462
328 834
603 242
970 923
225 738
891 540
461 675
757 371
28 918
678 793
892 0
813 865
861 90
713 966
502 955
723 201
837 226
887 657
135 444
304 527
936 383
324 738
440 673
440 237
698 73
903 128
165 874
210 215
219 418
36 258
111 115
747 463
362 774
203 770
742 502
463 74
727 304
527 110
538 460
591 592
981 726
714 517
370 689
284 245
831 638
423 386
153 955
329 814
299 839
12 424
938 364
650 180
185 122
300 631
661 767
846 813
264 807
691 726
649 396
506 543
914 32
482 754
171 355
408 892
264 16
480 859
403 318
62 795
155 8
930 574
469 731
630 886
999 262
347 200
623 773
649 716
375 399
260 885
503 711
482 353
551 340
308 455
194 168
686 774
617 511
4 623
711 511
664 543
620 216
149 927
804 634
113 513
464 965
34 335
95 343
719 180
511 237
578 185
434 504
838 594
876 618
915 184
872 972
204 760
590 450
307 87
440 571
224 697
225 237
867 931
93 196
708 155
530 299
370 490
879 804
236 876
934 658
898 370
106 810
937 99
123 717
755 984
982 30
74 903
838 659
330 590
905 514
107 102
354 720
340 621
960 140
677 77
296 18
338 809
277 849
821 777
629 526
386 464
746 87
687 473
912 548
286 251
41 71
138 307
251 258
511 370
305 823
426 249
383 218
242 12
935 741
146 730
991 697
444 980
331 586
438 660
671 460
200 304
925 719
792 210
998 358
180 276
104 755
249 611
575 260
55 102
562 480
488 197
324 72
764 482
766 85
3 784
267 907
634 213
88 686
795 673
833 304
30 688
235 165
342 718
199 878
507 701
340 457
536 251
307 781
771 224
968 704
120 910
111 283
552 417
154 462
665 219
650 624
16 252
225 571
22 169
506 501
636 386
145 121
848 670
526 662
23 611
24 665
561 742
914 879
121 362
160 981
453 914
494 569
594 45
991 185
508 403
905 834
795 658
961 647
734 76
277 405
453 255
501 326
752 599
286 270
581 214
943 584
526 683
681 68
187 710
649 696
623 298
747 191
131 277
759 204
354 352
991 876
32 735
492 946
540 650
296 206
35 151
763 789
598 502
198 303
304 691
574 422
892 78
639 733
903 628
562 189
92 519
566 161
806 526
473 659
83 514
113 761
858 777
74 933
219 446
830 374
934 130
225 182
688 659
430 10
929 870
260 107
904 927
487 547
298 223
200 536
83 889
343 298
934 819
126 511
773 784
91 713
308 640
613 916
915 290
993 598
260 387
449 877
408 238
824 72
553 476
64 183
113 271
875 255
810 715
156 420
505 493
278 27
346 741
19 237
939 432
49 982
996 105
859 990
679 827
212 187
998 822
631 452
645 24
572 514
923 427
421 172
561 362
424 448
874 105
803 336
589 420
147 353
965 719
781 955
950 988
85 960
659 938
199 655
364 220
616 756
454 225
696 284
211 450
403 288
616 761
167 491
497 170
474 870
686 168
754 949
433 446
327 204
546 900
352 808
448 978
683 798
820 430
603 448
857 554
160 32
376 735
127 413
595 150
801 188
779 608
839 122
670 367
965 950
10 504
274 752
768 400
889 918
904 617
702 500
247 244
526 765
274 780
679 776
496 489
802 443
588 641
201 390
913 481
512 960
902 724
489 902
232 349
217 158
303 221
847 941
125 948
22 871
813 829
812 491
56 724
35 266
141 468
237 785
338 523
411 156
298 250
790 717
689 715
205 749
191 297
162 947
795 82
162 646
683 8
862 485
12 831
43 167
920 136
224 511
306 455
819 459
968 702
659 268
33 502
961 681
892 176
477 436
139 134
279 430
13 620
700 66
644 572
826 420
756 838
637 912
915 53
532 144
17 24
266 385
180 743
55 878
29 508
840 810
269 507
512 876
861 106
909 350
364 618
662 785
569 150
644 605
746 259
796 822
712 233
543 854
199 93
972 185
32 897
777 544
679 40
456 621
787 583
183 254
880 234
720 766
457 762
15 977
946 803
859 949
389 937
317 703
864 56
739 853
353 519
907 161
329 216
625 510
599 605
21 797
624 34
120 406
305 520
276 525
684 59
843 895
205 366
911 394
405 798
987 503
499 343
72 851
773 204
464 202
898 210
297 236
648 172
967 875
621 571
780 313
340 754
658 83
137 498
840 375
940 251
647 147
687 53
747 863
93 321
44 880
814 304
612 533
133 484
476 935
628 813
569 831
621 212
412 778
952 787
304 389
977 71
872 540
77 21
64 777
882 838
806 996
426 620
406 73
741 441
962 704
630 706
843 992
941 825
159 943
644 53
427 118
67 132
522 468
973 118
942 480
432 628
955 546
418 951
628 420
510 58
404 263
21 924
624 731
690 851
923 501
935 950
250 660
472 331
532 986
753 774
796 962
850 255
955 412
716 274
240 331
697 431
777 479
908 468
175 650
717 738
34 866
658 824
253 152
519 173
584 612
701 845
208 161
852 170
902 324
248 266
476 90
753 549
741 900
489 674
448 822
949 853
542 234
2 654
272 524
344 22
140 542
327 925
313 244
281 142
756 981
418 282
743 859
284 985
888 732
615 551
867 46
189 451
202 48
201 177
915 891
541 378
447 82
574 152
859 306
949 275
78 997
413 560
758 974
934 884
13 131
750 496
999 347
577 253
292 879
570 132
341 435
714 503
695 665
575 558
543 674
722 683
67 644
270 89
459 802
111 674
280 90
295 25
120 852
83 317
50 628
659 545
960 251
847 205
13 142
625 409
978 55
833 623
108 214
52 172
708 383
35 16
193 305
664 707
950 605
327 316
457 673
188 612
778 149
16 655
551 528
447 405
808 700
440 186
891 762
423 861
161 210
287 145
868 952
892 464
516 176
271 207
674 482
337 142
404 735
308 778
307 786
565 770
215 300
310 11
377 8
577 34
792 277
951 225
429 234
479 339
787 23
294 843
78 821
916 749
93 514
454 164
135 127
101 572
700 137
512 252
379 249
776 924
604 590
857 466
290 403
614 835
170 744
461 238
395 732
325 597
155 43
963 964
759 184
560 514
720 697
308 669
389 132
990 195
163 404
338 423
43 963
623 475
802 503
205 519
333 431
533 531
458 239
99 75
724 681
61 679
319 493
584 148
728 268
836 455
305 343
227 976
305 805
815 847
944 163
110 252
847 312
477 970
225 410
53 583
201 486
154 31
715 297
98 606
674 202
894 362
764 473
226 705
703 411
495 916
442 909
704 288
534 527
990 844
202 534
483 444
348 996
259 673
507 379
38 185
977 949
380 591
571 463
291 802
609 822
277 572
11 714
150 650
539 772
823 906
485 272
716 58
966 275
874 378
366 631
391 250
545 992
708 480
735 456
44 760
211 339
451 800
410 761
826 587
311 20
482 208
110 485
939 395
93 694
775 719
692 29
0 957
209 606
83 52
273 336
764 78
321 533
972 120
351 965
225 126
744 493
989 765
643 245
410 283
761 89
713 791
493 358
695 101
46 720
844 252
753 65
490 842
790 829
979 586
46 510
125 546
785 236
227 521
929 74
441 742
71 564
351 596
491 749
358 759
562 739
247 793
146 612
683 472
897 523
651 507
669 977
745 387
45 410
711 17
805 927
849 698
136 708
772 493
368 788
75 744
93 909
290 903
241 915
756 755
581 253
270 995
709 711
588 114
991 15
910 386
376 101
630 671
993 908
630 690
697 672
926 117
373 17
950 567
552 382
178 669
550 294
993 375
90 256
569 404
687 563
376 441
781 501
907 775
311 278
468 606
829 496
141 229
757 181
789 902
389 885
790 248
507 560
955 138
726 118
292 638
188 76
231 133
223 835
204 725
480 664
505 141
299 842
838 407
535 897
893 445
969 682
725 786
580 700
584 775
787 269
503 98
519 820
392 819
828 124
794 492
804 151
608 413
308 147
700 787
573 231
970 523
659 707
913 102
524 235
722 666
988 685
775 14
116 878
226 28
640 641
900 454
784 782
244 81
906 519
949 242
284 918
610 350
944 93
682 722
692 398
699 688
178 368
307 771
180 9
923 854
222 280
992 103
706 307
579 526
87 995
904 894
512 909
520 946
75 667
93 636
546 377
574 401
987 462
615 987
299 891
614 107
986 218
344 432
625 615
405 985
733 527
139 555
565 248
415 782
613 999
837 609
729 526
119 810
960 776
690 101
43 331
964 49
15 57
877 911
940 300
525 362
898 414
12 820
625 692
666 241
831 383
731 308
208 619
297 667
171 673
5 118
944 235
780 23
936 427
712 323
271 687
345 949
974 629
347 4
38 511
393 538
268 585
274 758
31 195
615 832
34 363
911 612
853 363
386 51
936 986
949 175
722 637
96 652
924 273
537 779
74 307
325 457
536 879
52 859
47 319
740 904
703 927
908 574
874 652
681 89
174 584
576 57
679 217
105 862
221 603
367 387
236 665
105 284
304 728
42 178
942 939
87 469
742 518
297 954
148 323
497 319
757 168
382 796
646 939
644 818
522 568
859 824
765 580
598 95
152 522
517 958
101 228
98 638
187 911
684 566
282 361
911 835
367 356
949 36
692 273
816 655
173 674
201 902
376 602
434 204
145 837
274 31
636 869
446 885
548 317
826 1
268 635
96 657
383 920
707 370
55 209
144 173
31 783
121 792
654 601
770 818
832 453
7 277
300 181
158 980
845 920
659 491
252 355
322 289
615 448
356 216
34 769
778 713
445 280
794 828
880 759
537 245
507 138
202 452
972 295
9 220
190 175
369 264
891 356
795 904
84 60
343 289
381 35
741 351
931 98
272 879
37 947
166 201
521 60
231 352
976 206
613 115
966 141
584 43
829 327
470 150
383 819
27 274
333 934
460 420
397 855
589 946
250 584
765 295
975 169
724 811
576 835
308 167
193 976
981 564
941 946
377 703
311 28
478 41
278 604
707 78
136 145
730 715
404 872
190 982
476 337
711 73
633 581
224 795
249 612
679 186
173 409
638 537
804 784
650 290
506 775
586 463
649 309
950 243
211 786
152 537
335 152
86 905
380 70
196 835
368 190
870 965
368 244
446 128
399 561
639 542
63 686
72 963
933 846
598 26
483 255
820 264
374 843
765 594
448 408
387 835
835 977
858 706
1 533
772 353
529 585
825 595
239 178
63 756
350 877
209 718
558 355
244 466
32 19
225 479
925 58
476 952
300 4
271 763
807 441
197 727
203 729
553 495
486 993
254 933
25 76
41 3
839 63
319 720
923 36
386 716
541 532
540 980
986 959
935 670
329 881
744 632
648 965
866 422
463 907
423 908
93 690
544 553
771 120
257 847
423 729
245 396
230 867
619 409
552 896
387 887
442 815
350 171
432 27
801 363
615 936
553 799
368 752
813 648
897 2
735 56
758 333
720 531
729 979
808 531
882 541
36 764
982 976
30 970
483 754
885 160
140 316
429 537
527 758
146 360
186 578
594 978
237 423
877 997
819 118
715 586
480 154
424 211
555 278
649 990
585 919
629 387
464 566
678 995
316 489
221 355
103 450
410 308
374 128
363 327
983 133
790 367
281 551
969 668
231 264
606 578
734 700
464 225
311 374
652 516
680 295
627 667
965 700
637 249
448 150
794 858
409 127
879 524
638 697
468 646
351 396
471 38
43 479
494 29
621 458
63 218
826 459
102 141
148 467
837 51
449 376
938 685
144 999
867 629
148 993
659 976
646 347
98 476
393 471
808 818
752 788
950 275
311 554
206 122
76 96
24 475
335 921
981 941
918 338
358 663
889 171
369 999
614 712
22 508
475 370
533 930
847 683
714 152
809 164
346 200
164 346
250 334
962 852
988 250
833 636
429 307
910 757
546 290
303 72
961 354
340 448
221 947
106 54
194 979
164 839
771 933
483 647
242 385
87 516
898 423
203 495
250 819
607 156
468 470
767 40
686 699
278 177
150 574
41 664
279 782
745 811
291 201
934 888
749 299
888 994
35 323
634 969
114 593
341 668
56 65
715 851
453 37
233 758
791 486
248 134
744 534
247 528
803 784
704 859
544 727
900 914
605 102
707 980
830 737
850 599
121 234
813 820
100 716
273 512
68 266
941 880
727 337
764 683
614 36
583 124
981 307
993 216
138 176
32 152
950 841
775 60
663 748
635 77
929 107
124 886
587 530
479 743
852 765
808 751
699 288
162 349
471 103
227 326
999 856
576 581
432 472
252 907
454 587
324 298
5 682
998 395
586 72
950 131
551 483
985 111
730 475
99 39
933 822
226 91
583 814
357 698
367 841
338 388
31 533
781 214
946 553
844 328
343 897
429 75
933 81
443 66
663 728
588 857
685 258
559 194
85 424
586 250
702 96
984 723
150 63
454 524
210 43
508 217
72 117
79 434
243 544
365 20
74 145
563 429
845 565
510 458
82 398
624 232
306 875
388 269
413 635
212 640
509 847
740 490
836 763
36 199
841 727
226 849
796 448
880 284
158 979
852 866
493 997
922 552
62 511
159 666
688 280
272 438
405 300
430 986
661 217
895 676
62 402
753 572
679 640
476 413
526 487
51 301
521 323
38 989
934 640
314 957
365 175
863 347
128 882
890 391
408 46
361 164
182 114
171 983
957 118
861 307
445 202
423 624
2 443
547 311
466 476
116 350
891 155
753 385
593 816
573 526
710 548
830 352
946 65
357 464
754 734
164 779
231 798
90 985
258 516
474 405
873 948
155 512
398 292
361 308
844 154
542 471
786 921
85 849
269 209
563 545
451 572
202 573
687 984
518 718
719 993
79 533
731 840
282 17
450 986
7 948
71 923
445 254
608 825
316 300
248 763
475 631
514 220
273 724
74 49
330 229
570 619
633 570
916 553
67 701
678 326
214 488
92 471
58 557
596 533
534 530
563 288
141 689
314 400
53 731
929 539
648 485
47 45
612 167
780 30
497 832
773 859
290 153
636 279
516 109
827 992
842 838
463 717
0 96
560 802
586 164
470 283
366 974
707 80
532 959
540 963
873 699
260 123
457 983
412 826
682 855
507 396
721 470
632 384
15 360
173 455
293 614
353 785
140 748
790 212
108 458
205 723
248 766
544 716
763 447
616 33
502 277
426 173
914 101
548 880
449 243
114 213
348 939
44 330
471 545
509 715
798 336
444 750
634 896
604 193
215 893
418 590
716 174
315 541
787 305
29 816
670 10
639 321
827 553
420 683
877 521
725 418
781 426
590 923
694 742
580 552
288 694
650 356
758 366
972 828
653 123
507 813
846 664
132 474
173 63
530 524
759 1
314 785
163 640
172 154
789 36
219 597
687 652
551 296
244 402
51 66
481 339
995 557
7 232
460 334
765 432
412 108
157 144
142 67
620 629
383 711
274 806
83 440
48 783
771 62
85 554
442 89
993 741
215 755
462 248
44 188
906 219
719 35
345 687
844 888
804 81
866 934
533 508
764 337
336 920
784 287
183 268
796 972
894 154
912 820
31 485
534 73
490 256
940 58
536 856
981 997
310 683
462 838
306 682
417 46
872 842
890 117
308 80
921 328
736 328
560 596
618 877
4 32
548 826
66 433
499 475
271 517
779 219
388 481
937 396
933 153
165 932
766 753
38 207
554 804
626 631
631 31
22 857
669 492
352 992
4 557
964 573
211 572
50 920
56 914
347 534
252 542
23 994
747 152
607 303
637 373
641 895
271 214
825 637
944 449
941 154
177 696
655 605
122 372
628 558
621 282
862 486
610 613
701 343
898 512
880 523
329 632
249 176
463 725
579 588
388 342
403 353
736 527
857 783
576 440
147 263
281 382
89 524
263 458
802 354
233 659
882 28
708 408
833 794
583 306
173 267
776 266
711 317
86 537
473 72
739 249
782 852
60 71
461 713
324 71
561 366
965 566
345 915
898 61
646 95
80 880
597 970
230 596
380 858
627 1
820 66
339 662
490 931
243 832
690 982
399 672
180 881
294 379
403 986
939 970
990 263
117 222
13 654
255 429
692 447
437 175
333 836
753 763
605 954
659 350
33 861
572 708
917 121
578 234
12 869
270 538
344 987
780 511
930 632
499 890
372 721
346 915
608 205
315 294
441 867
176 804
248 881
681 815
150 967
594 105
448 753
578 834
909 342
104 391
334 811
312 33
642 870
670 543
174 524
31 39
673 466
123 927
812 891
271 254
722 94
421 465
69 413
301 968
379 928
176 630
632 155
762 356
225 919
923 636
634 546
961 822
943 370
312 596
96 129
22 59
608 573
815 868
294 596
710 579
574 467
106 812
650 513
407 400
928 517
369 526
877 585
206 487
933 496
973 130
387 93
671 66
25 397
675 862
466 554
806 384
832 238
7 730
34 930
499 973
731 487
662 30
956 263
887 930
699 319
985 734
963 63
580 781
514 469
387 955
715 262
264 764
2 929
604 301
310 315
936 48
560 994
113 414
467 875
782 169
35 520
364 481
262 406
953 259
139 405
370 719
270 906
359 474
23 516
401 159
990 809
582 440
162 276
237 941
775 184
920 376
409 225
59 736
292 865
857 280
108 67
536 154
97 206
258 89
697 297
490 426
744 804
585 102
927 881
408 628
929 709
808 935
577 569
507 131
848 35
310 846
140 658
357 104
532 902
474 20
434 735
259 342
426 837
370 617
3 104
521 932
537 353
676 196
970 182
703 716
35 474
281 621
7 80
383 448
222 133
561 617
298 488
442 824
135 434
745 966
834 647
889 374
834 260
594 547
342 726
247 687
156 888
497 216
974 166
704 687
362 752
284 444
291 959
358 883
573 665
670 421
252 92
120 661
749 818
214 64
144 425
751 663
282 108
469 684
359 812
937 377
512 656
832 340
929 858
2 623
905 133
949 484
447 139
768 253
439 575
589 338
190 530
82 570
711 296
824 160
593 105
625 277
134 542
746 372
503 83
601 750
918 400
953 236
918 783
446 780
296 967
311 860
487 489
468 89
323 67
890 571
405 519
139 841
978 381
248 676
372 783
909 357
817 52
126 768
708 942
199 488
231 469
777 826
788 858
771 542
989 971
463 18
669 486
868 423
227 421
385 145
693 308
558 669
483 570
768 780
516 631
858 199
909 685
74 821
994 864
78 376
712 727
22 357
780 762
158 983
373 718
977 481
709 983
150 728
785 501
607 618
765 666
584 666
800 850
982 317
245 346
572 432
471 886
216 584
155 722
677 443
753 697
937 124
372 956
18 484
44 289
982 167
962 338
433 264
13 570
701 231
31 458
418 464
734 137
292 581
958 193
12 291
827 444
557 876
654 266
581 434
78 442
260 983
863 964
414 941
781 115
854 87
767 986
359 240
804 551
607 673
361 857
546 114
401 79
241 790
530 522
902 450
210 591
640 774
578 860
567 635
323 528
427 103
2 949
663 540
207 916
739 22
184 789
674 821
273 870
795 960
770 991
721 271
486 359
495 164
603 857
707 244
629 28
102 380
481 132
147 421
713 60
39 619
859 335
382 746
923 240
837 258
523 744
297 693
895 127
946 728
54 877
648 10
711 888
287 705
54 537
469 170
145 154
447 782
78 320
351 95
699 512
840 146
290 865
725 306
81 134
416 641
840 794
949 551
787 969
366 216
514 939
982 146
342 964
66 435
443 649
374 129
690 617
641 617
294 969
910 683
754 499
347 591
189 174
109 635
360 429
516 705
706 781
623 60
275 163
32 731
847 990
488 622
213 682
921 595
839 75
999 389
769 730
388 351
980 589
232 962
538 128
701 798
112 838
510 271
752 720
210 720
981 809
73 728
746 854
199 112
749 888
935 496
602 752
174 384
367 348
401 286
586 693
126 213
24 834
683 23
386 730
874 607
56 786
433 493
985 206
501 107
681 499
843 647
299 1
53 370
727 96
264 724
673 757
463 613
437 60
573 703
253 648
710 683
518 359
100 464
390 102
75 899
525 448
337 47
438 216
509 968
387 122
8 238
315 165
141 713
355 14
886 826
592 164
642 950
762 200
371 791
269 88
431 854
767 388
56 973
839 743
417 27
967 210
448 109
615 471
192 498
259 813
847 214
160 413
517 522
321 951
239 467
752 706
791 739
68 584
947 172
775 555
265 913
989 77
266 687
844 522
97 744
826 754
121 192
94 570
358 56
480 407
894 784
610 154
718 497
225 929
547 654
938 672
770 556
943 273
493 440
164 422
856 540
636 400
662 821
313 566
239 713
624 732
394 259
512 949
49 206
374 150
750 808
125 682
415 993
536 908
49 877
627 264
53 510
30 862
451 315
482 817
621 455
941 236
174 804
628 938
249 475
600 314
0 24
704 21
509 175
339 965
801 32
572 888
413 859
848 593
274 28
424 207
80 250
503 858
649 213
832 69
305 478
137 618
103 785
976 292
203 393
757 820
891 590
791 616
884 926
837 624
457 611
677 174
209 39
543 437
278 78
920 478
361 619
725 691
450 947
467 829
672 118
131 259
196 467
803 616
29 617
612 447
771 418
847 529
348 888
356 439
143 240
311 583
815 370
700 500
190 627
341 849
380 95
556 959
606 698
101 54
125 355
515 396
269 295
850 605
602 218
636 484
761 610
409 514
388 970
368 698
246 642
804 524
574 29
348 900
53 68
134 816
486 41
605 710
668 73
241 943
110 787
701 322
234 626
111 168
858 708
436 879
196 205
511 630
155 923
884 86
595 43
751 631
162 105
55 571
343 248
643 525
768 738
570 52
2 485
762 139
340 124
197 608
317 161
67 688
712 273
745 186
766 373
84 368
985 848
700 993
933 134
431 29
989 86
997 550
464 128
579 996
495 572
964 74
695 513
705 347
433 820
674 394
67 370
750 594
842 802
166 124
580 405
691 118
468 18
58 606
791 905
618 351
394 280
389 466
990 871
38 471
939 840
306 275
352 273
589 704
674 751
926 500
351 966
174 417
260 539
588 426
234 386
318 607
45 571
875 617
933 521
565 16
819 152
2 753
623 563
193 578
451 86
186 234
403 862
497 438
153 288
5 610
905 145
337 401
694 543
925 303
943 446
616 222
723 912
794 426
723 292
3 638
389 468
33 646
105 927
406 182
177 650
313 29
145 757
100 324
850 607
179 751
669 410
40 842
455 149
915 395
80 486
970 612
186 759
824 42
747 107
450 76
487 254
945 350
649 506
290 255
680 946
722 856
132 344
576 816
456 452
896 265
901 945
341 4
388 929
107 210
88 424
774 578
337 742
243 573
409 917
20 911
582 965
577 848
541 224
629 345
766 876
913 910
513 926
793 991
405 188
340 634
953 691
559 458
998 162
670 776
249 976
716 22
341 289
640 761
566 380
934 495
23 974
224 712
304 246
87 416
843 864
871 137
930 447
719 253
313 935
179 329
447 155
242 333
374 892
669 430
175 398
425 641
13 756
916 904
205 163
668 54
198 324
7 569
260 882
865 711
241 811
544 406
603 134
131 928
562 331
942 423
810 61
756 735
542 887
631 747
717 140
575 529
197 998
474 984
542 334
346 464
608 776
107 250
147 805
599 559
786 240
598 500
76 802
719 296
958 589
806 490
280 528
255 564
203 178
729 4
401 359
925 901
312 501
682 226
37 187
931 121
435 226
717 753
16 582
905 982
484 460
246 891
441 691
461 731
856 639
788 199
146 631
829 474
12 687
996 783
688 895
890 499
21 803
846 492
400 737
537 799
628 929
453 115
855 40
156 958
738 687
140 30
376 783
418 865
101 924
36 312
581 583
565 663
19 642
620 807
540 720
567 814
163 975
63 395
391 340
432 775
796 338
620 826
257 19
871 708
781 560
876 614
10 617
192 892
500 81
472 763
409 341
865 97
731 791
367 158
643 311
466 144
412 714
14 807
935 936
724 536
627 629
388 132
903 117
37 77
781 212
570 679
696 445
993 670
732 900
748 715
957 687
356 960
372 247
687 559
854 569
245 112
714 955
631 69
281 828
990 876
439 456
20 957
428 854
158 368
878 820
31 743
247 886
819 832
991 906
120 56
98 12
976 630
438 158
751 355
249 177
99 895
271 635
309 59
900 619
45 469
548 67
88 515
726 779
829 575
817 309
272 465
134 658
830 489
860 662
976 404
821 540
498 15
184 464
743 572
753 379
710 923
367 309
106 460
905 394
536 995
275 465
840 350
231 905
908 528
508 835
918 420
93 847
899 898
277 928
663 219
567 164
158 110
310 598
162 986
158 81
300 957
346 206
58 13
310 287
290 67
382 813
324 614
64 59
255 141
174 514
162 116
826 873
447 931
4 787
529 455
264 21
240 881
555 321
954 238
501 956
814 389
200 168
932 730
209 4
703 160
100 139
737 475
399 388
337 392
794 556
475 556
653 968
862 613
969 58
493 11
219 382
503 567
289 31
329 634
481 875
538 243
272 934
424 237
465 33
604 817
832 414
565 658
949 999
269 496
826 575
57 409
798 97
194 515
753 72
4 607
682 629
678 158
904 758
613 390
937 15
336 972
802 787
490 710
405 784
851 536
400 809
956 317
90 119
668 896
781 587
763 200
566 743
828 86
975 98
888 707
564 866
891 160
871 424
332 385
40 273
627 21
126 481
354 824
558 674
901 315
759 117
524 598
910 414
526 286
356 493
985 546
469 644
50 227
904 213
18 901
402 31
646 917
657 625
219 840
489 581
731 188
304 225
837 33
762 65
687 87
793 136
596 872
758 631
765 782
637 199
577 774
209 701
303 195
25 511
513 240
575 763
387 138
911 670
118 771
988 333
551 111
910 792
964 966
180 694
465 413
388 845
71 473
52 749
79 564
709 308
40 648
389 380
47 321
235 879
109 897
646 253
863 271
655 894
699 560
75 691
857 944
798 987
307 650
672 206
721 65
686 697
749 34
361 726
834 219
948 866
81 519
274 859
832 141
324 646
75 805
505 996
773 480
239 453
326 956
5 217
623 55
997 435
248 220
376 106
791 224
643 460
120 163
64 509
496 999
783 208
739 6
609 602
331 289
998 558
799 38
920 833
575 705
174 638
974 900
842 376
149 565
904 474
933 39
296 117
548 845
828 743
683 547
761 327
432 545
620 50
250 104
153 334
587 887
25 724
383 355
508 257
256 311
980 15
119 329
910 336
976 717
903 578
44 274
924 514
31 574
253 340
220 265
520 514
716 791
428 39
901 229
948 711
360 725
435 770
369 741
144 146
617 636
730 989
221 465
190 161
16 196
829 495
996 455
502 80
524 90
328 485
722 510
340 690
610 83
433 671
146 328
943 874
371 420
780 642
853 156
617 233
719 131
921 482
254 373
372 902
332 292
587 385
274 309
211 125
549 927
170 706
688 883
102 994
413 2
131 37
191 96
24 649
556 644
657 294
228 179
645 778
482 49
654 59
333 146
892 666
508 897
348 402
265 288
811 447
583 605
89 57
0 538
557 348
955 71
923 356
791 370
537 598
42 86
262 895
690 856
973 682
460 538
212 969
650 823
237 652
201 467
125 597
681 231
613 186
347 302
717 425
235 301
335 471
62 990
276 444
854 187
937 265
339 894
999 17
774 568
14 481
786 402
722 70
231 686
968 673
382 756
759 669
617 906
882 881
986 642
712 773
191 629
37 925
591 764
563 735
488 949
112 996
799 763
825 694
870 306
754 337
673 343
132 445
936 408
189 864
511 76
633 988
618 909
15 925
218 275
661 753
933 654
248 711
252 155
119 432
499 155
171 756
777 224
974 978
373 395
986 777
964 364
401 867
875 782
241 901
504 96
760 394
548 889
380 118
9 586
758 418
806 600
227 979
477 851
524 19
720 822
73 810
386 711
714 512
810 648
26 307
261 660
182 428
668 724
409 561
894 65
358 5
35 81
896 994
557 569
972 39
122 928
285 149
305 902
274 126
379 857
236 275
635 831
529 441
136 771
930 538
907 375
874 945
824 290
912 512
445 33
529 571
74 641
86 133
838 168
243 793
680 749
747 523
521 974
16 774
848 361
503 813
708 454
863 743
216 470
165 612
807 656
61 732
635 204
471 621
677 830
640 678
789 722
212 790
307 121
561 4
782 904
936 365
705 620
928 294
993 278
439 860
260 236
966 238
598 297
73 305
379 63
821 157
27 36
299 490
229 134
203 391
105 143
211 294
408 341
94 877
113 23
789 752
635 737
495 156
819 132
641 776
361 126
602 379
85 95
831 51
555 579
727 986
43 178
335 780
483 286
949 495
431 473
280 142
538 808
959 951
358 307
290 949
157 922
914 196
804 396
611 696
583 882
265 966
660 145
897 405
556 905
732 182
525 231
678 91
411 958
431 439
332 853
386 868
223 474
764 14
115 900
311 837
868 101
807 311
372 848
416 423
109 795
834 371
288 938
548 605
680 759
784 867
316 360
824 211
119 260
918 866
920 57
31 320
689 235
361 254
740 585
631 916
491 948
154 333
757 596
774 550
938 10
269 875
311 16
370 918
9 163
387 425
153 380
96 312
339 182
587 997
774 291
760 853
493 165
893 101
362 715
820 993
789 41
384 988
173 846
808 109
843 207
692 941
707 231
532 910
109 380
716 522
953 609
222 696
86 188
755 680
445 69
448 494
370 373
68 50
952 118
811 771
133 977
705 340
437 536
371 292
271 284
501 250
407 405
816 332
920 9
749 981
285 809
117 909
327 887
326 739
130 215
396 757
162 672
788 447
423 136
41 64
359 147
402 212
250 443
393 927
895 90
183 137
40 119
504 542
954 442
263 65
206 444
375 975
737 256
700 719
285 54
249 879
567 228
413 813
139 18
401 682
972 41
951 180
945 354
663 184
763 201
493 306
262 603
784 598
834 963
284 120
445 928
794 566
262 31
149 889
842 164
879 315
305 175
189 477
36 593
185 759
5 178
371 180
104 520
250 491
985 703
708 286
743 880
692 336
831 752
527 802
350 472
454 803
814 959
806 901
528 709
221 720
312 454
785 588
713 503
365 138
16 477
638 139
791 665
597 95
391 372
638 777
690 505
642 397
967 505
315 537
917 292
767 349
844 311
975 817
502 983
379 207
103 238
500 458
356 699
816 916
744 890
886 990
565 457
305 326
383 511
335 150
969 427
578 537
429 267
103 95
70 876
182 698
847 545
289 922
46 464
447 391
877 498
598 993
772 842
269 238
290 975
266 716
134 899
296 379
929 573
905 217
609 909
673 696
205 340
313 451
27 644
748 569
873 934
855 618
141 259
205 905
188 127
904 883
308 221
579 668
486 819
329 827
119 486
57 634
142 87
18 965
90 457
774 677
754 769
53 883
834 23
503 240
113 851
264 266
522 698
989 925
48 897
107 691
761 770
392 998
419 792
293 399
593 850
742 579
502 133
53 7
348 545
977 304
214 595
941 227
269 611
590 703
6 546
125 135
37 93
816 549
777 81
88 705
797 154
522 297
404 78
6 399
503 115
839 245
771 460
703 608
743 899
351 655
980 81
125 307
600 256
972 974
72 953
196 551
608 132
877 896
718 842
946 809
239 302
831 914
298 296
907 320
36 237
378 771
375 887
418 965
263 608
230 528
644 11
253 554
582 48
525 38
14 634
806 681
605 95
286 680
454 754
316 737
124 794
462 82
939 994
234 83
631 22
256 384
50 33
915 7
263 270
523 446
347 894
499 932
958 806
97 519
141 786
629 62
585 114
234 895
207 561
767 189
421 955
472 386
938 983
196 642
476 969
480 665
11 224
264 757
462 979
889 448
711 652
497 945
861 627
665 969
754 473
920 178
928 474
205 616
872 267
348 302
799 852
361 144
53 676
781 554
458 349
174 715
931 792
510 537
106 525
100 121
685 467
718 637
294 551
498 242
695 83
576 759
921 197
86 219
229 159
226 259
882 65
170 139
8 729
206 492
307 178
319 665
601 825
306 824
712 168
392 112
42 787
721 591
208 688
940 63
6 351
913 980
997 650
534 85
215 915
82 322
141 45
138 56
261 632
385 989
444 916
687 937
362 629
129 940
68 665
15 561
573 919
459 412
143 988
727 482
190 301
608 796
766 989
387 795
346 73
638 650
232 738
953 160
808 201
84 357
734 649
938 127
724 630
473 602
520 998
658 695
577 176
847 447
71 651
782 685
725 236
599 767
964 373
841 887
343 162
460 853
889 483
589 699
623 764
500 228
51 869
444 794
498 718
108 54
719 741
54 186
762 319
994 680
371 435
222 602
957 615
607 331
373 652
771 349
691 784
753 580
521 322
69 279
731 959
156 203
702 82
643 28
212 391
953 621
918 430
598 666
462 696
118 851
588 935
651 699
245 624
364 745
612 805
918 586
244 424
605 792
698 948
6 796
107 514
64 624
832 712
957 700
73 26
632 700
640 160
761 460
133 755
92 106
759 166
270 553
476 324
995 795
10 38
652 243
278 81
197 229
354 658
760 800
394 165
688 192
925 863
551 603
98 210
464 597
880 301
609 618
700 426
794 339
496 271
903 323
168 426
456 45
987 550
496 503
197 345
183 668
717 533
600 397
201 508
368 442
799 428
594 753
606 340
377 299
876 924
213 98
667 806
404 944
422 98
606 852
463 624
510 541
880 444
687 597
916 94
556 715
888 350
634 311
527 202
270 811
290 15
362 730
645 828
342 285
9 995
825 237
344 33
850 93
386 286
907 833
305 966
845 256
354 93
88 850
529 249
882 863
515 835
538 382
566 348
847 742
218 35
643 166
425 454
362 271
973 929
679 564
350 606
183 930
701 164
117 248
61 373
396 595
536 344
150 616
162 419
186 318
967 935
749 37
900 635
639 301
758 455
190 618
700 590
879 772
356 255
573 75
878 677
212 541
891 985
683 961
772 797
915 482
698 545
542 593
642 820
700 592
612 620
307 507
141 431
78 909
247 39
932 872
625 120
424 214
559 96
312 827
937 226
426 922
332 870
686 453
506 681
251 804
966 297
286 712
460 529
306 464
970 249
79 569
84 49
748 627
285 212
102 735
717 484
291 937
815 59
701 577
998 756
708 765
49 439
522 108
983 288
558 965
424 587
355 147
947 841
830 473
915 131
441 571
332 344
685 358
8 510
789 474
291 144
619 494
981 24
686 832
323 433
288 269
931 635
770 559
985 502
8 545
905 296
565 351
804 422
269 471
584 489
710 647
830 329
868 719
479 297
830 531
666 669
268 4
223 162
727 225
698 508
197 828
480 563
324 727
720 695
837 768
969 370
107 290
593 322
294 893
830 146
792 885
245 829
499 394
490 697
360 657
350 153
58 826
386 521
317 289
327 323
456 750
893 185
159 807
981 364
321 667
368 32
703 779
803 91
973 71
834 209
608 947
216 965
804 112
851 991
493 540
387 632
15 816
32 240
429 436
492 787
587 975
29 13
844 911
380 939
605 67
169 22
33 977
325 731
825 124
858 908
895 375
402 362
582 100
330 186
361 314
156 50
26 301
36 815
858 323
7 945
17 980
278 317
723 125
743 809
25 893
923 402
930 691
786 518
776 795
238 378
998 503
95 861
860 730
529 80
339 352
667 883
958 524
727 558
50 471
871 269
834 75
665 388
528 623
70 841
908 197
923 507
241 729
936 450
126 943
637 547
734 241
706 180
768 422
317 660
371 428
600 814
199 263
715 145
545 65
798 901
825 465
664 766
756 238
688 604
37 552
656 627
146 893
21 137
457 618
847 123
983 258
493 660
949 801
587 35
609 315
20 716
512 635
295 66
601 606
722 934
446 825
770 130
282 244
163 867
66 959
620 976
794 358
872 271
709 566
97 700
318 525
790 695
722 97
124 942
143 895
410 14
904 73
271 929
866 519
636 376
920 28
188 156
317 634
78 527
145 543
501 230
118 468
348 721
908 870
987 147
993 411
156 962
331 837
176 634
772 574
657 674
158 284
563 379
683 815
163 597
404 534
929 387
587 269
435 26
130 855
869 47
815 791
594 179
882 10
141 572
267 680
234 143
163 20
136 232
564 437
459 385
117 357
967 143
974 562
970 952
744 328
927 595
471 203
999 816
60 541
162 355
969 510
249 733
19 592
714 87
872 693
715 380
423 722
24 883
433 853
996 181
717 713
920 169
137 523
461 323
825 659
973 453
617 277
525 673
317 581
226 269
686 846
132 215
795 4
582 210
200 576
88 173
382 598
689 654
295 846
164 476
248 700
767 184
475 51
724 515
35 749
914 601
261 768
422 632
794 578
997 633
858 555
36 172
309 795
733 809
101 907
882 349
563 579
315 949
537 812
180 65
640 399
156 621
15 722
818 773
199 660
880 485
132 328
757 356
641 998
227 758
404 541
606 597
299 136
990 345
410 34
954 190
67 216
801 663
167 654
665 221
79 957
953 210
542 296
191 696
10 45
412 912
646 672
437 488
201 539
550 641
239 482
717 473
176 884
209 654
928 688
658 494
227 614
331 737
473 982
354 898
360 789
733 602
44 782
289 180
367 531
221 398
397 817
668 715
318 804
958 948
169 670
728 445
439 47
785 876
3 317
945 189
17 730
592 5
106 386
9 187
263 699
614 745
362 854
418 903
434 410
165 247
316 257
347 814
948 506
902 512
441 96
517 5
152 246
515 158
808 132
726 425
618 726
416 346
708 609
513 549
530 91
37 198
942 974
4 121
248 422
694 798
386 443
344 989
757 427
160 313
627 984
661 924
869 572
17 679
839 474
661 380
155 854
315 585
413 221
981 263
930 811
758 310
276 31
240 173
684 926
244 115
663 58
983 112
993 249
294 463
15 902
123 641
649 551
296 144
343 982
697 136
925 855
456 736
404 102
283 361
462 611
924 561
81 790
727 662
955 275
608 150
324 504
733 272
921 918
728 461
94 99
921 230
94 607
528 343
625 420
176 463
18 629
965 684
932 659
961 657
971 248
247 207
220 600
747 87
627 461
497 548
175 974
639 122
970 725
767 350
184 921
261 863
894 314
722 244
139 955
197 522
854 600
201 68
958 21
233 934
285 52
352 355
370 892
146 314
247 495
474 607
933 284
302 763
906 918
189 16
398 693
81 493
114 676
591 992
11 380
600 636
937 824
294 333
824 344
614 259
892 473
50 365
704 496
878 7
717 74
773 998
329 364
608 738
219 558
926 10
403 786
821 888
809 613
931 511
191 205
970 241
804 536
583 151
380 137
634 184
671 119
639 819
931 101
854 596
686 390
799 87
147 109
843 428
411 454
86 985
487 760
3 733
191 771
749 267
92 560
614 252
970 417
372 562
373 617
449 54
618 377
945 872
409 220
882 285
995 366
18 739
396 959
141 640
404 135
259 352
656 107
776 601
952 231
694 148
163 76
173 146
516 112
298 360
816 143
741 33
185 857
351 573
845 29
769 647
766 611
763 327
528 659
510 142
473 689
84 46
94 328
939 705
159 162
62 509
341 528
266 438
937 595
670 700
389 54
743 119
667 92
559 931
294 277
14 644
132 92
386 240
51 10
828 259
850 107
545 609
71 687
612 984
752 864
224 389
255 6
529 254
976 751
958 934
216 35
91 854
129 863
297 422
452 449
699 957
766 368
807 635
308 79
686 492
295 913
526 298
827 325
615 770
202 681
876 811
236 345
651 245
636 816
563 975
729 269
663 505
82 958
603 48
702 307
817 419
200 102
47 314
830 989
940 570
525 73
482 117
674 133
932 879
601 59
407 761
162 53
34 970
404 837
994 855
359 793
49 156
115 77
917 600
525 513
404 966
539 959
345 703
817 827
177 198
364 383
187 811
774 271
963 607
998 240
905 377
816 399
207 954
604 689
63 893
590 97
265 548
835 202
472 795
760 546
543 495
280 179
470 912
155 712
684 688
260 674
195 257
669 491
169 63
738 812
712 379
729 615
399 976
109 358
